"time" "POP.S1" "POP.S2" "POP.S3" "POP.E1" "POP.E2" "POP.E3" "POP.A1" "POP.A2" "POP.A3" "POP.I1" "POP.I2" "POP.I3" "POP.H1" "POP.H2" "POP.H3" "POP.R1" "POP.R2" "POP.R3" "POP.D1" "POP.D2" "POP.D3" "POP.Sv1" "POP.Sv2" "POP.Sv3" "POP.Ev1" "POP.Ev2" "POP.Ev3" "POP.Av1" "POP.Av2" "POP.Av3" "POP.Iv1" "POP.Iv2" "POP.Iv3" "POP.Hv1" "POP.Hv2" "POP.Hv3" "POP.Rv1" "POP.Rv2" "POP.Rv3" "POP.Dv1" "POP.Dv2" "POP.Dv3" "POP.Sw1" "POP.Sw2" "POP.Sw3" "POP.Ew1" "POP.Ew2" "POP.Ew3" "POP.Aw1" "POP.Aw2" "POP.Aw3" "POP.Iw1" "POP.Iw2" "POP.Iw3" "POP.Hw1" "POP.Hw2" "POP.Hw3" "POP.Rw1" "POP.Rw2" "POP.Rw3" "POP.Dw1" "POP.Dw2" "POP.Dw3" "VAX"
"1" 0 8375588.98984994 19390389.8031044 5889017.29389153 138939.689572335 213210.830653627 37818.0125673964 181892.279260003 180937.564618909 20670.2366761431 89588.734560897 230284.173151339 46007.9461501251 249.306756825015 5319.36694017483 6688.08571898084 3379000 6830952.26153157 1272778.42499583 0 0 0 0 0 500 0 0 0 0 0 0 0 0 0 0 0 0 0 0 500 0 0 0 0 0 0 0 0 0 0 0 0 0 0 0 0 0 0 0 0 0 0 0 0 1311586.93009301
"2" 1 8352733.69906161 19340150.6161106 5880458.96580551 137926.773963135 225592.527213429 38070.2749307519 177883.484107778 177464.187039097 20227.0806554439 87614.2533665175 225863.510777032 45021.5666201816 243.82652904343 5218.8776908559 6545.43230175327 3408855.63643431 6876718.46954629 1280177.36210813 1.32653760558824 85.8116227145439 332.304917911242 0 0 2262.69974321541 0 0 0.579411928518056 0 0 0.0114294148746348 0 0 0.0248071457707712 0 0 0.00397325037112795 0 0 883.693229597844 0 0 0.0000657720187966716 0 0 0 0 0 0 0 0 0 0 0 0 0 0 0 0 0 0 0 0 0 1395317.63309353
"3" 2 8330068.24729434 19289811.6647435 5803399.79260533 136900.240432093 236105.677115707 38245.0904113319 174184.609642856 175163.128139231 19840.4596799523 85792.4196748393 222934.890359021 44161.0231586036 238.795214237381 5155.42629982796 6422.278185864 3438072.06292223 6921752.91386304 1272442.37558776 2.62481939849416 170.299479646995 657.94864342269 0 0 72529.0026799048 0 0 35.990075210309 0 0 0.622800878335434 0 0 1.35176755280092 0 0 0.216581920585748 0 0 16243.8447187479 0 0 0.00310352188628532 0 0 0 0 0 0 0 0 0 0 0 0 0 0 0 0 0 0 0 0 0 1395531.32968697
"4" 3 8307568.72561355 19239327.3448553 5726327.4492716 135884.153926175 245087.908239812 38325.749173166 170762.989840747 173791.408685761 19500.1991544714 84107.1442499201 221189.06560006 43403.669085759 234.162320520267 5121.035447416 6314.94884796391 3466697.92692854 6966323.23740229 1264441.4193229 3.89712054030331 253.999769384594 977.817755554529 0 0 142809.752819289 0 0 131.165991606608 0 0 4.26181922377138 0 0 9.25012976538312 0 0 1.47942369357985 0 0 31732.7983470317 0 0 0.0388579784738787 0 0 0 0 0 0 0 0 0 0 0 0 0 0 0 0 0 0 0 0 0 1395531.32968697
"5" 4 8285214.8985781 19188664.4348376 5649412.37273333 134895.402939715 252812.04025967 38331.4277577689 167591.605692992 173153.087338064 19197.5934247282 82545.1192219215 220376.656612082 42730.1273002016 229.886313881424 5109.30891020955 6220.32271443419 3494776.94178375 7010641.14000499 1256229.0671302 5.14546963252472 337.33203738081 1292.62588990135 0 0 212929.511082749 0 0 276.954300001667 0 0 13.1589568192423 0 0 28.561056150887 0 0 4.5594429760157 0 0 47313.5391337803 0 0 0.179076962178406 0 0 0 0 0 0 0 0 0 0 0 0 0 0 0 0 0 0 0 0 0 1395531.32968697
"6" 5 8262989.59606905 19137799.6758367 5572650.98402255 133945.392906961 259498.564099237 38277.0631778519 164647.805580811 173090.191149905 18925.6246990759 81095.1878233845 220296.606918061 42124.7775560078 225.93259238078 5115.12251510913 6135.89986567048 3522348.71333619 7054873.21714655 1247818.5258723 6.37169123061656 420.622334426074 1602.9460962486 0 0 282888.063733827 0 0 465.746492501669 0 0 28.9231316185896 0 0 62.7766469307101 0 0 10.0031656885133 0 0 62988.1378493643 0 0 0.527690360541839 0 0 0 0 0 0 0 0 0 0 0 0 0 0 0 0 0 0 0 0 0 1395531.32968697
"7" 6 8240878.22359893 19086717.8293993 5496040.88811597 133041.362884092 265325.706748414 38174.2556372685 161912.323498514 173475.394424753 18678.6137804977 79747.8608276262 220786.865631503 41574.9790598175 222.271930687519 5134.37514274126 6059.67192864126 3549449.37982138 7099149.70681117 1239220.45844106 7.57743877054278 504.121842098725 1909.23866560625 0 0 352684.998737453 0 0 691.207524572063 0 0 52.6722908625055 0 0 114.323367542329 0 0 18.1840778355252 0 0 78759.2972237659 0 0 1.21114911140759 0 0 0 0 0 0 0 0 0 0 0 0 0 0 0 0 0 0 0 0 0 1395531.32968697
"8" 7 8218868.36499606 19035410.1122187 5419580.64059464 132187.409450681 270437.560029963 38031.9918096614 159368.527003572 174206.104816314 18451.9444896356 78494.9461360875 221716.860675309 41070.4570898341 218.87928736168 5163.7880129216 5990.01955246816 3576112.10890608 7143571.55239075 1230443.46327778 8.76422015774495 588.021856074081 2211.87315398251 0 0 422319.757077179 0 0 948.046099585821 0 0 85.1385220786127 0 0 184.790188393582 0 0 29.3406119479862 0 0 94630.1666756897 0 0 2.37085711941084 0 0 0 0 0 0 0 0 0 0 0 0 0 0 0 0 0 0 0 0 0 1395531.32968697
"9" 8 8196949.45931317 18983872.9358686 5343269.56021436 131385.280099234 274950.638682246 37857.2147067471 157001.843246177 175199.692038062 18241.8465319358 77329.2660764753 222981.42623026 40602.8197001153 215.732893345681 5200.74312382703 5925.63174431636 3602367.48495389 7188216.09823826 1221494.45559871 9.93341770967388 672.465818714182 2511.14581096923 0 0 491791.67331117 0 0 1231.82780712137 0 0 126.752438675992 0 0 275.111740848111 0 0 43.60651165968 0 0 110604.196595273 0 0 4.15728809787314 0 0 0 0 0 0 0 0 0 0 0 0 0 0 0 0 0 0 0 0 0 1395531.32968697
"10" 9 8175112.53667501 18932106.8902224 5267107.57789984 130634.987314832 278959.180015685 37655.2729697065 154799.321257972 176389.632600629 18045.2241318199 76244.441813628 224495.896037164 40165.1762934056 212.813555660002 5243.15304035175 5865.44231139292 3628243.81307909 7233141.68909217 1212378.9716247 11.0863038118938 757.558991651981 2807.29341543522 0 0 561100.007760456 0 0 1538.82264957601 0 0 177.710922844838 0 0 385.715350822896 0 0 61.0350923455547 0 0 126685.02413768 0 0 6.72543997218519 0 0 0 0 0 0 0 0 0 0 0 0 0 0 0 0 0 0 0 0 0 1395531.32968697
"11" 10 8153350.00162167 18880115.9242066 5191095.11498395 129935.281689333 282539.421165896 37430.2742717834 152749.299459382 177722.399279479 17859.5209721919 75234.7295844716 226192.144537519 39751.8370026207 210.104127344684 5289.35613079176 5808.57986122646 3653767.35946451 7278391.37846463 1203101.4116305 12.2240532847407 843.376215126104 3100.50426317876 0 0 630243.972153863 0 0 1865.88054385509 0 0 238.031313863345 0 0 516.638652615616 0 0 81.6185459068598 0 0 142876.384441298 0 0 10.231363146038 0 0 0 0 0 0 0 0 0 0 0 0 0 0 0 0 0 0 0 0 0 1395531.32968697
"12" 11 8131655.45475956 18827906.6861388 5115232.98493033 129284.014739309 285753.046741824 37185.3626322905 150841.153886374 179154.955202586 17682.6138704825 74294.8966903034 228015.397530565 39358.0760342999 207.589105026741 5338.03242673735 5754.32852269706 3678962.5430662 7323995.91384 1193665.23443379 13.3477532351932 929.968119475114 3390.92690070289 0 0 699222.750141701 0 0 2210.32967054815 0 0 307.594563840356 0 0 667.623256936707 0 0 105.303226648164 0 0 159182.042269774 0 0 14.8295459516064 0 0 0 0 0 0 0 0 0 0 0 0 0 0 0 0 0 0 0 0 0 1395531.32968697
"13" 12 8110023.54337138 18775487.9857296 5039522.31295299 128678.419314925 288650.003133278 36922.9385838286 149065.105600576 180652.709582838 17512.7278560732 73420.1266390895 229921.630378158 38979.9426473888 205.254320093645 5388.13521342356 5702.09664742271 3703852.09234284 7369976.16980556 1184073.11579137 14.4584110937067 1017.3661571751 3678.67718467243 0 0 768035.513882754 0 0 2569.89227398821 0 0 386.180039192807 0 0 838.190286300571 0 0 132.001901116585 0 0 175605.739009763 0 0 20.6709431361561 0 0 0 0 0 0 0 0 0 0 0 0 0 0 0 0 0 0 0 0 0 1395531.32968697
"14" 13 8088449.83759362 18722870.3632718 4963964.47108781 128115.320497555 291270.750777295 36644.8300648089 147412.076922334 182187.883674418 17348.3698543397 72605.948334881 231875.488312896 38614.1135467562 203.086707221426 5438.83656401277 5651.39243920706 3728457.17298325 7416345.09080778 1174327.07512905 15.5569611408952 1105.58659182688 3963.84388092197 0 0 836681.437493765 0 0 2942.61602429195 0 0 473.492787238603 0 0 1027.69955621303 0 0 161.603272759897 0 0 192151.153294726 0 0 27.9015681082959 0 0 0 0 0 0 0 0 0 0 0 0 0 0 0 0 0 0 0 0 0 1395531.32968697
"15" 14 8066930.72948145 18670065.7517885 4888561.0266683 127591.290785923 293648.026197645 36352.421702572 145873.585711326 183738.234430216 17188.2782293744 71848.1840070709 233848.662002093 38257.7805750592 201.074133422207 5489.48496965187 5601.80546867561 3752797.49161102 7463109.20702445 1164428.57469236 16.644269782384 1194.633587485 4246.49300570293 0 0 905159.707845686 0 0 3326.81977905336 0 0 569.184052413203 0 0 1235.39410490284 0 0 193.979086448697 0 0 208821.873235393 0 0 36.6615540580009 0 0 0 0 0 0 0 0 0 0 0 0 0 0 0 0 0 0 0 0 0 1395531.32968697
"16" 15 8045463.33727609 18617087.1679016 4813313.69544281 127102.782232119 295808.45956534 36046.7714604514 144441.654846256 185285.882991342 17031.3760316924 71142.9046257677 235818.396534435 37908.5466511863 199.205250911549 5539.56659286882 5552.98959261927 3776891.3946283 7510270.02439215 1154378.61359588 17.7211405537352 1284.5020223124 4526.67190655553 0 0 973469.533861075 0 0 3721.04191937641 0 0 672.870754927478 0 0 1460.44247106816 0 0 228.990843431876 0 0 225621.371136442 0 0 47.0843324848842 0 0 0 0 0 0 0 0 0 0 0 0 0 0 0 0 0 0 0 0 0 1395531.32968697
"17" 16 8024045.44062481 18563948.5197929 4738224.31058973 126646.199259126 297773.558815323 35728.6752972916 143108.761157094 186816.606846907 16876.7456204521 70486.4047490166 237766.590532427 37564.3692842321 197.469413433239 5588.68205970022 5504.65375499534 3800755.93647899 7557824.86279478 1144177.78286529 18.7883175392367 1375.17915792351 4804.41160834134 0 0 1041610.15366513 0 0 4124.0099056993 0 0 784.144738461397 0 0 1701.95876567275 0 0 266.492887345317 0 0 242552.99457352 0 0 59.2964438241115 0 0 0 0 0 0 0 0 0 0 0 0 0 0 0 0 0 0 0 0 0 1395531.32968697
"18" 17 8002675.40244646 18510664.3751853 4663294.78732942 126217.983282014 299560.92439871 35398.7522753804 141867.775112611 188318.96175074 16723.5928332266 69875.172816659 239678.678591852 37223.480822343 195.856577145431 5636.51764765452 5456.54897381616 3824406.96327555 7605767.89571274 1133826.34108501 19.8464895586122 1466.64671300229 5079.73004029347 0 0 1109580.8411727 0 0 4534.5982909234 0 0 902.588059489243 0 0 1959.03585689225 0 0 306.337624868442 0 0 259619.94861493 0 0 73.4170207076494 0 0 0 0 0 0 0 0 0 0 0 0 0 0 0 0 0 0 0 0 0 1395531.32968697
"19" 18 7981352.12767551 18457249.8601665 4588527.10486723 125814.640396419 301184.741826755 35057.4691436388 140711.938112888 189783.932832415 16571.2374642497 69305.8799660494 241543.187241255 36884.3672591365 194.357262724363 5682.83408239372 5408.46498170038 3847859.16029392 7654090.56219868 1123324.24087236 20.8962924931663 1558.88165202263 5352.63311031814 0 0 1177380.91094338 0 0 4951.81552974485 0 0 1027.77446895315 0 0 2230.7485860349 0 0 348.375872091826 0 0 276825.298843663 0 0 89.5580574888613 0 0 0 0 0 0 0 0 0 0 0 0 0 0 0 0 0 0 0 0 0 1395531.32968697
"20" 19 7960074.99576072 18403720.4770778 4513923.27827382 125432.795233639 302656.734210215 34705.2073994697 139634.820326628 191204.247916422 16419.0832395954 68775.359265354 243350.860984537 36545.7014042607 192.962485196282 5727.44420334789 5360.21938373801 3871126.12861539 7702782.37783142 1112671.19485897 21.938313074154 1651.85777622694 5623.11747793236 0 0 1245009.72311135 0 0 5374.76645035635 0 0 1159.28281927177 0 0 2516.18286698552 0 0 392.461413543284 0 0 294171.95726156 0 0 107.824039144064 0 0 0 0 0 0 0 0 0 0 0 0 0 0 0 0 0 0 0 0 0 1395531.32968697
"21" 20 7938843.83632113 18350092.06151 4439485.34913762 125069.195338526 303986.337748463 34342.2624185565 138630.312163536 192574.259124231 16266.6187474322 68280.6015133834 245094.511612657 36206.3449539619 191.66373942739 5770.20937167896 5311.65811645944 3894220.41783356 7751831.07466981 1101866.6822401 22.9730904410932 1745.54596317791 5891.17076280507 0 0 1312466.68651708 0 0 5802.65234555695 0 0 1296.69307782308 0 0 2814.42703360919 0 0 438.449444296584 0 0 311662.692727677 0 0 128.312477020372 0 0 0 0 0 0 0 0 0 0 0 0 0 0 0 0 0 0 0 0 0 1395531.32968697
"22" 21 7917658.87205456 18296380.6466001 4365215.36376021 124720.740525143 305181.398154677 33968.8918968924 137692.595703557 193889.444011066 16113.3943045144 67818.7411674235 246768.383286811 35865.2970003707 190.452952009912 5811.02343481843 5262.64715399372 3917153.59647774 7801223.18921791 1090910.00282048 24.0011195701425 1839.91529461491 6156.7737796179 0 0 1379751.26260042 0 0 6234.74034261761 0 0 1439.59655907587 0 0 3124.5940482353 0 0 486.200019739089 0 0 329300.121982144 0 0 151.113731681401 0 0 0 0 0 0 0 0 0 0 0 0 0 0 0 0 0 0 0 0 0 1395531.32968697
"23" 22 7896520.69341474 18242602.4189111 4292659.09701541 124384.485550633 306248.363864693 33585.4500781754 136816.135647197 195146.272591104 15959.0191778513 67387.051885933 248367.983297769 35521.6878474755 189.322465910238 5849.80864553626 5213.0716094359 3939936.28818259 7850944.21935845 1080188.60373478 25.0228529917254 1934.93333132935 6419.90103841941 0 0 1443732.45737505 0 0 6670.13113210235 0 0 1587.59452989913 0 0 3445.81847453021 0 0 535.577442490501 0 0 346353.103742255 0 0 176.311355815024 0 0 1586.86381555436 0 0 0.0132312297148521 0 0 0.0000485068999766632 0 0 0.0000259941796933014 0 0 0.0000109460132300229 0 0 345.298314075873 0 0 0.00000000225968565521316 1395531.32968697
"24" 23 7875430.23878221 18188773.6978106 4280246.27765772 124057.631732781 307192.518779203 33230.2374108642 135995.666304269 196342.018442383 15803.7806983348 66982.9401200128 249889.841653942 35176.157038229 188.265018601081 5886.50980092175 5163.05370220665 3962578.21933907 7900978.84700118 1084468.20885757 26.0387030540999 2030.56651174359 6680.52449188279 0 0 1385912.14775206 0 0 7040.8499333415 0 0 1739.17435371047 0 0 3774.81718762625 0 0 586.059226883457 0 0 334923.43390114 0 0 203.977325999928 0 0 64857.4601125859 0 0 3.95859111444621 0 0 0.130928777829447 0 0 0.0701629289762973 0 0 0.029491621221804 0 0 14169.6511157397 0 0 0.0000596619482168642 1395531.32968697
"25" 24 7854388.80071474 18134910.9881958 4267995.96731733 123737.498627198 308018.150238366 32930.6834203724 135226.176147247 197474.569621185 15650.0033174157 66603.9375053603 251331.270426963 34833.8783516672 187.273716746962 5921.08834757443 5113.42809966474 3985088.26424465 7951311.15263129 1088717.86640259 27.0490440652259 2126.78053878808 6938.64138169528 0 0 1327913.80833117 0 0 7298.04636032179 0 0 1889.25092444658 0 0 4100.55314242921 0 0 635.886242090674 0 0 323406.616910392 0 0 234.125241225259 0 0 128195.847526585 0 0 14.6488639938026 0 0 0.940372874334414 0 0 0.503932873177121 0 0 0.211412138527091 0 0 28109.0915967001 0 0 0.000852032115781224 1395531.32968697
"26" 25 7833397.96281736 18081030.8322874 4255757.02775949 123421.563764018 308728.834209374 32676.7179880131 134502.896377875 198542.312610629 15499.8313049014 66247.6952308935 252690.216049892 34499.6245173611 186.342017616574 5953.51887897614 5064.95797592201 4007474.48557806 8001924.74536507 1092900.24549729 28.0542141902871 2223.54059865536 7194.29168166609 0 0 1270046.87083711 0 0 7459.17219252641 0 0 2033.14128954678 0 0 4412.86215397553 0 0 683.451450326236 0 0 311873.935553884 0 0 266.681146023083 0 0 191445.644706181 0 0 31.0424616270578 0 0 2.93139653249948 0 0 1.57089503255767 0 0 0.657785546363097 0 0 42129.337395537 0 0 0.00401150656961668 1395531.32968697
"27" 26 7812459.56247986 18027149.737391 4243530.79124034 123107.471365773 309327.612887458 32459.8416236158 133821.293487648 199544.036746597 15354.761481942 65911.9803745131 253965.137677487 34176.7271694839 185.463716649706 5983.78628255078 5018.17262508713 4029744.17405825 8052802.87746413 1097017.08341909 29.0545173038658 2320.81155079975 7447.54759899951 0 0 1212311.70324883 0 0 7538.97193702291 0 0 2167.39890636844 0 0 4704.26362184268 0 0 727.586433146325 0 0 300322.514916004 0 0 301.503031502608 0 0 254607.034992571 0 0 52.2561131316003 0 0 6.46526346307895 0 0 3.4646456546319 0 0 1.4480782419223 0 0 56230.4517460556 0 0 0.0119076119043159 1395531.32968697
"28" 27 7791575.6670355 17973284.1427342 4231318.60236015 122793.027828042 309817.109623105 32272.8915432774 133177.062478668 200478.858356765 15215.7775851421 65594.6725641202 255154.910635882 33867.3759153163 184.632936237081 6011.88351521944 4973.41699273677 4051903.88693266 8103928.53705801 1101070.58608301 30.0502247789818 2418.55807681752 7698.50311283677 0 0 1154708.73933882 0 0 7549.89456665517 0 0 2289.56764814566 0 0 4969.42660867458 0 0 767.471905016945 0 0 288748.269308457 0 0 338.400190261957 0 0 317680.09696854 0 0 77.5407744417627 0 0 11.7899389043682 0 0 6.31806589579286 0 0 2.6359081731322 0 0 70412.6677652867 0 0 0.0274202544931765 1395531.32968697
"29" 28 7770748.55151556 17919450.3904542 4219121.81463835 122476.196456793 310199.621820905 32109.8335979437 132566.120260442 201346.160212897 15083.4601810717 65293.7607252921 256258.749361869 33572.8629836756 183.844114960409 6037.8098627265 4930.89202290754 4073959.48534974 8155284.52349031 1105063.25283827 31.0415772167899 2516.74479713121 7947.26576416811 0 0 1097238.45774202 0 0 7502.45861091592 0 0 2397.98012834546 0 0 5204.73211024106 0 0 802.564675252322 0 0 277146.255197752 0 0 377.148572821614 0 0 380664.823227213 0 0 106.260280720229 0 0 19.0633951884373 0 0 10.2158109533089 0 0 4.25450661328354 0 0 84676.34995374 0 0 0.0537618343072577 1395531.32968697
"30" 29 7749980.67779947 17865664.6999469 4206941.7873267 122155.091747504 310477.19611024 31965.5866445999 131984.599135421 202145.543213384 14958.0763704687 65007.3398726699 257276.145907943 33293.7828891078 183.091997138145 6061.5695815354 4890.68743860643 4095916.17066168 8206853.50887735 1108997.73951955 32.0287861200983 2615.33636264737 8193.95027126968 0 0 1039901.36496021 0 0 7405.55933550186 0 0 2491.59263725347 0 0 5407.91479106251 0 0 832.538152830378 0 0 265510.951736383 0 0 417.502895425883 0 0 443561.135700551 0 0 137.873390522444 0 0 28.3726679584607 0 0 15.2045220297613 0 0 6.32116275891336 0 0 99021.9632498123 0 0 0.0943373957595629 1395531.32968697
"31" 30 7729274.67500819 17811943.1449704 4194779.88242739 121827.973417412 310651.689116864 31835.8743550546 131428.840326268 202876.787908722 14839.6527253004 64733.607921893 258206.820974738 33030.1947756687 182.371622586979 6083.17084521167 4852.80826697493 4117778.51966814 8258618.0886572 1112876.75271508 33.0120355120936 2714.2975268986 8438.67362875489 0 0 982697.981527236 0 0 7266.72711079871 0 0 2569.85045355896 0 0 5577.77064790963 0 0 857.234047295236 0 0 253836.482093071 0 0 459.206100119151 0 0 506368.898235559 0 0 171.918688622723 0 0 39.7493890983032 0 0 21.3011502161002 0 0 8.84082794105551 0 0 113450.04819861 0 0 0.152635747717909 1395531.32968697
"32" 31 7708633.32103878 17758301.633036 4182637.46189257 121493.240356549 310724.816427789 31717.1003777315 130895.387532216 203539.824006738 14728.034271618 64470.8625158678 259050.685099485 32781.7537013432 181.678316563521 6102.62493446812 4817.19617876419 4139550.51875653 8310560.82329258 1116702.96949491 33.991483499016 2813.59320294661 8681.55141120112 0 0 925628.830722015 0 0 7092.34435064492 0 0 2632.57845697512 0 0 5713.91958831669 0 0 876.623358690634 0 0 242116.786318747 0 0 501.996655917236 0 0 569087.926961568 0 0 208.001916531834 0 0 53.1823858922446 0 0 28.4997082078342 0 0 11.8090228480854 0 0 127961.201079705 0 0 0.232145808307239 1395531.32968697
"33" 32 7688059.52516695 17704755.8867266 4170515.88498856 121149.424629616 310698.191780046 31606.2434344554 130380.980519838 204134.706396803 14622.9318609853 64217.4978679797 259807.808141386 32547.816077677 181.007679878828 6119.94562339348 4783.74653103119 4161235.59687197 8362664.27282345 1120478.977819 34.9672637744474 2913.18850837061 8922.69505033416 0 0 868694.429340694 0 0 6887.82714882 0 0 2679.89283564216 0 0 5816.61379458368 0 0 890.775078596674 0 0 230345.754619618 0 0 545.61410467189 0 0 631717.998880648 0 0 245.785374519352 0 0 68.6278337983834 0 0 36.7767110364804 0 0 15.2141660997817 0 0 142556.058055787 0 0 0.336293438542691 1395531.32968697
"34" 33 7667556.31152112 17651321.4265344 4158416.50579459 120795.185517768 310573.359354199 31500.7679189593 129882.54871084 204661.595667109 14523.960647482 63972.0016038463 260478.394485412 32327.5253121374 180.355579110412 6135.14869823868 4752.32212922778 4182836.65758024 8414911.02645833 1124207.23254991 35.9394870780022 3013.0488023401 9162.20984365049 0 0 811895.280150225 0 0 6657.77978432177 0 0 2712.12883839995 0 0 5886.58091260773 0 0 899.830738297836 0 0 218517.330680271 0 0 589.803289823137 0 0 694258.859007276 0 0 284.978901448095 0 0 86.0175612528448 0 0 46.0956264997708 0 0 19.039467010312 0 0 157235.282453019 0 0 0.468393587510564 1395531.32968697
"35" 34 7647126.80322447 17598013.554875 4146340.67080079 120429.303606648 310351.819761297 31398.5480205498 129397.204723518 205120.742713632 14430.6708519653 63732.9515802401 261062.763453714 32119.8802834067 179.718136844544 6148.25159693326 4722.76415160885 4204356.11048566 8467283.7278835 1127890.02492989 36.9082426203607 3113.139715927 9400.19359166449 0 0 755231.865620062 0 0 6406.12536294247 0 0 2729.78252728237 0 0 5924.89762770659 0 0 903.984046376943 0 0 206625.589232285 0 0 634.317448608523 0 0 756710.226434536 0 0 325.332254755316 0 0 105.26573257121 0 0 56.4104564364961 0 0 23.2644368527883 0 0 171999.554574014 0 0 0.631615694998112 1395531.32968697
"36" 35 7626774.20816906 17544847.3419633 4134289.71674065 120050.675554376 310035.048093994 31297.808115816 128922.23828082 205512.478393936 14342.5703693922 63499.0128845831 261561.336137736 31923.7856609053 179.091722548098 6159.27319130236 4694.90011381914 4225795.89978924 8519765.09504532 1131529.46426616 37.8735993753477 3213.42717444331 9636.7357970464 0 0 698704.642907229 0 0 6136.20743604048 0 0 2733.46777813554 0 0 5932.89633596238 0 0 903.465984988705 0 0 194664.788667575 0 0 678.920226651336 0 0 819071.799316443 0 0 366.629224499139 0 0 126.273745532652 0 0 67.668361274399 0 0 27.8659866477815 0 0 186849.564003611 0 0 0.828961619035402 1395531.32968697
"37" 36 7606501.80396419 17491837.6114363 4122264.96832241 119658.307951183 309624.514628647 31197.0632030005 128455.109570657 205837.201221464 14259.1462837072 63268.934564652 261974.619736409 31738.0997927677 178.472942697294 6168.23351081398 4668.55140575985 4247157.53539914 8572337.9420431 1135127.4634451 38.8356074839802 3313.87742321857 9871.91704496183 0 0 642314.039600991 0 0 5850.89302054567 0 0 2723.87432331024 0 0 5912.07407735099 0 0 898.530348222902 0 0 182629.417990687 0 0 723.387446793935 0 0 881343.259236097 0 0 408.681572684406 0 0 148.935075412213 0 0 79.8122558803599 0 0 32.8195072392525 0 0 201786.002800759 0 0 1.0632463211529 1395531.32968697
"38" 37 7586312.92590981 17438998.9285969 4110267.73636568 119251.313156274 309121.691460918 31095.082218494 127993.443542713 206095.374109622 14179.8761976824 63041.5468195454 262303.203412246 31561.6599238736 177.85863235509 6175.15372334832 4643.53718238217 4268442.11763994 8624985.19165697 1138685.73708899 39.7942993669343 3414.45703997979 10105.8089545169 0 0 586060.450321128 0 0 5552.63316235851 0 0 2701.74590957401 0 0 5864.04512825326 0 0 889.446378854537 0 0 170514.215706452 0 0 767.507672599321 0 0 943524.274842324 0 0 451.32561330244 0 0 173.137691784144 0 0 92.7821046920273 0 0 38.0993951489009 0 0 216809.561049287 0 0 1.33709262040223 1395531.32968697
"39" 38 7566210.95265022 17386345.5874607 4098299.31566114 118828.902766195 308528.070274778 30990.8399988442 127535.023239674 206287.513520798 14104.2434182191 62815.7577150633 262547.744481016 31393.3159953909 177.245845409497 6180.05589350246 4619.67960087298 4289650.36809234 8677689.89541046 1142205.79764766 40.7496911094457 3515.1329587697 10338.4740434113 0 0 529944.233925994 0 0 5243.54676431845 0 0 2667.84942419065 0 0 5790.4739906889 0 0 876.48829169562 0 0 158314.196250661 0 0 811.08310298908 0 0 1005614.50501374 0 0 494.417217356142 0 0 198.767659931174 0 0 106.516851663448 0 0 43.6798433554567 0 0 231920.922375839 0 0 1.65292203650961 1395531.32968697
"40" 39 7546199.29635088 17333891.6009648 4086360.9834053 118390.38486461 307845.161018044 30883.4971754286 127077.784475232 206414.190845572 14031.7410878268 62590.5505624276 262708.970167092 31231.9398406468 176.63184676595 6182.96308474877 4596.80515364858 4310782.6501167 8730435.24144267 1145688.9620786 41.7017833825211 3615.87247711996 10569.9660579977 0 0 473965.711221252 0 0 4925.45158228335 0 0 2622.96673424578 0 0 5693.05767985766 0 0 859.932701215373 0 0 146024.649948271 0 0 853.92935473236 0 0 1067613.60156112 0 0 537.830174973743 0 0 225.70996274024 0 0 120.954860707669 0 0 49.5350060427841 0 0 247120.761454776 0 0 2.01295833468023 1395531.32968697
"41" 40 7526281.38854686 17281650.6889745 4074453.99712024 117935.156646197 307074.507529664 30772.3597511981 126619.809181933 206476.022494214 13961.8829817313 62364.9806418475 262787.664992636 31076.4492174019 176.01410279144 6183.89914130601 4574.74831648743 4331839.00031753 8783204.57358866 1149136.35565813 42.650562847906 3716.64327899388 10800.3301881678 0 0 418125.163141696 0 0 4599.93519853715 0 0 2567.87157369437 0 0 5573.47555828326 0 0 840.0509331842 0 0 133641.154569144 0 0 895.875718636249 0 0 1129521.21167048 0 0 581.451919051585 0 0 253.851214854032 0 0 136.035370173175 0 0 55.639582790144 0 0 262409.741090039 0 0 2.4192260662649 1395531.32968697
"42" 41 7506460.67251591 17229636.2704845 4062579.59340666 117462.702997319 306217.683224885 30656.8692067093 126159.320492093 206473.672606976 13894.2039896509 62138.1727796874 262784.674227061 30925.8088801908 175.390274089364 6182.88881067458 4553.3516173391 4352819.14493801 8835981.39720486 1152548.92107173 43.5960028935412 3817.41344106956 11029.6034949904 0 0 362422.829382393 0 0 4268.36879623079 0 0 2503.32814867567 0 0 5433.38630869821 0 0 817.108752563597 0 0 121159.568086239 0 0 936.764689693975 0 0 1191336.97976749 0 0 625.182881098018 0 0 283.079739564423 0 0 151.698534050016 0 0 61.9688201769952 0 0 277788.510869314 0 0 2.87355653306871 1395531.32968697
"43" 42 7486740.59042007 17177861.4526714 4050738.98602144 116972.590070916 305276.298634357 30536.5747741887 125694.676221616 206407.847765812 13828.265410045 61909.318139005 262700.897156489 30779.0423642937 174.758206226981 6179.95765305219 4532.46734135927 4373722.52887725 8888749.39466728 1155927.42877793 44.5380649242883 3918.15145162603 11257.8154119401 0 0 306858.907140207 0 0 3931.95446370237 0 0 2430.07884860728 0 0 5274.40126140272 0 0 791.362448869285 0 0 108576.025853924 0 0 976.45161910001 0 0 1253060.54963037 0 0 668.933694450589 0 0 313.286982734237 0 0 167.886179671014 0 0 68.4988026142473 0 0 293257.705379814 0 0 3.37759334090518 1395531.32968697
"44" 43 7467124.5747468 17126339.0239053 4037584.83125597 116464.46096891 304252.004791405 30411.0045776166 125224.364239881 206279.294413537 13763.6569239018 61677.6719390456 262537.283799047 30635.2363790071 174.115923171716 6175.13200903738 4511.9581133006 4394548.33548296 8941492.43485982 1158885.5405977 45.4766992406144 4018.8262218196 11484.9881774916 0 0 254168.783219149 0 0 3591.95161679438 0 0 2348.83899823151 0 0 5098.07300376462 0 0 763.057266740091 0 0 96622.6857321596 0 0 1014.80429052756 0 0 1313304.7907797 0 0 712.612006472258 0 0 344.368098668378 0 0 184.54212167203 0 0 75.2065646065812 0 0 308469.13747801 0 0 3.93279851029349 1395531.32968697
"45" 44 7447616.02840566 17075081.41279 3971951.7826146 115938.044405966 303146.520685806 30246.4425468924 124746.996734227 206088.800728249 13699.4461907022 61442.5506302908 262294.837290498 30492.3157147888 173.461618974588 6168.43909385399 4491.50306820933 4415295.50635897 8994194.58231315 1146682.10119369 46.4118459225234 4119.40709849198 11711.1348477916 0 0 308138.87776638 0 0 3308.41983887619 0 0 2261.28521588959 0 0 4908.04057733144 0 0 732.771398061094 0 0 113334.356642987 0 0 1051.70672362512 0 0 1319425.95446889 0 0 752.70442204542 0 0 376.10704142687 0 0 201.55058400907 0 0 82.0441923679788 0 0 310126.914543552 0 0 4.54040788805528 1395531.32968697
"46" 45 7428218.28482432 17024100.5922529 3906380.64147159 115393.175481735 301961.712341705 30019.2722418845 124261.3082894 205837.198710979 13632.9910974585 61203.3309485104 261974.616541246 30344.3995395043 172.793655367673 6159.90711557193 4470.1823424747 4435962.76336487 9046840.10915756 1134342.28200317 47.3434358028962 4219.86388002299 11936.2362292192 0 0 362210.251111495 0 0 3123.66271039736 0 0 2172.19104458194 0 0 4714.66479045193 0 0 702.154342658144 0 0 130145.161220066 0 0 1087.09978539859 0 0 1325421.49388307 0 0 786.728704989075 0 0 407.92820274616 0 0 218.603106140584 0 0 88.883216407576 0 0 311769.972002794 0 0 5.20095350626076 1395531.32968697
"47" 46 7408934.63126722 16973408.1640431 3840986.08997716 114829.757515894 300699.490145003 29738.9563903702 123766.152655018 205525.367105048 13561.8981341747 60959.4483226208 261577.73995188 30186.1603631631 172.110557264138 6149.56540143056 4447.1693811224 4456548.62829065 9099413.50651994 1121896.78243089 48.2713913419353 4320.1668336324 12160.2269970458 0 0 416152.388781619 0 0 3021.52749997058 0 0 2085.90717246071 0 0 4527.38865979643 0 0 672.697335978782 0 0 146993.996627934 0 0 1121.0057691863 0 0 1331408.33461734 0 0 815.603978756071 0 0 439.305361187944 0 0 235.417693244548 0 0 95.6071260374626 0 0 313427.621728455 0 0 5.91397411237615 1395531.32968697
"48" 47 7389768.31153471 16923015.3825881 3775769.11045249 114247.749146315 299361.781003764 29413.5311766635 123260.496660057 205154.228093044 13484.4230927905 60710.3938773415 261105.381209329 30013.715916211 171.411004035136 6137.44432364051 4421.87006837955 4477051.44215006 9151899.49606897 1109342.90535745 49.1956274826016 4420.28671311573 12383.0063585539 0 0 469965.274826163 0 0 2988.37234164613 0 0 2005.63842613658 0 0 4353.16814958301 0 0 645.485292486837 0 0 163883.189511355 0 0 1153.51014147824 0 0 1337386.5762629 0 0 840.104407001565 0 0 469.84577473585 0 0 251.783880282968 0 0 102.130053779553 0 0 315099.680279107 0 0 6.67823079471407 1395531.32968697
"49" 48 7370722.51941932 16872933.1510416 3710730.59726319 113647.161655403 297950.52940563 29049.8241203012 122743.41420982 204724.743906724 13399.3435679204 60455.7114764786 260558.764972194 29824.3453608551 170.693820930981 6123.57521939032 4393.87584862904 4497469.3833656 9204283.04067918 1096677.40656328 50.1160524549976 4520.19477530613 12604.4484469983 0 0 523648.950553953 0 0 3012.68280456539 0 0 1933.67024598415 0 0 4196.96372831725 0 0 621.279176946236 0 0 180816.075308477 0 0 1184.74371250306 0 0 1343356.3165137 0 0 860.881411834785 0 0 499.263929817728 0 0 267.548664464428 0 0 108.390591918271 0 0 316785.900268639 0 0 7.49191770856986 1395531.32968697
"50" 49 7351800.39247457 16823172.0177687 3645871.3508994 113028.056127515 296467.697783061 28653.6490327448 122214.080659408 204237.913977457 13305.8512149759 60194.9949516488 259939.163244036 29616.2494784947 169.957971111355 6107.99032697 4362.92428980283 4517800.4852472 9256549.35410494 1083896.68417519 51.0325685467296 4619.86279481132 12824.4108291863 0 0 577203.520399979 0 0 3084.72863602598 0 0 1871.5600655408 0 0 4062.15575109294 0 0 600.58530675385 0 0 197796.674162816 0 0 1214.86805043496 0 0 1349317.65070479 0 0 878.483580548617 0 0 527.359342044036 0 0 282.604608965507 0 0 114.346586239644 0 0 318485.990050156 0 0 8.35283481776359 1395531.32968697
"51" 50 7333005.00628606 16773742.1730713 3581192.07417326 112390.541073751 294915.266719671 28229.9610544489 121671.767364321 203694.772161565 13203.4686181323 59927.8854182478 259247.891841992 29388.3656339073 169.202547911003 6090.72271977188 4328.86882640813 4538042.6522369 9308683.91040681 1070996.91956295 51.9450728187984 4719.26307888995 13042.7407993224 0 0 630629.15544275 0 0 3196.29107754128 0 0 1820.28463079287 0 0 3950.86421095692 0 0 583.708403944788 0 0 214829.450712879 0 0 1244.06473567794 0 0 1355270.67152892 0 0 893.372471873036 0 0 553.999490927401 0 0 296.880697882004 0 0 119.971156048632 0 0 320199.62825623 0 0 9.25851515820267 1395531.32968697
"52" 51 7314339.36913701 16724653.4465578 3516693.36941279 111734.769782905 293295.234591334 27782.9938817782 121115.836692657 203096.384431819 13091.9773691401 59654.0688187714 258486.307458678 29140.2076926021 168.426767835149 6071.80625476007 4291.65268586721 4558193.67534304 9360672.45222545 1057974.19572897 52.8534577830536 4818.36848019377 13259.2806459055 0 0 683926.095819757 0 0 3340.42125616129 0 0 1780.36755276513 0 0 3864.22558734942 0 0 570.797354998945 0 0 231919.112122659 0 0 1272.52636275017 0 0 1361215.46888868 0 0 905.936634016296 0 0 579.105022831717 0 0 310.334406693136 0 0 125.249256138471 0 0 321926.475986362 0 0 10.2063317908489 1395531.32968697
"53" 52 7295806.41689755 16675915.3049209 3452375.7370167 111060.937520873 291609.616358267 27316.3766643939 120545.737240119 202443.847013685 12971.3590871159 59373.2735660289 257655.805290144 28871.7347422903 167.629963894054 6051.27553429479 4251.28765506243 4578251.24719948 9412500.99847417 1044824.58928268 53.757612061059 4917.15240852259 13473.8717174307 0 0 737094.651664724 0 0 3511.23407167433 0 0 1751.98391106877 0 0 3802.61988445124 0 0 561.882485106376 0 0 249070.451274987 0 0 1300.44960632966 0 0 1367152.12985241 0 0 916.50357997309 0 0 602.637601897598 0 0 322.945191739792 0 0 130.174872879396 0 0 323666.186256484 0 0 11.1935806048233 1395531.32968697
"54" 53 7277409.00862729 16627536.8498863 3388239.57504672 110369.279816023 289860.443723244 26833.2210098018 119960.998957088 201738.283549791 12841.7530098005 59085.2681430431 256757.815427007 28583.2566992333 166.811578682071 6029.16582990515 4207.83890711718 4598212.97545691 9464155.85273893 1031544.23306716 54.657420973178 5015.5888448629 13686.3571744616 0 0 790135.202960194 0 0 3703.75571598805 0 0 1735.03473822839 0 0 3765.83229681379 0 0 556.901932086323 0 0 266288.241495291 0 0 1328.0306016348 0 0 1373080.73868609 0 0 925.348599087298 0 0 624.591330100823 0 0 334.709892352016 0 0 134.749057070677 0 0 325418.410245663 0 0 12.2175351002491 1395531.32968697
"55" 54 7259149.92215351 16579526.8174286 3324285.17946368 109660.068748494 288049.761657591 26336.2129741453 119361.22940453 200980.84481022 12703.4124763379 58789.8592589478 255793.802485734 28275.3374473328 165.971159380444 6005.5130957498 4161.40950928721 4618076.39650801 9515623.60817443 1018129.37713256 55.5527671320303 5113.65234764842 13896.5846595752 0 0 843048.198757719 0 0 3913.76010967131 0 0 1729.22481692811 0 0 3753.22206556454 0 0 555.729081190824 0 0 283577.131405051 0 0 1355.46034601216 0 0 1379001.37695132 0 0 932.704325029528 0 0 644.983623740786 0 0 345.637841684807 0 0 138.977839308017 0 0 327182.803671338 0 0 13.2755025178005 1395531.32968697
"56" 55 7241031.8504337 16531893.5761447 3260512.74509962 108933.612361164 286179.630079889 25827.6673116263 118746.108559912 200172.704509685 12556.6808510816 58486.889290703 254765.260285054 27948.7412491816 165.108350238391 5980.35384166426 4112.13195442483 4637838.98747331 9566891.15706902 1004576.41836817 56.4435309733828 5211.31807004133 14104.4075774443 0 0 895834.155605225 0 0 4137.67527048373 0 0 1734.10374871525 0 0 3763.81161659378 0 0 558.186846439841 0 0 300941.597658481 0 0 1382.92267809513 0 0 1384914.12363107 0 0 938.766067407323 0 0 663.850601835938 0 0 355.748395422748 0 0 142.871193101033 0 0 328959.029428407 0 0 14.3648471792625 1395531.32968697
"57" 56 7223057.39789936 16484645.1280064 3196922.36737553 108190.250009289 284252.11766342 25309.5976952405 118115.386235833 199315.060898304 12401.9609548029 58176.2350116791 253673.713870569 27604.3647058515 164.22288942011 5953.72520843313 4060.15743807085 4657498.17836315 9617945.69259292 990881.93634278 57.3295912741138 5308.56175998038 14309.6866478965 0 0 948493.655352578 0 0 4372.45647472233 0 0 1749.12156414414 0 0 3796.40726042938 0 0 564.067027674069 0 0 318385.881063017 0 0 1410.59152336853 0 0 1390819.05530375 0 0 943.699324055688 0 0 681.240439114947 0 0 365.067369739501 0 0 146.44153406985 0 0 330746.76157736 0 0 15.4830258010748 1395531.32968697
"58" 57 7205229.07749222 16437789.1071892 3133514.04390653 107430.352774206 282269.305389195 24783.7516670823 117468.876532729 198409.1310744 12239.7010427124 57857.8048594039 252520.712276509 27243.2055466825 163.314600845171 5925.66478647733 4005.65101307494 4677051.36291497 9668774.71950373 977042.706277402 58.2108256362887 5405.35978046903 14512.2904553096 0 0 1001027.34298974 0 0 4615.52784485349 0 0 1773.65115244942 0 0 3849.64787505933 0 0 573.13793811069 0 0 335913.969121415 0 0 1438.63018620411 0 0 1396716.24630773 0 0 947.642999002246 0 0 697.211004391048 0 0 373.625775735149 0 0 149.703203723626 0 0 332545.686098188 0 0 16.6275946020584 1395531.32968697
"59" 58 7187549.30772647 16391332.7820905 3070287.67745283 106654.318473029 280233.278710611 24251.661349118 116806.455867321 197456.153493248 12070.3751899434 57531.5379645012 251307.831718679 26866.3189711643 162.383391987431 5896.21071995586 3948.78486116815 4696495.90946575 9719366.05416061 963055.714716514 59.0871109449917 5501.68910639628 14712.0961166885 0 0 1053435.92331696 0 0 4864.6889936865 0 0 1807.02476184845 0 0 3922.08412856307 0 0 585.156872659163 0 0 353529.565795053 0 0 1467.19008095831 0 0 1402605.76895439 0 0 950.715007883168 0 0 711.825388020681 0 0 381.45742266287 0 0 152.671476131118 0 0 334355.50291623 0 0 17.7962275277535 1395531.32968697
"60" 59 7170020.41043192 16345283.0554375 3007243.07799959 105862.571355004 278146.129392959 23714.6698507522 116128.058496242 196457.38371566 11894.4737193996 57197.4019459103 250036.670183567 26474.7963431798 161.429247379751 5865.40157309012 3889.73504230372 4715829.17019977 9769707.83235806 948918.164942087 59.9583237776461 5597.52733912866 14908.9895087384 0 0 1105720.15846682 0 0 5118.07044878162 0 0 1848.5492491367 0 0 4012.21157782578 0 0 599.8751979516 0 0 371236.085345232 0 0 1496.41050587816 0 0 1408487.69369498 0 0 953.014750280391 0 0 725.150291425277 0 0 388.598054895843 0 0 155.362213077502 0 0 336175.926079274 0 0 18.986718389676 1395531.32968697
"61" 60 7152644.60830647 16299646.465629 2944379.96592554 105055.560487661 276009.954822938 23173.9620673445 115433.672006275 195414.091116068 11712.4927127681 56855.390689658 248708.843238632 26069.7418445483 160.452222261015 5833.27623287852 3828.6779788981 4735048.49194681 9819788.51624187 934627.480222131 60.8243408747358 5692.85271858875 15102.8654034478 0 0 1157880.86435313 0 0 5374.08012733504 0 0 1897.52349621688 0 0 4118.50847050644 0 0 617.044117763135 0 0 389036.648546817 0 0 1526.41852175192 0 0 1414362.0893405 0 0 954.626150120734 0 0 737.254094573617 0 0 395.084316317654 0 0 157.791451372035 0 0 338006.683876159 0 0 20.1969827535548 1395531.32968697
"62" 61 7135424.02368925 16254429.1913478 2881697.97591272 104233.75278936 273826.843617778 22630.5901577604 114723.338800674 194327.566917917 11524.9272619772 56505.5250809289 247325.994259168 25652.2574540782 159.45244569629 5799.87419565335 3765.78834846564 4754151.22215473 9869596.88555907 920181.29853477 61.685039369158 5787.64410263944 15293.6272335266 0 0 1209918.90676043 0 0 5631.34997858554 0 0 1953.25459718053 0 0 4239.47087853303 0 0 636.419946336363 0 0 406934.083302703 0 0 1557.32901165948 0 0 1420229.02323818 0 0 955.621166426328 0 0 748.204459137513 0 0 400.952465886437 0 0 159.974883994701 0 0 339847.519344996 0 0 21.425062652322 1395531.32968697
"63" 62 7118360.67614757 16209637.0487309 2819196.65814416 103397.640479031 271598.896754005 22085.489181246 113997.144540893 193199.104729836 11332.2646087531 56147.847311186 245889.769656155 25223.4276775471 158.430102698855 5765.23491317808 3701.23662468431 4773134.72112126 9919122.06419419 905577.479985219 62.5402973666422 5881.88102176791 15481.1874303163 0 0 1261835.1995649 0 0 5888.72293173771 0 0 2015.06103737051 0 0 4373.61959814667 0 0 657.765140312537 0 0 424930.928191978 0 0 1589.24485287623 0 0 1426088.56143554 0 0 956.059779733848 0 0 758.068936973049 0 0 406.23870371159 0 0 161.928013604992 0 0 341698.189044045 0 0 22.669117143045 1395531.32968697
"64" 63 7101456.48196081 16165275.499709 2756875.48438405 102547.729930293 269328.202547539 21539.4984261735 113255.222603736 192030.015576992 11134.9815153856 55782.423073482 244401.838007081 24784.3136955356 157.385442278072 5729.39832019709 3635.18855309543 4791996.3669953 9968353.50220054 890814.089164193 63.3899941091069 5975.54363861775 15665.4666621158 0 0 1313630.69894201 0 0 6145.20053862191 0 0 2082.28495367673 0 0 4519.5267604452 0 0 680.852049591143 0 0 443029.447330795 0 0 1622.25758408093 0 0 1431940.76889906 0 0 955.993749111118 0 0 766.912636456352 0 0 410.977920475249 0 0 163.665654761977 0 0 343558.463156746 0 0 23.9274236149741 1395531.32968697
"65" 64 7084713.25329539 16121349.6538221 2696489.73425642 101684.541373526 267016.837663227 20993.4594306494 112497.750919861 190821.624709015 10933.5420369551 55409.3400053047 242863.885993292 24335.9484048356 156.318772864787 5692.40473260176 3567.80445907577 4810733.56162282 10017280.9803232 876459.996298086 64.2340102321879 6068.61275655213 15846.393669103 0 0 1361742.76155932 0 0 6399.77083981281 0 0 2154.29485135747 0 0 4675.82172814901 0 0 705.463691449288 0 0 460142.279727378 0 0 1656.44779175503 0 0 1439593.52380887 0 0 955.476551787938 0 0 774.798013307368 0 0 415.203585337636 0 0 165.201901152225 0 0 345946.879022211 0 0 25.198372996205 1395531.32968697
"66" 65 7068132.70502513 16077864.2934273 2680901.42704428 100808.604478334 264666.856210597 20474.1723379655 111724.942915676 189575.257845967 10728.8230237876 55028.7032271241 241277.600894867 23880.2835045595 155.230448612073 5654.29439159061 3499.38905686946 4829343.74167686 10065894.6273749 876500.285062419 65.0722282758336 6161.06985482887 16023.9072592756 0 0 1319170.10479142 0 0 6605.49381799827 0 0 2229.71408741812 0 0 4839.51654572263 0 0 731.12523696892 0 0 449568.470479327 0 0 1691.88210144391 0 0 1493204.96468679 0 0 957.23605732972 0 0 781.875214468904 0 0 418.996159977679 0 0 166.570494269901 0 0 361579.282536463 0 0 26.4805012400998 1395531.32968697
"67" 66 7051716.47762904 16034823.945329 2666180.84567978 99920.4324773181 262280.219583763 20000.4355336271 110937.04752522 188292.245447169 10523.0401028092 54640.6353482426 239644.676023669 23422.2505514141 154.120870280051 5615.10762779159 3430.7155135012 4847824.38161713 10114184.9089253 876709.159202414 65.9045327789316 6252.89706333554 16197.9741709904 0 0 1275059.22040013 0 0 6729.51539256662 0 0 2304.75782920451 0 0 5002.39636608952 0 0 756.528984969481 0 0 438465.32390961 0 0 1728.58158610886 0 0 1547575.46668413 0 0 963.182275340502 0 0 788.575031594908 0 0 422.586499710158 0 0 167.868021689603 0 0 377523.803396683 0 0 27.7728676276145 1395531.32968697
"68" 67 7035466.11339509 15992232.8167353 2651516.85696853 99020.5477434853 259858.872732491 19564.8798067097 110134.343960402 186973.916140194 10318.207377725 54245.2738909441 237966.802360247 22966.3325504201 152.990477677947 5574.88465332636 3362.48102600884 4866172.99972187 10162142.6302107 876823.196711251 66.730810540421 6344.07716778124 16368.5997792797 0 0 1231056.42640002 0 0 6785.25677096144 0 0 2376.00065203201 0 0 5157.0264246173 0 0 780.501047760025 0 0 427334.627458972 0 0 1766.50312269562 0 0 1601869.62312161 0 0 972.532026907576 0 0 795.287239863976 0 0 426.183479685563 0 0 169.181160300431 0 0 393541.221599757 0 0 29.0752748905338 1395531.32968697
"69" 68 7019383.04865505 15950094.7775412 2636909.38497668 98109.487275758 257404.762428039 19161.3089916513 109317.139934478 185621.596570966 10115.8178708454 53842.7704154893 236245.668363047 22515.8526802687 151.83974736557 5533.66556378523 3295.19588790512 4884387.16302104 10209758.9359246 876843.30761951 67.5509508262212 6434.59360838122 16535.8196584587 0 0 1187161.88150446 0 0 6784.07416824341 0 0 2440.95179083001 0 0 5298.00060271941 0 0 802.198718437869 0 0 416173.698427413 0 0 1805.55407332081 0 0 1656087.05839187 0 0 984.622606394724 0 0 802.293664945667 0 0 429.938126399098 0 0 170.571804470254 0 0 409632.080338015 0 0 30.3880971641341 1395531.32968697
"70" 69 7003468.61369011 15908413.3645096 2622358.32769768 97187.8004454224 254919.833109695 18784.5331635894 108485.770138336 184236.611612228 9916.94927571931 53433.289769628 234482.960233745 22073.2096782139 150.669190725233 5491.49035142275 3229.22237840341 4902464.49192022 10257025.3097053 876770.887817059 68.3648455625057 6524.4304779981 16699.6911400306 0 0 1143375.70086567 0 0 6735.55069835276 0 0 2497.86559444291 0 0 5421.53002553594 0 0 821.041600616094 0 0 404979.080933751 0 0 1845.60697543513 0 0 1710227.41353152 0 0 998.894868497287 0 0 809.790173914707 0 0 433.955402318759 0 0 172.082240758882 0 0 425796.953830605 0 0 31.7121078771858 1395531.32968697
"71" 70 6987724.03286578 15867191.7857428 2607863.55876635 96256.0470158505 252406.023360299 18430.2112518697 107640.594558897 182820.284035858 9722.34853546816 53017.009260352 232680.361500183 21640.0660950743 149.479351757293 5448.39889981443 3164.80572912606 4920402.66455785 10303933.57394 876607.677461171 69.1723895187551 6613.57252107026 16860.2867770196 0 0 1099697.95033737 0 0 6647.77215856755 0 0 2545.58972885884 0 0 5525.11359234365 0 0 836.656696059176 0 0 393746.800663057 0 0 1886.510925935 0 0 1764290.351665 0 0 1014.87722283783 0 0 817.904302056697 0 0 438.303651847771 0 0 173.739277567902 0 0 442036.426815992 0 0 33.0483464230106 1395531.32968697
"72" 71 6972150.42514264 15826432.9261847 2593424.92896453 95314.7945020025 249865.260443917 18094.7092066108 106781.997389706 181373.935422864 9532.50580468417 52594.1181173178 230839.554174554 21217.5129201035 148.270805820381 5404.43102039814 3102.10107460252 4938199.42056206 10350475.887625 876355.641259921 69.9734804609605 6702.00512853469 17017.68885102 0 0 1056128.64249437 0 0 6527.57406423388 0 0 2583.43308258187 0 0 5607.25126978026 0 0 848.83085293034 0 0 382472.578656105 0 0 1928.10109055458 0 0 1818275.56212974 0 0 1032.171361182 0 0 826.710512524466 0 0 443.022778764279 0 0 175.557802551836 0 0 458351.07781561 0 0 34.3980075957053 1395531.32968697
"73" 72 6956748.80444787 15786139.3520816 2579042.26719744 94364.6178147719 247299.461239277 17775.0010617439 105910.383857985 179898.882363941 9347.70383747808 52164.8159300523 228962.213917743 20806.1795092254 147.044155035359 5359.62632987208 3041.19132558637 4955852.56577493 10396644.7497232 876016.89268883 70.768019358645 6789.71434434206 17171.985926549 0 0 1012667.73452411 0 0 6380.71749063127 0 0 2611.07541562103 0 0 5667.24798813096 0 0 857.478453037953 0 0 371151.970224022 0 0 1970.20482338672 0 0 1872182.76316884 0 0 1050.44189424581 0 0 836.240860251264 0 0 448.129960865572 0 0 177.543253184265 0 0 474741.468027855 0 0 35.7623689689435 1395531.32968697
"74" 73 6941520.08092987 15746313.3183029 2564715.38172444 93406.0949491821 244710.521746653 17468.5530609775 105026.181021733 178396.441120529 9168.07526468725 51729.3130405551 227050.015971582 20406.3610730136 145.80002999028 5314.02441293632 2982.10787190815 4973359.97411823 10442432.9915962 875593.607110243 71.5559104459852 6876.68684921818 17323.2689069696 0 0 969315.127026522 0 0 6212.08676505146 0 0 2628.46713866576 0 0 5704.99611552925 0 0 862.605643951828 0 0 359780.515322542 0 0 2012.64831505086 0 0 1926011.70382777 0 0 1069.40513328117 0 0 846.496325284808 0 0 453.625723345726 0 0 179.694235089682 0 0 491208.130699876 0 0 37.1427157985601 1395531.32968696
"75" 74 6926465.06137105 15706956.7722986 2550444.06065437 92439.8087754081 242100.324095879 17173.267511135 104129.832582981 176867.919306525 8993.62738874932 51287.8279886322 225104.624571942 20018.0738652807 144.5390819332 5267.66454729446 2924.83938266035 4990719.59313853 10487833.7852023 875087.990038555 72.3370614750795 6962.90997743634 17471.6296368781 0 0 926070.664145946 0 0 6025.79417803824 0 0 2635.78082321397 0 0 5720.87021238361 0 0 864.293289192751 0 0 348353.801779476 0 0 2055.2593074409 0 0 1979762.16489903 0 0 1088.82263985348 0 0 857.452855652449 0 0 459.497177083825 0 0 182.003901232716 0 0 507751.566007175 0 0 38.5403066533271 1395531.32968697
"76" 75 6911584.4511439 15668071.3630965 2536228.07298169 91466.3412809637 239470.7216171 16887.3895636237 103221.801377125 175314.623899727 8824.2854380577 50840.5887379869 223127.703145107 19641.1514589026 143.261987137049 5220.58597929156 2869.34729781909 5007929.4440892 10532840.6305719 874502.216994915 73.1113836904971 7048.37169037684 17617.1582080071 0 0 882934.134300588 0 0 5825.33453355355 0 0 2633.33792753562 0 0 5715.56799264094 0 0 862.671092717387 0 0 336867.563886175 0 0 2097.87141086071 0 0 2033433.95931503 0 0 1108.49268687375 0 0 869.069363576255 0 0 465.722303705508 0 0 184.461777346065 0 0 524372.235138971 0 0 39.956327412431 1395531.32968697
"77" 76 6896878.85464921 15629658.4448025 2522067.16886802 90486.2767427531 236823.549751746 16609.4752567443 102302.563065483 173737.850273184 8659.90439930045 50387.8295695662 221120.900347689 19275.2710823139 141.969437286137 5172.82755924632 2815.56990600518 5024987.6277436 10577447.3666667 873838.42334697 73.87879210062 7133.06059901636 17759.9425490482 0 0 839905.271533771 0 0 5613.65001765344 0 0 2621.5821710033 0 0 5690.05253370085 0 0 857.908413291311 0 0 325317.708684565 0 0 2140.32519846005 0 0 2087026.93200159 0 0 1128.24598654031 0 0 881.291380441036 0 0 472.271914230001 0 0 187.054585357087 0 0 541070.558296236 0 0 41.3918747559238 1395531.32968697
"78" 77 6882348.77769926 15591719.086457 2507961.08048839 89500.1962583021 234160.611810939 16338.3227004365 101372.608436914 172138.88966698 8500.29814000384 49929.7922151964 219085.859576157 18920.0184406537 140.662143545111 5124.42799942649 2763.43263843302 5041892.32404136 10621648.1585526 873098.669560286 74.6392054331947 7216.96593696056 17900.0669055922 0 0 796983.757626869 0 0 5393.24221367201 0 0 2601.03145090918 0 0 5645.44791354654 0 0 850.197548571029 0 0 313700.368736339 0 0 2182.47047090731 0 0 2140540.95924415 0 0 1147.93960281296 0 0 894.056136086393 0 0 479.112370992774 0 0 189.767381750068 0 0 557846.912495245 0 0 42.8479343611227 1395531.32968697
"79" 78 6867994.62862556 15554254.0771642 2493909.52238504 88508.6781531798 231483.681542514 16072.9423856396 100432.440404622 170519.024875781 8345.24994601998 49466.7243783957 217024.213478267 18574.9111701735 139.340832120765 5075.42573271951 2712.85168613763 5058641.79505986 10665437.4996414 872284.933240417 75.3925462674522 7300.07756514163 18037.6115257498 0 0 754169.224059632 0 0 5166.22682707023 0 0 2572.25695472889 0 0 5582.99387464301 0 0 839.746606286216 0 0 302011.918129033 0 0 2224.16691779602 0 0 2193975.94791672 0 0 1167.45360432319 0 0 907.295168841012 0 0 486.206986326976 0 0 192.584137519804 0 0 574701.63110562 0 0 44.3253722792029 1395531.32968698
"80" 79 6853816.71963462 15517263.9322603 2479912.19189432 87512.2999557348 228794.510752205 15812.5286234706 99482.5687011494 168879.52152316 8194.5215745938 48998.8771214616 214937.572847658 18239.418988612 138.006236299389 5025.85862541733 2663.73705099533 5075234.3896095 10708810.2180064 871399.105140573 76.138741243479 7382.38598488962 18172.6525320003 0 0 711461.254834421 0 0 4934.3907043162 0 0 2535.86264876641 0 0 5504.0013047573 0 0 826.772558656866 0 0 290248.984131084 0 0 2265.28459556622 0 0 2247331.83419311 0 0 1186.68733903286 0 0 920.937137752748 0 0 493.517529598814 0 0 195.488361521599 0 0 591635.003929844 0 0 45.8249270112403 1395531.32968697
"81" 80 6839815.27032966 15480748.9056129 2465968.76996646 86511.6280418539 226094.799895862 15556.4082198779 98523.5183416391 167221.647743039 8047.8729349727 48526.5090339417 212827.551672959 17913.0075004231 136.659110131372 4975.76464448802 2615.999414367 5091668.53742203 10751761.4481516 870442.970120675 76.8777207525516 7463.8822791524 18305.2611131669 0 0 668859.389219753 0 0 4699.26123472223 0 0 2492.46072138274 0 0 5409.79893734403 0 0 811.492993161417 0 0 278408.460637246 0 0 2305.70444233777 0 0 2300608.58227864 0 0 1205.5564766979 0 0 934.90943533397 0 0 501.005091455567 0 0 198.46342958873 0 0 608647.278618718 0 0 47.3472136713293 1395531.32968697
"82" 81 6825990.4070302 15444708.9889628 2452078.92109542 85507.2294265142 223386.23448911 15304.0478476732 97555.8146339944 165546.644673052 7905.05546674459 48049.8788495793 210695.729583885 17595.123458238 135.300205064147 4925.18086806065 2569.54762791267 5107942.76043516 10794286.6632432 869418.222969545 77.609419491099 7544.55817990369 18435.5042697991 0 0 626363.12421261 0 0 4462.12093012824 0 0 2442.66801851876 0 0 5301.72561497223 0 0 794.124939366408 0 0 266487.503755007 0 0 2345.31812372511 0 0 2353806.1830287 0 0 1223.99066545701 0 0 949.140287120742 0 0 508.631208950439 0 0 201.493069962968 0 0 625738.660696728 0 0 48.892713425938 1395531.32968697
"83" 82 6812342.16675187 15409143.9255432 2438242.29420498 84499.6631363963 220670.461075811 15055.0128838638 96579.9894313865 163855.741728566 7765.82600212841 47569.2485259068 208543.671290903 17285.2256176406 133.930280232195 4874.144007203 2524.29347179856 5124055.66809801 10836381.6503378 868326.459552804 78.3337762056668 7624.40601653473 18563.4444675056 0 0 583971.918332361 0 0 4224.0633380424 0 0 2387.08972292599 0 0 5181.09486566583 0 0 774.8795739544 0 0 254483.529304268 0 0 2384.02786548653 0 0 2406924.65196827 0 0 1241.93111223626 0 0 963.559644262709 0 0 516.358343869193 0 0 204.561524932572 0 0 642909.316418664 0 0 50.4617843399059 1395531.32968697
"84" 83 6798870.4998156 15374053.2187931 2424458.52316573 83489.4742615967 217949.070350548 14808.9453785142 95596.5858110161 162150.167705543 7629.95340325204 47084.8855487094 206372.940716146 16982.7995104642 132.550110058025 4822.69078269087 2480.15389283635 5140005.95371953 10878042.4929722 867169.174738456 79.0507335002819 7703.41867981727 18689.1395768455 0 0 541685.193997291 0 0 3986.01943926678 0 0 2326.31377362358 0 0 5049.18279052996 0 0 753.960563363947 0 0 242394.203829376 0 0 2421.74601763086 0 0 2459964.02804334 0 0 1259.32969251606 0 0 978.099091543744 0 0 524.149833439674 0 0 207.653501758598 0 0 660159.375087589 0 0 52.0546726253269 1395531.32968697
"85" 84 6785575.26985653 15339436.1337055 2410727.22689596 82477.2057726381 215223.633885603 14565.5705053998 94606.1428199566 160431.120981851 7497.21208435541 46597.0554187846 204185.06306781 16687.3430264685 131.160460509626 4770.85692604522 2437.04855862569 5155792.40543321 10919265.601747 865947.778437862 79.760238375079 7781.58968618232 18812.6436228238 0 0 499502.34092084 0 0 3748.77441480403 0 0 2260.90673657091 0 0 4907.21910119002 0 0 731.56266394502 0 0 230217.4390864 0 0 2458.39489570474 0 0 2512924.37150806 0 0 1276.1464482959 0 0 992.694043860256 0 0 531.971067394289 0 0 210.754682980557 0 0 677488.929796527 0 0 53.6715019345511 1395531.32968697
"86" 85 6772456.25761311 15305291.7090203 2396050.1937675 81463.389609129 212495.67863917 14324.6094386368 93609.2031107382 158699.786899389 7367.39006797298 46106.0254127517 201981.546962859 16398.3843448431 129.762101452724 4718.67777071281 2394.9026019592 5171413.89991092 10960047.6875855 864303.73662031 80.4622418995082 7858.91312210527 18934.0066658902 0 0 459445.261382549 0 0 3513.10322896669 0 0 2191.40905650945 0 0 4756.37681408037 0 0 707.870415690139 0 0 218644.194372848 0 0 2493.90613673163 0 0 2564780.99587025 0 0 1292.34264078424 0 0 1007.28317785782 0 0 539.789183391904 0 0 213.85156039248 0 0 694565.080362364 0 0 55.3122904765934 1395531.32968698
"87" 86 6759513.1572418 15271618.7477684 2341228.48704261 80448.5530757606 209766.706444274 14067.2767990901 92606.310123144 156957.333397605 7239.98322970182 45612.0631949814 199763.878869679 16114.8013822395 128.355802457037 4666.18810848215 2353.53888930612 5186869.40386258 11000385.7617669 848060.016830112 81.1566992793663 7935.38364466495 19053.2737193233 0 0 500963.826711884 0 0 3312.46263242674 0 0 2118.88216086848 0 0 4598.95972036195 0 0 683.24861006882 0 0 234980.494461348 0 0 2528.22267900919 0 0 2575268.87946291 0 0 1305.97994508553 0 0 1021.74510016784 0 0 547.539128398039 0 0 216.917159440948 0 0 698258.487408975 0 0 56.9769266711726 1395531.32968697
"88" 87 6746745.56328023 15238415.7811525 2286370.78859569 79433.231391963 207038.23072145 13780.6634365294 91598.0082721003 155204.912516848 7113.53616084113 45115.436910139 197533.525021443 15833.3546805819 126.942333225167 4613.42223954218 2312.44740029797 5202157.97424249 11040277.1318747 831647.879905817 81.8435698594329 8010.99647356156 19170.471932928 0 0 542756.37861575 0 0 3169.93869531482 0 0 2046.09284031899 0 0 4440.97304254575 0 0 658.651801892782 0 0 251451.496826292 0 0 2561.32105240002 0 0 2585568.22895527 0 0 1315.72375155228 0 0 1035.76082084245 0 0 555.049960092548 0 0 219.880245926335 0 0 701912.696371983 0 0 58.6649071335829 1395531.32968697
"89" 88 6734152.98915432 15205681.1225889 2231646.64601294 78417.9493941689 204311.724914719 13470.576699764 90584.8425927971 153443.660803405 6986.75169977198 44616.4150083926 195291.931931606 15551.1570091699 125.522463186198 4560.41398657452 2271.17739232741 5217278.75857001 11079719.3983903 815128.994548376 82.5228171323747 8085.74738447128 19285.6029706347 0 0 584477.364980177 0 0 3075.54255854538 0 0 1975.52030433386 0 0 4287.7978181971 0 0 634.928207656756 0 0 267939.230273934 0 0 2593.22463021833 0 0 2595854.66041984 0 0 1322.16284849006 0 0 1049.04525186572 0 0 562.168903733725 0 0 222.677689286467 0 0 705584.39459961 0 0 60.3751811244255 1395531.32968697
"90" 89 6721734.87492731 15173412.8906606 2177054.819047 77403.2160138814 201588.607541822 13141.9227079801 89567.3574341796 151674.69801535 6858.71164046214 44115.2656019094 193040.524746809 15266.1646190931 124.09695970279 4507.19665598351 2229.4138922498 5232230.99465431 11118710.4496803 798502.989159034 83.1944087191206 8159.63269912088 19398.6494874672 0 0 626127.383856271 0 0 3020.8553082736 0 0 1908.95956295975 0 0 4143.33005392488 0 0 612.683877290821 0 0 284445.159762032 0 0 2623.99225086211 0 0 2606128.41698766 0 0 1325.79510185226 0 0 1061.39320418182 0 0 568.786001332283 0 0 225.26466308697 0 0 709273.202531258 0 0 62.1062857272663 1395531.32968697
"91" 90 6709490.58991552 15141609.0172552 2122594.05910655 76389.5245251451 198870.243827172 12798.8390289054 88546.094632863 149899.124696782 6728.79988558359 43612.25556544 190780.704159541 14977.0061969441 122.666585466333 4453.80296157206 2186.94949014338 5247014.01045922 11157248.4578226 781769.199960519 83.8583163571829 8232.6492771382 19509.5811049375 0 0 667707.029513037 0 0 2998.79540969201 0 0 1847.6586495822 0 0 4010.27856260022 0 0 592.332480247642 0 0 300971.318203013 0 0 2653.70775198289 0 0 2616389.73889007 0 0 1327.0409117096 0 0 1072.66345820428 0 0 574.825575256605 0 0 227.610902599026 0 0 712978.708448726 0 0 63.8564696945712 1395531.32968697
"92" 91 6697419.43524228 15110267.2554279 2068263.10692156 75377.3529383772 196157.947732232 12444.8137415054 87521.5917137666 148118.019723541 6596.63915601707 43107.6496500642 188513.843284507 14682.8419924251 121.232095923169 4400.26494712095 2143.66120328794 5261627.22384371 11195331.8743769 764926.776823354 84.5145158837529 8304.7945078201 19618.3591557386 0 0 709216.896894981 0 0 3003.41051124926 0 0 1792.43140622688 0 0 3890.40975991342 0 0 574.136059707418 0 0 317520.120180466 0 0 2682.47165615396 0 0 2626638.86224627 0 0 1326.25523472607 0 0 1082.76569477042 0 0 580.239224711238 0 0 229.697646876545 0 0 716700.480698295 0 0 65.6237917603868 1395531.32968697
"93" 92 6685520.64657767 15079385.1876823 2014060.69103019 74367.1632800062 193452.98052865 12082.7899485411 86494.3815034946 146332.440685047 6462.03680993955 42601.710292766 186241.288144606 14383.2432221235 119.794238897629 4346.61400349014 2099.49075234403 5276070.14112001 11232959.4226612 747974.770854873 85.1629871614659 8376.06629474566 19724.940596175 0 0 750657.584903376 0 0 3029.69183816228 0 0 1743.75555842468 0 0 3784.76053244291 0 0 558.240326606955 0 0 334094.205018235 0 0 2710.39419000053 0 0 2636876.01820039 0 0 1323.7384702059 0 0 1091.6489564814 0 0 584.999642327886 0 0 231.514949938269 0 0 720438.077994799 0 0 67.4062044175912 1395531.32968697
"94" 93 6673793.39660807 15048960.2334232 1959985.527998 73359.4024935739 190756.55429709 11715.2485300934 85464.9900786594 144543.420782589 6324.94411356215 42094.6966059069 183964.353723296 14078.1014140577 118.353751603964 4292.88076916074 2054.42984940827 5290342.35674813 11270130.0939561 730912.194817623 85.8037140611057 8446.4630485468 19829.2807117511 0 0 792029.697555806 0 0 3073.43124241936 0 0 1701.8445097709 0 0 3693.79406523839 0 0 544.700290297579 0 0 350696.330044257 0 0 2737.59055800168 0 0 2647101.43234212 0 0 1319.74462713051 0 0 1099.29341362214 0 0 589.096201635321 0 0 233.059777726126 0 0 724191.056328116 0 0 69.2016093711163 1395531.32968697
"95" 94 6662236.79755626 15018989.6564414 1906036.32279696 72354.5021408457 188069.83166645 11344.279899524 84433.9362290815 142751.968731787 6185.42149665126 41586.8641128312 181684.323840456 13767.5510731915 116.911360000538 4239.09513054084 2008.50767799286 5304443.5519166 11306843.1405163 713738.073350287 86.4366843904001 8515.98367311686 19931.3353601875 0 0 833333.844719616 0 0 3131.09432438899 0 0 1666.71009869142 0 0 3617.53605318976 0 0 533.502615280897 0 0 367329.27944353 0 0 2764.1769096421 0 0 2657315.3243684 0 0 1314.48874291694 0 0 1105.70299393094 0 0 592.5310074544 0 0 234.334307966274 0 0 727958.974854184 0 0 71.0079060120058 1395531.32968697
"96" 95 6650849.90385176 14989470.5727764 1852211.77039684 71352.8785870254 185393.927071094 10971.6465660778 83401.7304392685 140959.06768907 6043.61006380347 41078.4642462069 179402.449786088 13451.9062710464 115.467777404749 4185.28619010385 1961.78072207009 5318373.49320852 11343098.0689347 696451.479252473 87.0618898275538 8584.62755261295 20031.0626027832 0 0 874570.641487506 0 0 3199.71110328067 0 0 1638.21355638845 0 0 3555.68530346839 0 0 524.583607493789 0 0 383995.797605509 0 0 2790.26739923975 0 0 2667517.90791191 0 0 1308.15320611866 0 0 1110.8994524343 0 0 595.315718004247 0 0 235.344574845559 0 0 731741.400172083 0 0 72.8230266283917 1395531.32968697
"97" 96 6639631.71449381 14960399.9576074 1798510.55741972 70354.9328074661 182729.906699032 10598.8317020326 82368.8744935338 139165.675296407 5899.71010962035 40569.7441535315 177119.950377245 13131.6128246388 114.023704034921 4131.48227059355 1914.32512668179 5332132.03102178 11378894.6332115 679051.559053678 87.6793258438865 8652.39453786387 20128.4238590226 0 0 915740.707248333 0 0 3276.79009155549 0 0 1616.10444746452 0 0 3507.69825479146 0 0 517.84290440603 0 0 400698.540954119 0 0 2815.9720607562 0 0 2677709.39049907 0 0 1300.89278955742 0 0 1114.91778236696 0 0 597.469085677434 0 0 236.099424348169 0 0 735537.909399975 0 0 74.6449621869295 1395531.32968697
"98" 97 6628581.1754741 14931774.6523024 1744931.36487516 69361.0517662124 180078.793312599 10227.0838127755 81335.8593254917 137372.720187961 5753.96271764346 40060.9456379287 174838.00751195 12807.2073392709 112.5798238303 4077.71080161279 1866.23021726337 5345719.09898077 11414232.8309441 661537.550623979 88.2889916757527 8719.28493930257 20223.3847296072 0 0 956844.663578345 0 0 3360.24370904763 0 0 1600.05189454617 0 0 3472.85674937702 0 0 513.154324011081 0 0 417440.04620652 0 0 2841.39539812133 0 0 2687889.97363015 0 0 1292.83876961566 0 0 1117.80277195448 0 0 599.015111867263 0 0 236.609741420695 0 0 739348.092021227 0 0 76.471778092961 1395531.32968697
"99" 98 6617697.18268058 14903591.3726598 1691472.87075382 68371.605459067 177441.557710334 9857.45175160013 80303.1679348674 135581.108703398 5606.63616378883 39552.3065947854 172557.774713415 12479.2869452074 111.136809159798 4023.99854669186 1817.59377246193 5359134.70963143 11449112.8881699 643908.793662188 88.8908901141061 8785.2994964473 20315.9154869282 0 0 997883.132289359 0 0 3448.31845059791 0 0 1589.67350514691 0 0 3450.33081768961 0 0 510.37589165986 0 0 434222.701690491 0 0 2866.63511357916 0 0 2698059.85290369 0 0 1284.10345993478 0 0 1119.60511773095 0 0 599.980964148189 0 0 236.887572844709 0 0 743171.552053979 0 0 78.3016331500056 1395531.32968697
"100" 99 6606978.58319401 14875846.712758 1638133.75312036 67386.9527760238 174819.13707691 9490.8166944016 79271.2683615396 133791.71131448 5458.01335202166 39044.0575512061 170280.359854793 12148.4813319192 109.695309965037 3970.3711511443 1768.51759261824 5372378.95777959 11483535.2684472 626164.739092827 89.4850276716512 8850.43939754182 20405.9915721391 0 0 1038856.73257404 0 0 3539.55507269388 0 0 1584.54952802737 0 0 3439.2094043255 0 0 509.354657670563 0 0 451048.740650479 0 0 2891.78176984289 0 0 2708219.21821719 0 0 1274.78160885186 0 0 1120.38071736865 0 0 600.396597313 0 0 236.945984919685 0 0 747007.907683802 0 0 80.1327771835527 1395531.32968697
"101" 100 6596424.17947379 14848537.1565849 1584912.69424764 66407.4334438888 172212.410939894 9127.91521246476 78240.6225328172 132005.381376267 5308.38595299888 38536.4260236264 168006.84902434 11815.4397018362 108.255967766884 3916.85377284924 1719.10566749432 5385452.01114399 11517500.6420849 608304.942839019 90.0714141247426 8914.70621683555 20493.593355142 0 0 1079766.07764212 0 0 3632.72543221639 0 0 1584.24567214305 0 0 3438.54989574187 0 0 509.93441636522 0 0 467920.228300007 0 0 2916.91819703895 0 0 2718368.25401766 0 0 1264.95534829499 0 0 1120.18661974826 0 0 600.292583071211 0 0 236.798154806927 0 0 750856.793175812 0 0 81.9635683893832 1395531.32968697
"102" 101 6586032.72964627 14821659.0790255 1531808.38325794 65433.3764440145 169622.227088895 8769.36389542241 77211.6765095234 130222.935857544 5158.04410239027 38029.6317136458 165738.28200051 11480.8078408041 106.819400467775 3863.47043715159 1669.46047212571 5398354.11622328 11551009.9036387 590329.074984635 90.6500628068049 8978.10195167915 20578.7066435765 0 0 1120611.77207186 0 0 3726.81259259905 0 0 1588.31926291046 0 0 3447.3914822173 0 0 511.957791368933 0 0 484839.062786979 0 0 2942.11946624097 0 0 2728507.13950033 0 0 1254.69404438882 0 0 1119.08169688336 0 0 599.700470124164 0 0 236.457540021305 0 0 754717.857633488 0 0 83.7924636941031 1395531.32968697
"103" 102 6575802.95094674 14795208.7554062 1478819.52151072 64465.0971785558 167049.39347126 8415.679472128 76184.8635280016 128445.162248775 5007.27182137362 37523.8880063291 163475.661043896 11145.2179249929 105.386207278359 3810.24427146717 1619.68154050039 5411085.59314275 11584064.1545707 572236.910752157 91.2209903581589 9040.62898766787 20661.3223953264 0 0 1161394.4069622 0 0 3820.96773397771 0 0 1596.33209214531 0 0 3464.78304819382 0 0 515.270457409957 0 0 501806.978132775 0 0 2967.45292601244 0 0 2738636.04894801 0 0 1244.05723590168 0 0 1117.12462269205 0 0 598.651701016544 0 0 235.937436531196 0 0 758590.765263282 0 0 85.6180226538775 1395531.32968697
"104" 103 6565733.52314769 14769182.3708509 1425944.82666341 63502.8901131554 164494.656101814 8067.28082599259 75160.6123469267 126672.835964235 4856.35091206364 37019.4060813221 161219.97304539 10809.2971913675 103.956981870545 3757.19808927572 1569.86710712522 5423646.82711273 11616664.6759054 554028.311032622 91.7842163090989 9102.29004293615 20741.4359049171 0 0 1202114.55642917 0 0 3914.48507719007 0 0 1607.85512551286 0 0 3489.79338963349 0 0 519.722475914301 0 0 518825.55606968 0 0 2992.97868415512 0 0 2748755.15196987 0 0 1233.09731023706 0 0 1114.3720038052 0 0 597.176610462281 0 0 235.250568299806 0 0 762475.195737144 0 0 87.4389114207829 1395531.32968697
"105" 104 6555823.08751131 14743576.0176213 1373183.03611727 62547.044159651 161958.74603575 7724.5237875864 74139.3296461906 124906.685209736 4705.54370169217 36516.3862436461 158972.144812391 10473.6295295729 102.53228485513 3704.35321197356 1520.10774703848 5436038.28039068 11648812.9648637 535703.244959908 92.3397636759503 9163.08824509177 20819.0480147389 0 0 1242772.77388763 0 0 4006.78450122717 0 0 1622.47608707565 0 0 3521.52767601432 0 0 525.171064935695 0 0 535896.220733403 0 0 3018.74919950339 0 0 2758864.61370954 0 0 1221.85806454821 0 0 1110.88013413048 0 0 595.305365591264 0 0 234.409499241835 0 0 766370.842331049 0 0 89.2538882967618 1395531.32968697
"106" 105 6546070.25127587 14718385.7073088 1320532.91467084 61597.834847475 159442.356057174 7387.70392459041 73121.4090156175 123147.409790283 4555.09808838037 36015.0223509758 156733.067005815 10138.7667128466 101.1126580185 3651.73010266931 1470.48847936778 5448260.48219358 11680510.7026696 517261.762141821 92.8876584686399 9223.02706561972 20894.1640602586 0 0 1283369.58509067 0 0 4097.38458729369 0 0 1639.80294305526 0 0 3559.13501171349 0 0 531.48144218015 0 0 553020.259925009 0 0 3044.8100484242 0 0 2768964.59521717 0 0 1210.37750467753 0 0 1106.70317524663 0 0 593.066990847661 0 0 233.426236507429 0 0 770277.411943453 0 0 91.0618056501378 1395531.32968697
"107" 106 6536473.59125967 14693607.3805354 1268780.97307843 60655.5148150707 156946.112019662 7057.07691465422 72107.2419196015 121395.703612274 4405.25813036754 35515.5072141321 154503.622779257 9805.25196759225 99.6986415586063 3599.34912114 1421.09282812558 5460314.01822079 11711759.7216796 499013.71267661 93.4279291785255 9282.11025261999 20966.7926053161 0 0 1322311.18785408 0 0 4185.83834934019 0 0 1659.4603331103 0 0 3601.80069022084 0 0 538.525233406456 0 0 569598.209768213 0 0 3071.20091315412 0 0 2779861.85705415 0 0 1198.69316987015 0 0 1101.89183029079 0 0 590.488657344411 0 0 232.311941358404 0 0 774485.514393307 0 0 92.8616110636966 1395531.32968697
"108" 107 6527031.6562401 14669236.9139712 1252548.92580201 59720.3262366279 154470.611307181 6745.09553962873 71097.1996186837 119652.218634206 4256.44616243726 35018.0236927845 152284.641898081 9474.02532929584 98.2907457639772 3547.22931278578 1372.06657391072 5472199.54285866 11742562.0429665 494610.980554024 93.9606073892785 9340.3419100278 21036.9477456087 0 0 1289519.06825361 0 0 4250.19144085143 0 0 1680.73849930477 0 0 3647.98420672722 0 0 546.05856904792 0 0 559157.854115957 0 0 3097.95338351787 0 0 2827021.24715258 0 0 1188.09011886627 0 0 1096.53680566154 0 0 587.618973391373 0 0 231.086732336781 0 0 791816.431688632 0 0 94.65235259541 1395531.32968697
"109" 108 6517742.98024667 14645270.1575126 1236521.26095128 58792.4874541856 152016.384297516 6460.33592478352 70091.638229583 117917.575693211 4109.70495157809 34522.7471877051 150076.914518632 9147.40779544801 96.8894591340255 3495.38877701338 1323.77263947127 5483917.77169531 11772919.8527512 490199.045104355 94.4857274132303 9397.72644977066 21104.6568808864 0 0 1256463.94464866 0 0 4275.30729521401 0 0 1701.80819061194 0 0 3693.71523577246 0 0 553.450473335169 0 0 548565.437206889 0 0 3125.07667592185 0 0 2874294.73283493 0 0 1179.45696115905 0 0 1090.8588810516 0 0 584.57625178544 0 0 229.799852981754 0 0 809259.217889602 0 0 96.4333542908449 1395531.32968697
"110" 109 6508606.07445146 14621702.9106874 1220533.97580357 57872.2023597576 149583.920923716 6198.898728053 69090.9007381017 116192.369010154 3965.96520524625 34029.8466321994 147881.196922014 8827.47094070939 95.4952516327266 3443.84482044022 1276.53227766393 5495469.47724076 11802835.4890711 485715.072537749 95.0033260867895 9454.26856514957 21169.9652956901 0 0 1223475.79577508 0 0 4268.04232179811 0 0 1721.03791484965 0 0 3735.4526805611 0 0 560.142855630783 0 0 537944.610127424 0 0 3152.54930844857 0 0 2921515.27365432 0 0 1172.40563680034 0 0 1085.0556981426 0 0 581.466405982012 0 0 228.495021115769 0 0 826753.587494004 0 0 98.2043171661926 1395531.32968697
"111" 110 6499619.42551022 14598530.9176076 1204586.25353203 56959.6650150424 147173.684255035 5957.49472799067 68095.3158377253 114477.164142764 3825.89654112748 33539.4839200737 145698.208908973 8515.70520444503 94.1085728881208 3392.61388712964 1230.57335301995 5506855.48770134 11832311.4379743 481160.722008009 95.5134427179962 9509.97322414701 21232.9319629346 0 0 1190554.33880698 0 0 4234.1743953301 0 0 1737.25953575281 0 0 3770.66114213126 0 0 565.741550429402 0 0 527294.020325674 0 0 3180.32648488624 0 0 2968682.90332267 0 0 1166.61075637501 0 0 1079.27119451334 0 0 578.366570147361 0 0 227.203647547965 0 0 844299.579707452 0 0 99.9652305568291 1395531.32968697
"112" 111 6490781.49730297 14575749.8715691 1188677.28465237 56055.0597907268 144786.111095629 5733.35566493721 67105.1981114801 112772.498609039 3689.9598433763 33051.8139952066 143528.634593323 8213.13642557951 92.7298524934361 3341.71157846235 1186.04955385417 5518076.68482814 11861350.3268976 476537.862296692 96.0161189879386 9564.84565681212 21293.6254336205 0 0 1157699.29049519 0 0 4178.56036384545 0 0 1749.6744031376 0 0 3797.60717815474 0 0 569.982272415024 0 0 516611.951588488 0 0 3208.34719735059 0 0 3015797.65259977 0 0 1161.80040504434 0 0 1073.60653107863 0 0 575.330955022612 0 0 225.947402792242 0 0 861897.258448935 0 0 101.716288336578 1395531.32968697
"113" 112 6482090.73272325 14553355.4197591 1172806.26914143 55158.5609454142 142421.610844732 5524.14910310836 66120.8488492911 111078.88376523 3558.45238462631 32566.9852541284 141373.12479211 7920.42627545857 91.3595012877954 3291.1527145268 1143.05688567699 5529134.00132781 11889954.9167843 471848.496214911 96.5113988310278 9618.891340067 21352.1204060991 0 0 1124910.36218898 0 0 4105.28449630112 0 0 1757.77340460514 0 0 3815.18577795242 0 0 572.701730945298 0 0 505896.457071447 0 0 3236.54008574971 0 0 3062859.55285481 0 0 1157.74758525065 0 0 1068.12929182061 0 0 572.395777933069 0 0 224.740369910964 0 0 879546.701132513 0 0 103.457820478348 1395531.32968697
"114" 113 6473545.55541832 14531343.1678246 1156972.41791118 54270.3328515082 140080.56632444 5327.9097973404 65142.5561160345 109396.805174195 3431.54273782572 32085.1395795394 139232.29749443 7637.9499648379 89.9979114701646 3240.9513452417 1101.64634731472 5540028.4187948 11918128.0958512 467094.70497425 96.999328340977 9672.11598591238 21408.4952194442 0 0 1092187.2566278 0 0 4017.78000291469 0 0 1761.27425167891 0 0 3822.784244246 0 0 573.815122474111 0 0 495145.458005095 0 0 3264.82775915586 0 0 3109868.63851836 0 0 1154.26309975193 0 0 1062.8807975291 0 0 569.583182120958 0 0 223.590744558705 0 0 897247.990450118 0 0 105.190242003424 1395531.32968697
"115" 114 6465144.37136185 14509708.6839846 1141174.95390813 53390.5301439485 137763.334327074 5142.98371479041 64170.5948909257 107726.723090371 3309.29857071377 31606.4124089634 137106.738478654 7365.85810900806 88.6454568135892 3191.12076509219 1061.83398706373 5550760.96578182 11945872.8738236 462278.605276025 97.4799556833135 9724.52553054253 21462.8299273295 0 0 1059529.66607185 0 0 3918.92795614977 0 0 1760.0716019443 0 0 3820.17393500403 0 0 573.298289904663 0 0 484356.819303091 0 0 3293.13011281374 0 0 3156824.94849485 0 0 1151.18976923349 0 0 1057.88191683491 0 0 566.904350798144 0 0 222.502181425981 0 0 915001.208509282 0 0 106.914013745209 1395531.32968697
"116" 115 6456885.57070345 14488447.5038506 1125413.11298643 52519.2974037708 135470.244766135 4967.97425959053 63205.2277886645 106069.074108122 3191.71225920594 31130.9330899392 134997.003410337 7104.13373823258 87.3024937904722 3141.67356683587 1023.61011058335 5561332.71518942 11973192.3741786 457402.312043164 97.9533309752215 9776.12611943452 21515.2046367317 0 0 1026937.27149518 0 0 3811.15067513802 0 0 1754.19202946126 0 0 3807.41252829543 0 0 571.171727649186 0 0 473528.412966571 0 0 3321.36710585467 0 0 3203728.52682211 0 0 1148.39706217137 0 0 1053.13820552831 0 0 564.362261236116 0 0 221.474976166018 0 0 932806.432500381 0 0 108.629610307427 1395531.32968697
"117" 116 6448767.52920973 14467555.1341642 1109686.14440249 51656.7693519505 133201.601319037 4801.704316342 62246.7051498854 104424.271514211 3078.71824145555 30658.8249245704 132903.618290813 6852.63092453008 85.9693617008017 3092.62165161502 986.945480908544 5571744.78249596 12000089.8289625 452467.914748571 98.4195062058462 9826.92409762531 21565.6984605247 0 0 994409.742658167 0 0 3696.47890294824 0 0 1743.76281824564 0 0 3784.77628963073 0 0 567.489555255207 0 0 462658.159001972 0 0 3349.46055932681 0 0 3250579.42268111 0 0 1145.77716123112 0 0 1048.64354848575 0 0 561.953636424384 0 0 220.506899278806 0 0 950663.732214442 0 0 110.337498658677 1395531.32968697
"118" 117 6440788.60984694 14447027.0568943 1093993.31112973 50803.0717516729 130957.684251891 4643.18254203696 61295.2643837154 102792.704158199 2970.20740321613 30190.2048457106 130827.078019526 6611.10680070687 84.6463816462753 3043.97619000933 951.796402058938 5581998.32425515 12026568.5744843 447477.460074727 98.8785351703499 9876.92600187025 21614.3887632176 0 0 961946.739122689 0 0 3576.61410672988 0 0 1728.98490035186 0 0 3752.70133501576 0 0 562.330048191023 0 0 451744.056022485 0 0 3377.33550748455 0 0 3297377.68971444 0 0 1143.24116233021 0 0 1044.38345136978 0 0 559.670709047111 0 0 219.593943170277 0 0 968573.168739751 0 0 112.038121246465 1395531.32968697
"119" 118 6432947.16464884 14426858.7340509 1078333.89012973 49958.3190799941 128738.743385327 4491.56551178754 60351.1330079224 101174.742654616 2866.04362240062 29725.1849143498 128767.854287693 6379.25838534331 83.3338612482286 2995.74782720484 918.110598144411 5592094.53401437 12052632.0392574 442432.931165247 99.3304732774735 9926.1385367817 21661.350243921 0 0 929547.911546146 0 0 3452.98625060748 0 0 1710.10784435173 0 0 3711.72934431855 0 0 555.78689814744 0 0 440784.208982338 0 0 3404.92143443455 0 0 3344123.38507073 0 0 1140.71621271712 0 0 1040.33742263708 0 0 557.502497968428 0 0 218.730857428123 0 0 986534.794096704 0 0 113.731884902875 1395531.32968698
"120" 119 6425241.53537427 14407045.6093575 1062707.17228116 49122.6192512466 126545.01245931 4346.15022053531 59414.5235768723 99570.7294337441 2766.0650169956 29263.8698214446 126726.382915674 6156.72536040957 82.0320867353824 2947.94634963628 885.827541252058 5602034.64451177 12078283.7508942 437336.250674309 99.7753776639512 9974.56858994025 21706.6551027864 0 0 897212.903689279 0 0 3326.78385048756 0 0 1687.41913614636 0 0 3662.4842956459 0 0 547.9655563244 0 0 429776.83448492 0 0 3432.15254492859 0 0 3390816.56789169 0 0 1138.14280324603 0 0 1036.48118177113 0 0 555.435991593901 0 0 217.911649784228 0 0 1004548.65157578 0 0 115.419150956855 1395531.32968697
"121" 120 6417670.0561975 14387583.115165 1047112.46244157 48296.0677099899 124376.691270987 4206.33061024839 58485.6409425063 97980.9933155741 2670.10226682054 28806.3604642195 124703.08240164 5943.13085195539 80.7413342451224 2900.58116986651 854.884938914234 5611819.92004472 12103527.3134906 432189.259530415 100.21330682909 10022.2231863554 21750.3720984053 0 0 864941.355088537 0 0 3199.008283656 0 0 1661.22302073925 0 0 3605.62654215107 0 0 538.975972236346 0 0 418720.277378934 0 0 3458.9685288683 0 0 3437457.29731473 0 0 1135.47286460958 0 0 1032.78779142839 0 0 553.456754572102 0 0 217.129821670834 0 0 1022614.77766414 0 0 117.100235397733 1395531.32968697
"122" 121 6410231.05386284 14368466.6727982 1031549.07927821 47478.7529015423 122233.962221354 4071.60012469755 57564.676283229 96405.83774827 2577.97538919197 28352.7510051725 122698.338952344 5738.07425336278 79.4618604886119 2853.66093205009 825.217475706629 5621451.65976593 12128366.4178374 426993.725789418 100.644320802448 10069.1095103224 21792.566968622 0 0 832732.903231684 0 0 3070.48891188855 0 0 1631.83615296401 0 0 3541.84337209005 0 0 528.931141668895 0 0 407613.008726683 0 0 3485.31453554068 0 0 3484045.6307102 0 0 1132.66777897282 0 0 1029.22931366825 0 0 551.549815345387 0 0 216.3787480802 0 0 1040733.20288112 0 0 118.775400891259 1395531.32968697
"123" 122 6402922.84953323 14349691.6972649 1016016.35514297 46670.7554001369 120116.98771775 3941.53038064085 56651.8086283965 94845.5439596295 2489.50113763586 27903.1296229415 120712.510494074 5541.14769344756 78.1939051219864 2807.19361605062 796.759357669545 5630931.19442918 12152804.8320604 421751.339874083 101.068480992509 10115.2348871495 21833.3022336367 0 0 800587.187303327 0 0 2941.91715248395 0 0 1599.57652152373 0 0 3471.82496883597 0 0 517.943395084755 0 0 396453.626687934 0 0 3511.14130072441 0 0 3530581.62064172 0 0 1129.69659095367 0 0 1025.77784845017 0 0 549.700222666262 0 0 215.651898275405 0 0 1058903.95479084 0 0 120.444857104063 1395531.32968697
"124" 123 6395743.76091529 14331253.6026746 1000513.63576016 45872.1427696306 118025.894616507 3815.74653217451 55747.2111929403 93300.3835985718 2404.50216518426 27457.5816323437 118745.942761819 5351.95643218432 76.9377005953062 2761.18695785099 769.447508568745 5640259.87993933 12176846.3826457 416463.70710015 101.48584987776 10160.6067449046 21872.6368625393 0 0 768503.851568969 0 0 2813.86937241556 0 0 1564.75773084676 0 0 3396.25199984678 0 0 506.122612188242 0 0 385240.850366065 0 0 3536.40493697468 0 0 3577065.31230763 0 0 1126.5358425205 0 0 1022.40497746065 0 0 547.892747551871 0 0 214.942684176692 0 0 1077127.06172087 0 0 122.108771525362 1395531.32968697
"125" 124 6388692.10170555 14313147.8007246 985040.280176092 45082.978856298 115960.802263575 3693.94028772764 54851.0410624808 91770.598378152 2322.79929333572 27016.1844039084 116798.943390375 5170.10165290855 75.6934560345373 2715.64776752627 743.21871613776 5649439.10402439 12200494.9748185 411132.361840815 101.896491340209 10205.2326572904 21910.6269348168 0 0 736482.548093839 0 0 2686.81898116244 0 0 1527.68470536333 0 0 3315.78629294764 0 0 493.574681269725 0 0 373973.52001849 0 0 3561.06707163135 0 0 3623496.74097138 0 0 1123.16688889584 0 0 1019.08433271107 0 0 546.113259760248 0 0 214.245062777538 0 0 1095402.55348498 0 0 123.767252962653 1395531.32968697
"126" 125 6381766.1840586 14295369.7069694 969595.660420959 44303.3191066732 113921.80837851 3575.84689307877 53963.4451927248 90256.4120451545 2244.2194324605 26579.0103188047 114871.797148378 4995.19809160564 74.4613665936183 2670.58232825792 718.012373889813 5658470.27948626 12223754.5728263 405758.762800895 102.300470342762 10249.1203039561 21947.3254298151 0 0 704522.942268837 0 0 2561.15863463273 0 0 1488.64952548578 0 0 3231.06179847157 0 0 480.400290376778 0 0 362650.584158872 0 0 3585.09442543684 0 0 3669875.92736096 0 0 1119.57564520839 0 0 1015.79093701669 0 0 544.348374362041 0 0 213.553358052962 0 0 1113730.46741487 0 0 125.420364717647 1395531.32968697
"127" 126 6374964.32029319 14277914.74514 954179.161120305 43533.2063267865 111908.97621788 3461.23016933604 53084.5656866444 88758.0408664531 2168.60049924391 26146.1293680487 112964.779284577 4826.88498218807 73.2416216549627 2625.99674502141 693.772176021061 5667354.838851 12246629.1843071 400344.290909465 102.697852673115 10292.2774389789 21982.7821270244 0 0 672624.716712752 0 0 2437.2088307448 0 0 1447.93191163601 0 0 3142.68563982404 0 0 466.695292479336 0 0 351271.085670044 0 0 3608.45830202256 0 0 3716202.87451898 0 0 1115.75310344489 0 0 1012.50008547471 0 0 542.584852340077 0 0 212.861984536091 0 0 1132110.85297428 0 0 127.068137854193 1395531.32968697
"128" 127 6368284.82243803 14260778.3458442 937799.804105227 42772.6795841817 109922.361354131 3349.86939558316 52214.5300342378 87275.6743879534 2095.78423487588 25717.6043452216 111078.131039213 4664.81007117534 72.0343895558921 2581.89629898647 670.44347581573 5676094.24050353 12269122.8791448 394473.715759324 103.088705252286 10334.7119307426 22017.0442143949 0 0 642787.783798579 0 0 2315.27506917376 0 0 1405.79432404314 0 0 3051.22747776494 0 0 452.548919176686 0 0 340647.803759583 0 0 3631.13480470364 0 0 3761467.71410502 0 0 1111.69009338574 0 0 1009.18994587764 0 0 540.810994115008 0 0 212.166059768646 0 0 1150146.67883863 0 0 128.710553787145 1395531.32968697
"129" 128 6361726.00200926 14243955.9453185 890356.36845986 42021.7719439628 107962.004461694 3233.73795054172 51353.4567922058 85809.4866981882 2025.4909380364 25293.4936439223 109212.073979512 4508.35079756489 70.8398264385425 2538.28582310907 647.929162087495 5684689.96268837 12291239.7719924 375466.055899748 103.473095846984 10376.4317266304 22050.1555954121 0 0 675799.263584156 0 0 2209.39627506471 0 0 1362.7158527521 0 0 2957.72716050282 0 0 438.125346380128 0 0 355560.283892669 0 0 3653.1052869391 0 0 3774978.15587506 0 0 1106.58201058937 0 0 1005.81338967722 0 0 539.001544146847 0 0 211.455031982178 0 0 1155739.93839986 0 0 130.347546973087 1395531.32968697
"130" 129 6355286.16506646 14227442.9711276 842955.408208547 41280.5160534022 106027.947156899 3107.66047153475 50501.4558788072 84359.6369666026 1957.05324271331 24873.8514029946 107366.810684767 4356.02173378123 69.658076635179 2495.16971675113 625.996535417262 5693143.50242868 12312984.0194992 356386.554505439 103.85109302324 10417.4448480926 22082.1515581738 0 0 708829.72357588 0 0 2128.59199356142 0 0 1319.86796035637 0 0 2864.72730667915 0 0 423.828125946778 0 0 370496.282219604 0 0 3674.36565087086 0 0 3788451.53442848 0 0 1099.91569506564 0 0 1002.24308169756 0 0 537.088265268413 0 0 210.700391169742 0 0 1161338.30615494 0 0 131.978894870212 1395531.32968697
"131" 130 6348963.61956817 14211234.8627108 795620.254866561 40548.9374972042 104120.213123414 2974.06850118944 49658.6289673905 82926.2701960602 1889.88031731366 24458.7277003565 105542.525704077 4206.50780305298 68.489273215542 2452.55196778882 604.441314175164 5701456.37422758 12334359.8169134 337245.394963593 104.22276608954 10457.7593844389 22113.0559420782 0 0 741830.695975894 0 0 2068.49026050475 0 0 1278.28352579623 0 0 2774.46974395667 0 0 410.010054317013 0 0 385437.275443245 0 0 3694.931263619 0 0 3801912.47245407 0 0 1091.95366486558 0 0 998.36770457756 0 0 535.011504038877 0 0 209.877426560498 0 0 1166950.95311065 0 0 133.60415993752 1395531.32968697
"132" 131 6342756.67826057 14195327.0792094 748350.510345794 39827.0534128146 102238.804213018 2834.99379880728 48825.0693382597 81509.5169803269 1823.54502614818 24048.1684800383 103739.385247689 4058.85828400724 67.3335377338548 2410.43614324486 583.117826612589 5709630.10878555 12355371.3947197 318042.452045363 104.58818504028 10497.3834866435 22142.8838335864 0 0 774801.751846396 0 0 2025.41921304253 0 0 1238.70062314933 0 0 2688.55643634097 0 0 396.919689772004 0 0 400384.745628957 0 0 3714.83226411494 0 0 3815361.29065917 0 0 1082.91749617685 0 0 994.110036508061 0 0 532.729878354155 0 0 208.969234748789 0 0 1172577.47308842 0 0 135.222744525416 1395531.32968697
"133" 132 6336663.65961566 14179715.1017642 701145.889250033 39114.8730580354 100383.702083444 2692.12991746071 48000.8617217221 80109.4932410357 1757.7502199169 23642.215474878 101957.536852227 3912.41177981503 66.1909799649865 2368.8253793816 561.926641357969 5717666.25172925 12376023.0153185 298777.366638481 104.947420499631 10536.325361211 22171.6441656147 0 0 807742.362063702 0 0 1996.29972466831 0 0 1201.62259690923 0 0 2608.07987547416 0 0 384.723134460763 0 0 415340.498700345 0 0 3734.10904063964 0 0 3828798.30375536 0 0 1072.9940271618 0 0 989.420000889447 0 0 530.216552854136 0 0 207.965088049508 0 0 1178217.45288313 0 0 136.833943678822 1395531.32968697
"134" 133 6330682.8888467 14164394.435993 654006.230597847 38412.3977761859 98554.8680122419 2546.88829744711 47186.0828882221 78726.3014225849 1692.29944695594 23240.906497184 100197.110901472 3766.73102709547 65.0616987996798 2327.72242028995 540.803864979465 5725566.36174927 12396318.9679899 279449.580929494 105.30054363675 10574.5932605332 22199.3419012206 0 0 840651.887269072 0 0 1978.54483538045 0 0 1167.37168105339 0 0 2533.73945894909 0 0 373.523394330971 0 0 430306.589600489 0 0 3752.80833134998 0 0 3842223.818925 0 0 1062.34133495107 0 0 984.268300460707 0 0 527.455827540105 0 0 206.85894632095 0 0 1183870.47903838 0 0 138.436991682916 1395531.32968697
"135" 134 6324812.69858327 14149360.6135975 606931.520119356 37719.6222218589 96752.2465190793 2400.43945439351 46380.8007701875 77360.0287912223 1627.07662986713 22844.2750062118 98458.2184615557 3621.55766002684 63.9457808591187 2287.12956014029 519.713769529791 5733332.01001147 12416263.5675896 260058.346451753 105.647626142487 10612.195480841 22225.9794324701 0 0 873529.556738191 0 0 1969.99153681031 0 0 1136.12346470815 0 0 2465.91629683136 0 0 363.372725506376 0 0 445285.292338156 0 0 3770.98090485803 0 0 3855638.13473256 0 0 1051.09247674066 0 0 978.642635800399 0 0 524.441111321492 0 0 205.648580455677 0 0 1189536.14185305 0 0 140.031087607982 1395531.32968697
"136" 135 6319051.42989893 14134609.1948496 559921.911810569 37036.5336680139 94975.7631898738 2253.75459408659 45585.0758627148 76010.7502013355 1562.0255663477 22452.3507980535 96740.9548016997 3476.76658316102 62.8433026467527 2247.0487340399 498.641369212898 5740964.77772953 12435861.1478743 240602.733060606 105.988740116992 10649.1403491762 22251.5579857726 0 0 906374.447652415 0 0 1968.82260754344 0 0 1107.94634266963 0 0 2404.75883763706 0 0 354.286759741217 0 0 460279.062331031 0 0 3788.67890845235 0 0 3869041.5404071 0 0 1039.36034425252 0 0 972.542809576141 0 0 521.17229845059 0 0 204.334436787152 0 0 1195214.03986627 0 0 141.615428315471 1395531.32968697
"137" 136 6313397.43277229 14120135.769644 512977.773501822 36363.1138229947 93225.3300769151 2107.63429789751 44798.9596674875 74678.5250521774 1497.13696480667 22065.1592392103 95045.3955209531 3332.33711521485 61.7543281071203 2207.48141554528 477.58776913288 5748466.25621184 12455116.0620652 221081.600379475 106.323958077087 10685.436225139 22276.0783937676 0 0 939185.440037396 0 0 1973.52350285991 0 0 1082.82122194171 0 0 2350.22564068494 0 0 346.251462882567 0 0 475290.556256757 0 0 3805.95475139566 0 0 3882434.31536465 0 0 1027.23976423952 0 0 965.978845211931 0 0 517.654760342283 0 0 202.919209328595 0 0 1200903.78154161 0 0 143.189218583398 1395531.32968697
"138" 137 6307849.06715403 14105935.9600643 466099.724563388 35699.3374193423 91500.8413591047 1962.73816755032 44022.4969680974 73363.4017484456 1432.43508635207 21682.7223872718 93371.6022252944 3188.32325671913 60.6789121347658 2168.42876392089 456.565394905704 5755838.04380632 12474032.6743549 201493.577522242 106.653352813218 10721.0914841066 22299.5418833189 0 0 971961.179319756 0 0 1982.82177095876 0 0 1060.66999908422 0 0 2302.14718518623 0 0 339.233223189108 0 0 490322.631408766 0 0 3822.85940140651 0 0 3895816.72902727 0 0 1014.81153257214 0 0 958.967161611852 0 0 513.897295661162 0 0 201.406959931451 0 0 1206604.9881458 0 0 144.751694331886 1395531.32968697
"139" 138 6302404.70323495 14092005.4209434 419288.727525409 35045.1744076682 89802.1798663657 1819.60533009041 43255.7238014025 72065.4137244493 1367.96913669611 21305.0579917355 91719.6174674809 3044.83453006554 59.6170973932248 2129.89149041385 435.594926998067 5763081.74646943 12492615.3619858 181836.981358621 106.976997421963 10756.1145220526 22321.9505189556 0 0 1004699.98480964 0 0 1995.66043705371 0 0 1041.36631056705 0 0 2260.24920351249 0 0 333.182583221728 0 0 505378.426470052 0 0 3839.44192872767 0 0 3909189.0407173 0 0 1002.14343162604 0 0 951.529867230494 0 0 509.911752023576 0 0 199.802965011854 0 0 1212317.2940732 0 0 146.302123993547 1395531.32968697
"140" 139 6297062.7223983 14078339.8421226 372546.179070911 34400.5889255291 88129.2138913927 1678.67538965919 42498.6693313282 70784.5830989948 1303.80512634877 20932.1804169228 90089.4693987207 2902.01786187307 58.5689172003442 2091.86997875567 414.702455074445 5770198.97504555 12510868.5077687 162109.733330134 107.294965179171 10790.5137408217 22343.3075451953 0 0 1037399.75860683 0 0 2011.15466890915 0 0 1024.7537849714 0 0 2224.19229696109 0 0 328.040606180653 0 0 520461.432579592 0 0 3855.74863375887 0 0 3922551.4997959 0 0 989.293145956535 0 0 943.692227427095 0 0 505.711668787605 0 0 198.113139965049 0 0 1218040.34824425 0 0 147.8398213193 1395531.32968697
"141" 140 6291821.51768994 14064934.9495174 325874.040373061 33765.5396583103 86481.7981876215 1540.30204927491 41751.3559290414 69520.9208194633 1240.02081497205 20564.1006814681 88481.1719520442 2760.04633009907 57.534395619275 2054.36428848064 393.917713536948 5777191.34431613 12528796.4976912 142309.233377077 107.607329498294 10824.2975437455 22363.6175735283 0 0 1070057.85512569 0 0 2028.5683133576 0 0 1010.65495535181 0 0 2193.59127972557 0 0 323.741940310076 0 0 535575.616264899 0 0 3871.82273230855 0 0 3935904.34579769 0 0 976.309614656927 0 0 935.481653978504 0 0 501.311735546964 0 0 196.343814895025 0 0 1223773.81439152 0 0 149.364148523202 1395531.32968697
"142" 141 6286679.49409068 14051786.5056656 279275.279258815 33139.9821552281 84859.7808486987 1404.77132918923 41013.7970855559 68274.4225638351 1176.6985668049 20200.8254301992 86894.7196266993 2619.10326159801 56.5135441850694 2017.37401713253 373.271548408032 5784060.4735302 12546403.7229377 122431.924821364 107.914163961345 10857.4743403697 22382.8868977267 0 0 1102670.63865113 0 0 2047.29231966869 0 0 998.878941462818 0 0 2168.0318529004 0 0 320.217449130058 0 0 550725.856683157 0 0 3887.70414862973 0 0 3949247.80869223 0 0 963.233694382994 0 0 926.927410126723 0 0 496.727634070051 0 0 194.501676728751 0 0 1229517.37064808 0 0 150.874514388368 1395531.32968697
"143" 142 6281635.0696587 14038890.3124601 232753.814616281 32523.865359351 83262.9927992173 1272.30681394274 40286.002063151 67045.0777985935 1113.92591069821 19842.3592251341 85330.0990163918 2479.38347865084 55.5063691041414 1980.8986007232 352.796262515745 5790807.98178247 12563694.5668048 102473.342877596 108.215542098693 10890.052520124 22401.1231765816 0 0 1135233.53851323 0 0 2066.81721484518 0 0 989.230453267046 0 0 2147.09014628064 0 0 317.397223929774 0 0 565917.88657429 0 0 3903.42935467008 0 0 3962582.10924801 0 0 950.100837564883 0 0 918.058427943561 0 0 491.974868655714 0 0 192.593276083372 0 0 1235270.71034131 0 0 152.37038365815 1395531.32968697
"144" 143 6276686.67534253 14026242.2105585 186316.001935362 31917.1353943903 81691.2590730555 1143.0845419736 39567.971940855 65832.8620382939 1051.78885681691 19488.7025977345 83787.2789578286 2341.07842323765 54.5128650666443 1944.93705411482 332.523190065511 5797435.49032192 12580673.4118507 82426.6378188482 108.511537506035 10922.0404675197 22418.3358223213 0 0 1167739.56330491 0 0 2086.72444803988 0 0 981.512492273628 0 0 2130.33858152278 0 0 315.211508096915 0 0 581159.777221943 0 0 3919.03135814843 0 0 3975907.45926865 0 0 936.940592123819 0 0 908.904067375466 0 0 487.069172894929 0 0 190.625209920584 0 0 1241033.54091614 0 0 153.851269330928 1395531.32968697
"145" 144 6271832.75574658 14013838.0811535 139971.907302626 31319.7344625632 80144.3954260038 1017.24112787106 38859.7015473324 64637.7405812407 990.371204303383 19139.8530009249 82266.2152852154 2204.37461603011 53.5330182226212 1909.48809430463 312.482551687474 5803944.62000066 12597344.6329114 62281.295440615 108.802223725083 10953.4465483499 22434.5357978536 0 0 1200178.02622954 0 0 2106.66661603481 0 0 975.53142738531 0 0 2117.35688909352 0 0 313.592346136799 0 0 596463.215074193 0 0 3934.53976698352 0 0 3989224.06206191 0 0 923.778083406165 0 0 899.493099533514 0 0 482.025964829906 0 0 188.603896962483 0 0 1246805.58376836 0 0 155.316734644227 1395531.32968697
"146" 145 6267071.76959055 14001673.8470036 93737.9592512928 30731.6003075709 78622.2066386412 894.878835763979 38161.1805531657 63459.6706100593 929.754599665266 18795.8053470816 80766.8535037119 2069.45378635172 52.5668078430122 1874.55020888502 292.70353922006 5810336.98971962 12613712.5929335 42020.4800274197 109.087674172004 10984.2791015865 22449.7354536339 0 0 1232531.89267445 0 0 2126.35592019484 0 0 971.099061795374 0 0 2107.73659439734 0 0 312.474213196539 0 0 611846.158389278 0 0 3949.98093048396 0 0 4002532.11277225 0 0 910.634850499358 0 0 889.853227732394 0 0 476.860090285474 0 0 186.535474701785 0 0 1252586.57391476 0 0 156.766392635342 1395531.32968697
"147" 146 6262402.1898876 13989745.4727383 47651.1673501835 30152.6679237676 77124.4915552498 776.077878134748 37472.3920262707 62298.598340104 870.015158630785 18456.5512965214 79289.1251601324 1936.48535308142 51.6142040375048 1840.12155952703 273.21311932291 5816614.21669965 12629781.6442043 21606.8154393014 109.367962155257 11014.5464424221 22463.9486470542 0 0 1264763.56085567 0 0 2145.55203997687 0 0 968.035034127476 0 0 2101.08622936668 0 0 311.794803490374 0 0 627347.060252094 0 0 3965.37800349635 0 0 4015831.79873423 0 0 897.529013096428 0 0 880.011238865611 0 0 471.585903988975 0 0 184.425841304831 0 0 1258376.25920267 0 0 158.199901912612 1395531.32968697
"148" 147 6257822.50574736 13966004.1257441 17535.2290148225 29582.8675879847 75647.7197083621 662.720480075021 36793.3137191787 61154.3997100859 811.246417919654 18122.0798915358 77832.8723582912 1805.67751085342 50.6751697234061 1806.1980863067 254.04418921342 5822777.91472342 12634664.1481376 8154.65159973179 109.643160794071 11044.2568465149 22477.190594129 0 12045.2906288113 1281048.51006793 0 2.88966881652486 2162.46593352444 0 0.0542799314699766 966.148269391093 0 0.0680285368218862 2096.9910724086 0 0.00173046290945802 311.488479430176 0 10891.975066557 635852.602325452 0 0.00000555886630441408 3980.75109584031 0 0 4029123.29993818 0 0 884.475983874643 0 0 869.992599194278 0 0 466.217052959031 0 0 182.280569163175 0 0 1264174.39984019 0 0 159.616965718506 1395531.32968697
"149" 148 6253331.23532148 13928612.2548234 6448.64297503144 29022.1137231441 74180.0116486109 561.212023150599 36123.917351739 60026.3467068436 753.746112373274 17792.3772030953 76397.1685359828 1677.69295979858 49.7496595182971 1772.75647594878 235.301201137604 5828829.69339803 12626652.9783511 3186.69619894781 109.913342986723 11073.4183931119 22489.4796454867 0 37971.2332138021 1277601.36957641 0 18.7827950618021 2171.37002524476 0 0.738756394445307 965.071614153384 0 0.925876566548807 2094.65422982132 0 0.023512297050041 311.428817733146 0 34387.3607509847 635535.994506822 0 0.000159920803314437 3996.11585093733 0 0 4043132.18039833 0 0 871.489979076253 0 0 859.82139938268 0 0 460.766447050875 0 0 180.104898050039 0 0 1270285.84381198 0 0 161.017329084497 1395531.32968697
"150" 149 6248926.92586428 13907117.7639843 2371.5232840722 28470.3078322311 72725.8248456111 473.576799186836 35464.1673531462 58913.4036105584 697.985807162032 17467.4257112511 74980.6955043471 1553.58131271549 48.8376178557584 1739.76379119379 217.148904241179 5834771.15703988 12632517.5993314 1345.47679794187 110.178581360349 11102.0386456816 22500.8412813734 0 48225.8416489504 1239042.01139265 0 43.5179265874448 2166.24055053096 0 2.8875880659209 964.219493602394 0 3.61898745538383 2092.80473192886 0 0.0917275970302734 311.414347325703 0 43720.9513947509 620213.237733769 0 0.00101350764035401 4011.47979080883 0 0 4085261.49359031 0 0 859.056520018962 0 0 849.536168794569 0 0 455.25473361994 0 0 177.907302116538 0 0 1288252.80867436 0 0 162.400783457483 1395531.32968697
"151" 150 6244608.13473261 13883934.0644141 872.148284448618 27927.3578212074 71291.8624632779 399.025490627794 34814.0214444862 57815.2749793143 644.402185480248 17147.2045920604 73583.0772464 1434.31454187539 47.9389798564779 1707.21094804743 199.738695363564 5840603.90348156 12636337.4666628 655.006685107795 110.438948216981 11130.1248230275 22511.309111898 0 60391.1488245425 1197908.11960747 0 71.0096156082879 2144.92886677074 0 6.67363873837372 962.826881645775 0 8.36400979799576 2089.78211631915 0 0.211551966359978 311.182570316766 0 54817.5074512931 603666.400211087 0 0.00337104900340485 4026.83868601724 0 0 4127408.16392267 0 0 847.497798976615 0 0 839.223340892205 0 0 449.728231168348 0 0 175.706983158475 0 0 1306269.88855812 0 0 163.767230579691 1395531.32968697
"152" 151 6240373.43429915 13860259.1387765 320.742190256392 27393.1723032881 69877.7951514733 335.994027163761 34173.4318330215 56731.8169979393 593.327754627425 16831.6903058166 72204.13072465 1320.63274417072 47.0536731002794 1675.09372008547 183.184505516022 5846329.52307013 12639203.9190085 388.44605756875 110.694515488818 11157.6840589007 22520.9234464116 0 73265.5152075652 1155877.2659786 0 101.30778533556 2110.0926972719 0 12.1286262472931 960.26291224334 0 15.2006952646808 2084.21711028729 0 0.383678059540042 310.519147041386 0 66589.8775053583 586642.720833492 0 0.00806405001762301 4042.17623690434 0 0 4169523.75225803 0 0 836.662013205353 0 0 828.95947921342 0 0 444.227969041643 0 0 173.520805982739 0 0 1324317.25511495 0 0 165.116718026885 1395531.32968697
"153" 152 6236221.41337396 13836543.9448768 117.957187272903 26867.6592768504 68483.8836538679 282.84133177539 33542.3457279915 55662.9033055772 544.985536934083 16520.8568511003 70843.6951161891 1213.03232414361 46.1816183770586 1643.40843048964 167.561298050776 5851949.59779702 12641533.4936709 278.472318600096 110.945354699789 11184.7234208672 22529.7293243396 0 86394.2897156683 1113548.66519871 0 133.94891504277 2064.24095938786 0 19.2619653845612 956.083904480871 0 24.1408433271569 2075.14671990616 0 0.608116754240219 309.275746696318 0 78625.6820379304 569409.528257263 0 0.0159311483872629 4057.46724111405 0 0 4211607.80554542 0 0 826.422236972817 0 0 818.800237745507 0 0 438.783771445185 0 0 171.360852046957 0 0 1342395.39060318 0 0 166.449404509216 1395531.32968697
"154" 153 6232150.67671324 13812951.8687113 43.3805757948202 26350.7266664958 67110.5113633038 238.069053695169 32920.7058351727 54608.4452110168 499.503185929629 16214.6760083687 69501.6575412941 1111.79741384337 45.3227304027164 1612.15259357021 152.910358813842 5857465.70050939 12643482.330894 226.782921305334 111.191536930941 11211.2499260893 22537.7746778838 0 99610.4077266089 1071142.71133071 0 168.365109498502 2009.57619392813 0 28.0438659037419 950.002171400393 0 35.1471181446864 2061.94653068203 0 0.88366208587855 307.358642368345 0 90772.908475596 552064.975425578 0 0.0278015462461665 4072.68057386333 0 0 4253659.78405232 0 0 816.672540001769 0 0 808.784678843596 0 0 433.416571357149 0 0 169.235432689046 0 0 1360504.87214204 0 0 167.765526952155 1395531.32968697
"155" 154 6228159.84489335 13789540.6814504 15.9539721628992 25842.2824477369 65758.0297217268 200.373856563674 32308.4508314121 53568.3898052325 456.93108537523 15913.1175736806 68177.950661205 1017.04015777067 44.4769185022912 1581.32484705672 139.245911621835 5862879.39420253 12645110.7024542 197.233769816782 111.433132789619 11237.2705606669 22545.1088061013 0 112852.452608629 1028740.55984039 0 204.0190426045 1947.97796991664 0 38.4078244085741 941.854728164537 0 48.1361716249115 2044.26278971822 0 1.20797614300206 304.717413825978 0 102975.38240029 534644.908862884 0 0.0444758046231077 4087.78159861422 0 0 4295679.04934698 0 0 807.324651079006 0 0 798.938801126627 0 0 428.140301079388 0 0 167.149913114765 0 0 1378646.38084904 0 0 169.065374653852 1395531.32968697
"156" 155 6224247.55431618 13766329.3861158 5.86739036969028 25342.2346330404 64426.7145444359 168.643558125387 31705.5157937386 52542.7120005464 417.259388549479 15616.1495700503 66872.5425461499 928.738639029486 43.6440872230736 1550.92469194397 126.561287034942 5868192.23138738 12646443.5846459 176.531414408466 111.670212382143 11262.7922959214 22551.7811737771 0 126097.81578524 986372.246863361 0 240.441746534949 1881.03061574819 0 50.2583609129643 931.575774898339 0 62.988339583044 2021.95268068443 0 1.57783943948624 301.335086744477 0 115212.194377996 517162.174543802 0 0.0667096529483921 4102.73405350953 0 0 4337664.84698785 0 0 798.305143572533 0 0 789.278412593267 0 0 422.963431900692 0 0 165.107380109496 0 0 1396820.71690475 0 0 170.349269187382 1395531.32968697
"157" 156 6220412.45725991 13743322.7722435 2.15786299163511 24850.4912190347 63116.7604167046 141.936608073592 31111.8325791537 51531.4059286205 380.432619574261 15323.7384345085 65585.4257273352 846.769379052387 42.824136872662 1520.9522144014 114.834171621034 5873405.75352523 12647492.9562906 159.776263513547 111.902845289577 11287.8221001695 22557.8404977872 0 139338.144579021 944049.113093103 0 277.237095221258 1810.06160862545 0 63.479215864837 919.173681947842 0 79.5579149961552 1995.03437112438 0 1.98941365999579 297.219937265371 0 127475.401657876 499621.062589975 0 0.0952020112917792 4117.50149251113 0 0 4379616.28251188 0 0 789.553063388727 0 0 779.811462331084 0 0 417.890223627619 0 0 163.109181021262 0 0 1415028.82183163 0 0 171.617548949792 1395531.32968697
"158" 157 6216653.2219429 13720520.4328423 0.793606552330251 24366.960130259 61828.2872067738 119.458583222779 30527.3301583507 50534.4773684857 346.361706163103 15035.8491824712 64316.6075598909 770.934120169488 42.0169639875011 1491.40784291574 104.030905093068 5878521.49052148 12648266.004811 145.147384296811 112.131100546212 11312.3669462206 22563.3340729718 0 152570.326234655 901775.752387783 0 314.075729498747 1736.17931945736 0 77.9405459841433 904.712182977077 0 97.6821664804967 1963.64619272972 0 2.43847047407149 292.398836975177 0 139761.821688416 482022.598224865 0 0.130586973820091 4132.04836103227 0 0 4421532.28804296 0 0 781.017930509046 0 0 770.53992540742 0 0 412.921734671558 0 0 161.155356927524 0 0 1433271.81056778 0 0 172.87055745436 1395531.32968697
"159" 158 6212968.53258816 13697920.0736486 0.291868456680891 23891.5491714235 60561.3495977258 100.540156285888 29951.9349086144 49551.937570173 314.933700954759 14752.4455520041 63066.1023620383 700.981463415432 41.2224617403165 1462.29215182645 94.1099276773174 5883540.96027143 12648768.1443058 131.949727736225 112.355046620387 11336.4338152903 22568.3072919981 0 165793.179092486 859554.439938613 0 350.686394772386 1660.30674741917 0 93.5048095773521 888.295207036655 0 117.1887143018 1928.01371987469 0 2.92057705123842 286.911921508178 0 152070.013531216 464366.455143602 0 0.173429108900219 4146.3407768345 0 0 4463411.57597012 0 0 772.658055378621 0 0 761.46131969062 0 0 408.056634892338 0 0 159.244989001963 0 0 1451551.01680488 0 0 174.108634624025 1395531.32968697
"160" 159 6209357.08948303 13675518.7262975 0.107344008191478 23424.1659916439 59315.9465767349 84.6177426065309 29385.5708713176 48583.7984104497 286.019536375979 14473.490130649 61833.9252496633 636.624129352984 40.4405202949721 1433.60570870011 85.0245088891403 5888465.66825166 12649004.1238868 119.897811068837 112.574751397373 11360.0296980797 22572.8033198078 0 179006.239639776 817386.810174679 0 386.847370984923 1583.21063028479 0 110.031409520488 870.054760771823 0 137.901349383038 1888.42346837198 0 3.43124092641636 280.808362636359 0 164399.168940084 446651.61043369 0 0.224221395870425 4160.34707599217 0 0 4505252.57242391 0 0 764.439120302015 0 0 752.569920066963 0 0 403.291856280357 0 0 157.376473838895 0 0 1469868.05879659 0 0 175.332110477921 1395531.32968697
"161" 160 6205817.6090318 13653313.1922413 0.0394796160283997 22964.7180608281 58092.0299599451 71.2169185323605 28828.1599792267 47630.0686978462 259.480146679435 14198.9444673803 60620.0874336224 577.552584544548 39.6710271168725 1405.34895925918 76.7248829325181 5893297.10715148 12648978.4332332 108.853831148857 112.790282164031 11383.1615936793 22576.862889738 0 192209.318728845 775274.543786294 0 422.378798159661 1505.52621572491 0 127.380266345168 850.14133040955 0 159.644511420156 1845.20206332094 0 3.96602010771692 274.143047233802 0 176748.706171058 428876.515656086 0 0.283385194194226 4174.03817339723 0 0 4547053.32277457 0 0 756.33298369288 0 0 743.857724353251 0 0 398.623110575841 0 0 155.547740761284 0 0 1488224.93335967 0 0 176.541300714103 1395531.32968697
"162" 161 6202348.82379987 13631299.5471409 0.0147175729997208 22513.1126576273 56889.5117475728 59.9383610187097 28279.6222578365 46690.7514281097 235.171249508392 13928.7691717702 59424.592726685 523.445684389645 38.9138672454494 1377.52214315859 69.1598997040166 5898036.75654005 12648694.8395292 100.000155096535 113.001705595043 11405.8365068609 22580.5241943376 0 205402.997283308 733219.734905203 0 457.13607337387 1427.77822389131 0 145.41450591161 828.716349802543 0 182.246657317834 1798.69989126019 0 4.52060461794381 266.973995804721 0 189118.732381269 411037.777306897 0 0.351271737646823 4187.38777829564 0 0 4588811.3420247 0 0 748.316671219501 0 0 735.315215964117 0 0 394.045297971748 0 0 153.756421884062 0 0 1506624.1651517 0 0 177.736503782703 1395531.32968697
"163" 162 6198949.48255009 13609471.0134659 0.00630600178887739 22069.2568664428 55708.2687157442 50.4459754749594 27739.8760048515 45765.841760326 212.947035767741 13662.9240023896 58247.4349676877 473.978886063681 38.1689235350553 1350.12523300287 62.2782836393208 5902686.08256496 12648154.4054882 100.027705187875 113.209087740519 11428.061444197 22583.8228489154 0 218590.754001181 691225.190216555 0 491.005698228589 1350.39855705409 0 164.002472693988 805.946353591896 0 205.542784421428 1749.27840981138 0 5.09087642776266 259.360380760091 0 201512.024927224 393125.750963311 0 0.428164749360377 4200.3724977863 0 0 4630523.3956781 0 0 740.371523133639 0 0 726.931960495759 0 0 389.552826814773 0 0 151.999983783713 0 0 1525069.02560863 0 0 178.917999120018 1395531.32968697
"164" 163 6195618.35027021 13587828.9338059 0.00292731412534446 21633.057583122 54548.1507802076 42.456889735567 27208.8379508437 44855.3256074608 192.662974506162 13401.367945938 57088.5962276775 428.830491642748 37.4360768688936 1323.15789303263 56.02957670087 5907246.53767899 12647365.6765401 100.001714452737 113.412494014824 11449.8434093387 22586.7919101043 0 231767.991720169 649294.84684218 0 523.897879697275 1273.74126770057 0 183.019168864823 781.998499837804 0 229.376234108149 1697.30042970556 0 5.67295112802451 251.361029067098 0 213923.843498457 375145.289719165 0 0.514283878022203 4212.97185493285 0 0 4672185.11297186 0 0 732.482471174373 0 0 718.697066906963 0 0 385.139860745918 0 0 150.275828054578 0 0 1543563.91962792 0 0 180.086046275654 1395531.32968697
"165" 164 6192354.20818601 13566369.9923733 0.00146281476816671 21204.4215329798 53408.9854219656 35.7330282542066 26686.4234044126 43959.1789245962 174.177904307724 13144.0592887406 55948.0459040317 387.686303136548 36.7152063510251 1296.61945998174 50.3648285084797 5911719.56039231 12646332.8234814 100.002955018669 113.611989186501 11471.1893978167 22589.4619352059 0 244934.81588658 607434.509008442 0 555.742614789222 1198.09525841879 0 202.347053298918 757.037202287773 0 253.599693171307 1643.12280523894 0 6.26319938546756 243.033314706555 0 226353.786801231 357090.373584835 0 0.609788624066691 4225.16824296846 0 0 4713790.25709349 0 0 724.637419438302 0 0 710.599538310819 0 0 380.800506684929 0 0 148.581366665548 0 0 1562115.11535657 0 0 181.240884716137 1395531.32968697
"166" 165 6189155.85376663 13545090.9556758 0.000781591028353862 20783.2552929275 52290.5802267512 30.0740188299895 26172.5463842827 43077.3672423216 157.355552319973 12890.9556818109 54825.740126591 350.243003550911 36.0061894800972 1270.50893151652 45.2370852104384 5916106.57504754 12645060.0339254 100.001979871507 113.807637369167 11492.1063916 22591.8610709555 0 258091.294029851 565653.111560845 0 586.487440951128 1123.69513353732 0 221.876603513121 731.221660490397 0 278.075898094236 1587.09107347109 0 6.85826112502195 234.432364173807 0 238801.400464057 338951.977423559 0 0.714782544972833 4236.94683286746 0 0 4755329.46737214 0 0 716.826705204405 0 0 702.628532488192 0 0 376.528954435875 0 0 146.914076856956 0 0 1580732.00208348 0 0 182.382734129073 1395531.32968697
"167" 166 6186022.10072043 13523988.6025797 0.000443813406694157 20369.4653189155 51192.726190888 25.3112218626395 25667.1197402126 42209.8454769621 142.065596889639 12642.0142004032 53721.6215161333 316.210522109198 35.3089023076024 1244.82496324444 40.6017192783824 5920408.9916158 12643551.4445631 99.9973342412792 113.999502013313 11512.6013535344 22594.0151626905 0 271237.525654646 523966.293523838 0 616.094544164295 1050.73072133372 0 241.506616625845 704.704118824369 0 302.678012240081 1529.53567550828 0 7.45505169821905 225.610514025849 0 251266.244159682 320714.359245791 0 0.8293176241081 4248.29544815547 0 0 4796786.68614159 0 0 709.042601174018 0 0 694.773547466894 0 0 372.3195761365 0 0 145.271539188639 0 0 1599430.66355104 0 0 183.511795084605 1395531.32968697
"168" 167 6182951.77898013 13503059.7316505 0.00026635804699537 19962.9579789276 50115.2005193534 21.3027049939769 25170.055264499 41356.5579757111 128.184368755525 12397.1913989322 52635.6192418136 285.313594971978 34.6232195832966 1219.56587291909 36.4166345742234 5924628.20551212 12641811.1452386 100.004109177568 114.187645898905 11532.6812217943 22595.9478768226 0 284373.634828522 482407.175949554 0 644.538334572073 979.35622141515 0 261.144289888271 677.62873598529 0 327.289726780805 1470.76950276404 0 8.05076135564871 216.616977682621 0 263747.886939608 302344.291594231 0 0.953398682145616 4259.20441824993 0 0 4838128.37937534 0 0 701.278767275951 0 0 687.024540193568 0 0 368.166989852808 0 0 143.651460661947 0 0 1618244.65766121 0 0 184.628249932774 1395531.32968697
"169" 168 6179943.73933325 13482301.217884 0.000168029362768202 19563.6350893586 49057.7507343944 17.9290135447214 24681.2636938793 40517.4384716449 115.595268346526 12156.4433119105 51567.6489639111 257.292694061622 33.9490147382465 1194.72964142506 32.642374577059 5928765.59742588 12639843.2117539 99.9832050728795 114.372131128622 11552.3529044254 22597.6808310765 0 286658.055679537 455218.175859776 0 670.077137131277 910.642127621504 0 280.672703006321 650.1425167894 0 351.764506591628 1411.11162405731 0 8.64181581895915 207.501705462592 0 266443.095140698 290244.586493691 0 1.08698441651801 4269.66645976697 0 10843.2718343854 4865110.84853095 0 0.198078355392458 693.421192350953 0 0.00561547955492746 679.369332831032 0 0.00273486586942314 364.064669649557 0 0.000153473614705848 142.051086842982 0 9802.77726260988 1630771.56258262 0 0.0000000772413132602844 185.732262896142 1395531.32968697
"170" 169 6176996.89816642 13461232.7071137 0.000110968184343442 19171.3529931217 48019.9148909331 15.089610759623 24200.6523556721 39692.4039736898 104.188962320226 11919.7242945846 50517.6050574228 231.904464519214 33.2861563599414 1170.31371965486 29.2421563298212 5932822.53301483 12637203.4704589 99.9989458988235 114.55301911439 11571.6232728176 22599.2337282137 0 276912.10237542 445154.822201142 0 686.684440046392 847.984439022204 0 299.671650475037 622.493839257029 0 375.575711993897 1351.10113520572 0 9.21499750883896 198.349630380174 0 258258.485558429 285785.666631339 0 1.2299127365529 4279.67745519172 0 34192.1620916682 4874974.84670109 0 1.2864771234913 685.084621457752 0 0.0763790179252923 671.77087586774 0 0.0371983135582155 359.992761203735 0 0.00208397022083947 140.46208855556 0 30949.432634151 1635641.26568216 0 0.00000222099239018765 186.823959152072 1395531.32968697
"171" 170 6174110.23388184 13421797.9953308 0.0000763529358560541 18785.9348541809 46996.1520064799 12.6998817986587 23728.1200199469 38881.2147572335 93.8634105679503 11686.9844874364 49485.1824182968 208.921784812535 32.6345005424634 1146.31055511188 26.1818482821421 5936800.36188561 12616930.5806904 100.001490104945 114.730370529439 11590.4991320888 22600.6244899843 0 299773.253078757 441400.839644961 0 701.168034596098 792.480143605773 0 317.686528617722 595.015906880237 0 398.153592397988 1291.46124275039 0 9.7560928413141 189.27464440706 0 280234.792264418 284145.78019117 0 1.38175902011817 4289.23838048111 0 43462.4774326009 4878534.60064433 0 2.97945409960469 676.144301936913 0 0.298417574994597 664.170799816004 0 0.145336125384447 355.919985110715 0 0.00812667018707268 138.871406001424 0 39363.9649779772 1637676.00634984 0 0.0000140697582033031 187.903376843921 1395531.32968697
"172" 171 6171282.71183105 13382499.6178585 0.0000545270953247632 18407.2441234428 45982.774369941 10.6886121998308 23263.5588923395 38083.2131608486 84.5237650901559 11458.1707977193 48469.5440228977 188.133541652283 31.9938939236103 1122.69930019789 23.4299066079086 5940700.41621641 12596385.0057444 100.003069515891 114.904245243346 11608.9870472409 22601.8693888701 0 320946.057419294 439968.228666083 0 720.022458523954 743.755075786899 0 335.011468610951 568.016502900597 0 419.86677969113 1232.85997946671 0 10.2747762827963 180.381181387635 0 300711.30625764 283546.363576266 0 1.54206814750303 4298.35569335108 0 54442.2900139782 4879777.32858076 0 4.85872799021076 666.645389768702 0 0.689423440950199 656.514817062205 0 0.335764847826841 351.817249385968 0 0.0187354208464292 137.266985109265 0 49349.8845553943 1638654.84750942 0 0.0000467835697544485 188.970454779622 1395531.32968697
"173" 172 6168513.3084943 13343381.7412454 0.0000402700513010807 18035.1552714255 44981.0872119407 8.99586567405322 22806.8584933801 37297.7963936953 76.0821740582801 11233.2288101722 47469.9226828844 169.344193871656 31.3641794885461 1099.46099830492 20.9572816281898 5944524.01004909 12575615.2889674 99.9983386686586 115.07470228969 11627.0932432463 22602.9831758312 0 341448.825376637 439390.3822474 0 741.766565641452 701.02617588316 0 351.972646236336 541.741777925341 0 441.124066968094 1175.83160664995 0 10.781627741977 171.751789319626 0 320606.799424823 283333.047943254 0 1.71057250196477 4307.04048095273 0 66066.7416381424 4880169.31416152 0 6.92679439030371 656.679398935504 0 1.25237386570845 648.761249732569 0 0.609934469101237 347.662219430895 0 0.0339634339650478 135.63967681685 0 59943.0641605299 1639232.73515272 0 0.000111877377043453 190.025049416288 1395531.32968697
"174" 173 6165801.01807986 13304440.9867554 0.0000306572159520059 17669.5464125962 43992.1347514617 7.57119799110975 22357.9064265806 36524.5077562501 68.457517733207 11012.1031653306 46485.7371443176 152.373184631976 30.7451977019801 1076.58145995714 18.7373035610007 5948272.43891821 12554625.1336334 99.9901682705553 115.241799849966 11644.823676618 22603.979202801 0 361691.505279712 439127.934530961 0 765.466632299354 663.465296031803 0 368.778558650754 516.373872389437 0 462.186761790065 1120.77145375228 0 11.2833885818091 163.446514862111 0 340292.184918935 283264.971012114 0 1.88714072177556 4315.30733966616 0 77926.6331318725 4880249.76586224 0 9.15123217334594 646.342166441404 0 1.98789165887797 640.881652928782 0 0.968148311608719 343.439652016221 0 0.0538022216453994 133.983348721658 0 70772.0077147608 1639651.14173385 0 0.00022094290952449 191.066958336108 1395531.32968697
"175" 174 6163144.8500522 13265674.0166236 0.0000239871892203783 17310.3009716391 43016.7491608981 6.37215373065668 21916.5890921089 35763.0046102723 61.5750974615278 10794.7379110386 45516.551322164 137.054249188561 30.1367875533132 1054.05019581743 16.7455548554644 5951946.97959035 12533418.1213532 99.9817650186718 115.405595242763 11662.1841040672 22604.8695390778 0 381825.272516868 438982.51311747 0 790.455785543652 630.314298521772 0 385.559805947089 492.038811360618 0 483.218544047329 1067.95305378132 0 11.7842637127409 155.505833882083 0 359904.105288583 283253.356720608 0 2.0717277870114 4323.17333085766 0 89871.4303307107 4880216.95899784 0 11.4926112140603 635.720893157527 0 2.89251974323306 632.859090537322 0 1.4087227003541 339.140471311938 0 0.0781347757475121 132.294471555048 0 81699.5519929436 1639999.47658365 0 0.000385416239612158 192.09594211087 1395531.32968697
"176" 175 6160543.8280059 13227077.5246308 0.0000192412812685481 16957.307866311 42055.5880602506 5.36300110131425 21482.7924108926 35013.0327805252 55.3662945128701 10581.0768590963 44562.0417206678 123.234655528645 29.5387876115404 1031.85956721792 14.9597347713633 5955548.88992541 12511997.7331975 99.9888448676323 115.566144918711 11679.1801356225 22605.6650810864 0 401906.24003894 438881.147441744 0 816.220953529754 600.912878059461 0 402.391647101407 468.816493304582 0 504.313735119558 1017.54982356612 0 12.2866629749048 147.954267402529 0 379492.987790456 283265.340319996 0 2.2643408336507 4330.6571044577 0 101845.627927875 4880143.78924897 0 13.9137097141313 624.891094534404 0 3.95899533453062 624.685939426782 0 1.92812049473361 334.760592186904 0 0.106743542414714 130.571605403783 0 92674.7986252607 1640311.23381737 0 0.000616310033071755 193.111742437316 1395531.32968697
"177" 176 6157996.9890588 13188648.2572134 0.0000157828146280481 16610.4611908908 41109.1640882297 4.5136671253147 21056.4024597178 34274.4059974281 49.7682118857425 10371.0638980699 43621.9712694533 110.774407100523 28.951036942568 1010.00410700168 13.3595205717423 5959079.40885128 12490367.3916619 99.9966035668 115.723504460755 11695.8172753452 22606.3756552364 0 421955.577204529 438796.984462014 0 842.352938530048 574.697093509056 0 419.308768544446 446.750101445357 0 525.515807190054 969.655490786089 0 12.7916871621019 140.803755635381 0 399077.518846778 283288.644528432 0 2.46501454978828 4337.77819685362 0 113828.632421695 4880057.04323382 0 16.3820801764985 613.916864677184 0 5.17706180200755 616.36182689274 0 2.52134648300532 330.299814913954 0 0.13933293600128 128.814921681843 0 103678.604952915 1640599.34753162 0 0.00092398862535138 194.114096396544 1395531.32968697
"178" 177 6155503.38345982 13150383.0009803 0.000013206203394328 16269.6597547148 40177.8689568292 3.79884145700506 20637.3059950863 33546.9893864907 44.7233092518656 10164.6432513111 42696.1683100785 99.5454302702804 28.3733758574057 988.479976751511 11.9264286520762 5962539.75643477 12468530.4652992 99.9836659686784 115.877728588924 11712.1009521291 22607.0101137941 0 441981.613086782 438720.131464956 0 868.520679834633 551.189164151638 0 436.315945683961 425.854207052761 0 546.830745233258 924.30168187342 0 13.2994783005654 134.056542710324 0 418664.708567841 283318.552453345 0 2.67379316602759 4344.55648352443 0 125812.679193178 4879966.55074424 0 18.8703398611414 602.852117551164 0 6.5343247473651 607.891865537708 0 3.18236431216543 325.760879266367 0 0.175552855473796 127.025796873292 0 114703.520748481 1640869.18604898 0 0.0013180022760705 195.102747288266 1395531.32968697
"179" 178 6153062.07429744 13112278.5439548 0.0000112551443437911 15934.8066024426 39261.9933046886 3.19722212884379 20225.39086993 32830.6862396622 40.1790388127541 9961.75968220429 41784.5097595695 89.4307638090323 27.805646498914 967.284534269368 10.6436780904262 5965931.13403047 12446490.2441184 99.9980427767604 116.028871168674 11728.0365425845 22607.5764238298 0 461987.987194261 438646.933290977 0 894.455455410574 529.985649791164 0 453.396155507134 406.121494422488 0 568.237214464413 881.472518347448 0 13.8094852178661 127.707554948957 0 438257.302174474 283353.054026447 0 2.89071732901699 4351.01176135733 0 137794.723140253 4879875.90572681 0 21.3557423970058 591.741997937999 0 8.01700213342845 599.285200107895 0 3.90446181761394 321.148685787701 0 0.215019125890701 125.206480277434 0 125746.405976694 1641123.32297941 0 0.00180697690855226 196.077452614674 1395531.32968697
"180" 179 6150672.13726303 13074331.7885551 0.00000974279615163395 15605.8085599808 38361.7431974123 2.69088074794888 19820.5463553151 32125.427458196 36.0874879077653 9762.35865261787 40886.9076740672 80.3237634076058 27.2476932865229 946.415990465954 9.49605843178845 5969254.72449069 12424250.0556693 99.9377230261413 116.176985221999 11743.6293876275 22608.0817494106 0 481976.513446354 438576.028926335 0 919.939694261592 510.746337670496 0 470.516894370634 387.528242752736 0 589.694478367514 841.116515036393 0 14.3206693612494 121.746326168622 0 457856.381906374 283391.312402847 0 3.11581472291282 4357.16343684674 0 149773.462488024 4879786.4090391 0 23.8195750513621 580.624200234622 0 9.61053713358723 590.553834501117 0 4.68054949472806 316.469667201485 0 0.257330053063149 123.359827676398 0 136805.716285617 1641363.28558113 0 0.0023985502397464 197.037989757622 1395531.32968697
"181" 180 6148332.66044997 13036539.538066 0.00000856617406697913 15282.5758198446 37477.2538984003 2.26472822592822 19422.6633808607 31431.1631726615 32.4050326589764 9566.38644131939 40003.298583387 72.1273307570761 26.6993632404171 925.873138813579 8.46980298618715 5972511.69242195 12401813.0686577 99.967823772606 116.322122940607 11758.8848040894 22608.5325272854 0 501948.484939691 438506.901265226 0 944.798309572013 493.184469141523 0 487.635131539354 370.038746958473 0 611.14860691965 803.15617530033 0 14.831665259676 116.158538677027 0 477462.562910058 283432.605338502 0 3.34909360659761 4363.03029951344 0 161748.247712883 4879698.51844822 0 26.2465642464417 569.530125131244 0 11.3000811900369 581.711696831856 0 5.50339575917868 311.731287392463 0 0.302079338518561 121.489090681166 0 147880.506089575 1641590.19310429 0 0.00309934475530116 197.984159819207 1395531.32968697
"182" 181 6146042.74417853 12998898.7880039 0.0000076283764233192 14965.0215686237 36608.601373493 1.90606512062125 19031.6347069272 30747.8561346531 29.0920056964046 9373.79022878495 39133.6350804673 64.7531739694162 26.1605062054264 905.655143584752 7.55246849852819 5975703.18447535 12379182.5740645 99.953395360092 116.464335700553 11773.8080924135 22608.9345363628 0 521904.781808679 438439.343761522 0 968.89167794102 477.058362367844 0 504.70118654941 353.608853640588 0 632.53733605425 767.495665728702 0 15.3409053183064 110.927245530991 0 497076.07929399 283476.658889265 0 3.59053862260441 4368.63036323013 0 173718.682303977 4879612.38188944 0 28.6243437550906 558.485869480202 0 13.0708654422499 572.773902014594 0 6.36580784101767 306.941646235152 0 0.348865886410863 119.597752021023 0 158970.063257987 1641804.9883568 0 0.00391496904966774 198.915790017746 1395531.32968697
"183" 182 6143801.50084047 12961406.450507 0.00000687833618738217 14653.0616551656 35755.8119159155 1.60420318983952 18647.3550402975 30075.4765485953 26.1123800212753 9184.51815417632 38277.8792436666 58.121103918322 25.630974992644 885.761375641509 6.73282171805902 5978830.32966094 12356361.7259708 99.9979359950632 116.603674077858 11788.4045413024 22609.2929613144 0 541846.06310777 438373.264350475 0 992.109820115872 462.164306755412 0 521.661742945301 338.188767390304 0 653.793844750023 734.026907126055 0 15.846716108757 106.033831401219 0 516696.965152794 283523.466869752 0 3.84010836677521 4373.98076118101 0 185684.70645476 4879528.03350931 0 30.942996607795 547.513064921149 0 14.9084797928371 563.756176303971 0 7.26076769607993 302.109171212842 0 0.397301056494944 117.689398294925 0 170073.98855427 1642008.07873782 0 0.00485004044084607 199.832734960581 1395531.32968697
"184" 183 6141608.05476035 12924059.6026889 0.00000626339338621032 14346.6142962895 34918.870199282 1.35014687932158 18269.7211035643 29413.9980696532 23.4334702882434 8998.5193495167 37435.997543195 52.1583693512511 25.1106254543623 866.191286527122 6.0007331391788 5981894.23967709 12333353.7795449 99.959547201155 116.74018786469 11802.6794300111 22609.612450661 0 561775.092857674 438308.612654656 0 1014.36764073128 448.330562604744 0 538.462164651437 323.725259238312 0 674.849658118015 702.634367873717 0 16.3473917534688 101.458760500539 0 536327.207226822 283568.882723706 0 4.09773430880437 4379.09768278968 0 197644.022555332 4879445.4664449 0 33.1946542043112 536.629585360322 0 16.7990773426103 554.674413691267 0 8.18153157049437 297.24237969658 0 0.447013868436452 115.767623042234 0 181189.805822893 1642204.22794102 0 0.00590822310881258 200.734877054785 1395531.32968697
"185" 184 6139461.54206144 12886855.2147283 0.00000576196481750476 14045.5998249019 34097.7260744324 1.13632525317005 17898.6316673469 28763.3947460005 21.0256521811563 8815.74395555889 36607.9569494551 46.7990322741866 24.5993165061455 846.944313397899 5.34707798917303 5984896.0092483 12310161.8325862 99.9827668853993 116.873926085817 11816.6380288507 22609.8971697018 0 581693.818264736 438245.354619416 0 1035.60189856296 435.412303871899 0 555.048303411098 310.163387483597 0 695.636912648141 673.198798928686 0 16.8412506372519 97.1821519165645 0 555968.043374143 283610.266154282 0 4.36332074488759 4383.99634313744 0 209595.287795657 4879364.65818067 0 35.37304518192 525.850143202559 0 18.729509537477 545.544339090249 0 9.12169582028564 292.349698451101 0 0.497654318797022 113.835954211933 0 192315.922455745 1642396.37776897 0 0.00709227691877395 201.622126266499 1395531.32968697
"186" 185 6137361.11055345 12849790.4223574 0.00000534442149372362 13749.9404572973 33292.3002259907 0.956366378239852 17533.987553242 28123.6387228022 18.8621000890834 8636.14312323857 35793.7220108391 41.9833840692503 24.0969101079131 828.019808673739 4.76364439053145 5987836.71646578 12286789.0853244 99.9670296086114 117.004937015053 11830.2855983508 22610.1508486512 0 601592.613369258 438183.463001832 0 1055.7638972772 423.287358806086 0 571.367762546682 297.447822420642 0 716.089940068273 645.600109097723 0 17.3266744997032 93.1842156890126 0 575609.935340933 283667.28026726 0 4.63674552968677 4388.6909772058 0 221548.601544366 4879285.5800556 0 37.4736619411169 515.186790458157 0 20.6874294304897 536.381257586557 0 10.0752472023339 287.439329261028 0 0.548895845180992 111.897801157253 0 203461.397038586 1642565.38321564 0 0.00840411302787376 202.494419397998 1395531.32968697
"187" 186 6135305.91964586 12812862.309273 0.00000499771517228908 13459.5600750429 32502.4888618081 0.804907439081713 17175.6916110136 27494.6985501497 16.9185429335262 8459.66900243951 34993.2527001905 37.6574020133323 23.6032712092735 809.416989154337 4.24304851627419 5990717.42312637 12263238.6321488 99.9927545721 117.133268191504 11843.62738744 22610.376826338 0 621484.408190912 438122.911440765 0 1074.82096155591 411.852623022729 0 587.370726281991 285.523850554272 0 736.146306726157 619.719544650625 0 17.8021335638422 89.4455770411242 0 595264.343423483 283715.990388307 0 4.91786128889189 4393.19485277135 0 233491.590272014 4879208.20319303 0 39.4930259235331 504.649339591756 0 22.6613698722355 527.199872542085 0 11.0366009548674 282.519151455515 0 0.600437124332703 109.95641713032 0 214614.372935001 1642735.48854325 0 0.0098448554714306 203.351719017346 1395531.32968697
"188" 187 6133295.14021993 12776068.0879505 0.00000470372820013539 13174.384078724 31728.1678399112 0.677434924820808 16823.6486788652 26876.5379810535 15.173037732216 8286.27472242611 34206.5028849771 33.7722452749322 23.1182676722511 791.134900808804 3.77865647831603 5993539.17506607 12239513.6335906 99.9681199064671 117.258966435456 11856.6686309303 22610.5780898132 0 641370.439207769 438063.675381462 0 1092.75410600075 401.021042165033 0 603.010820075767 274.338120713441 0 755.747891837521 595.441308734121 0 18.2662125973531 85.9475112832262 0 614931.855399367 283754.984483333 0 5.20649705708372 4397.52029700921 0 245423.475649694 4879132.49757149 0 41.4284786299199 494.245719943306 0 24.6407371204659 518.014158706798 0 12.000597685207 277.596653910619 0 0.652001587634997 108.014874052027 0 225773.777206904 1642908.56127617 0 0.0114149039204566 204.194012147476 1395531.32968697
"189" 188 6131327.95454165 12739404.9204117 0.00000445637712528499 12894.3392264938 30969.196010557 0.57015012550544 16477.7655316085 26269.1151603845 13.6057602918944 8115.91436631461 33433.4192950349 30.283789036797 22.6417701784569 773.172395960504 3.36451263495647 5996303.00248604 12215617.143673 99.9803181101613 117.382077863807 11869.4145465324 22610.7573101966 0 661232.616482319 438005.730893301 0 1109.55029657222 390.719070752341 0 618.245460823955 263.839183358995 0 774.841326391312 572.653731920548 0 18.7176206940923 82.6721077985242 0 634594.984063822 283820.217247046 0 5.50246021495791 4401.67873286771 0 257362.891865174 4879058.43320635 0 43.2786683042985 483.982275724072 0 26.6158306903245 508.837278882384 0 12.9625130372777 272.678890390492 0 0.703337689353037 106.076046904484 0 236956.695467172 1643048.898181 0 0.0131139957859444 205.021308799025 1395531.32968697
"190" 189 6129403.55620132 12702870.0740689 0.00000424567232415791 12619.3534753615 30225.4179649419 0.479855929686117 16137.9508156157 25672.3821107213 12.1988122871938 7948.54293903459 32673.9408681909 27.1521950908505 22.1736521188946 755.528119786649 2.99527396885118 5999009.92026877 12191552.2576672 99.9911603997266 117.502647904945 11881.870331579 22610.9168750754 0 681086.764242778 437949.054104236 0 1125.20732901389 380.884532470171 0 633.035940824448 253.977865066098 0 793.378098381961 551.250085008861 0 19.1551926805955 79.6023780941786 0 654267.932990305 283882.000056955 0 5.8055384732176 4405.68072209782 0 269294.483823143 4878985.98071737 0 45.0426518714317 473.864015723826 0 28.5778611364552 499.681534555757 0 13.9180663518977 267.772453092566 0 0.754219142530406 104.142605541603 0 248148.457973353 1643186.54111233 0 0.0149412698790931 205.833640412485 1395531.32968697
"191" 190 6127521.15001872 12666890.1028827 0.00000406266788217005 12349.3558772775 29496.6761656423 0.403861549766536 15804.1149778939 25086.2844866535 10.936043893233 7784.11633239545 31927.9984375591 24.3415170526797 21.7137894772147 738.200505179435 2.66615016706565 6001660.92828305 12167734.3654062 99.9371918615825 117.620721313016 11894.0411595914 22611.0589177515 0 700059.38631148 437893.621709193 0 1139.70925951321 371.464820702216 0 647.347598794782 244.707512692742 0 811.314767144259 531.129108983865 0 19.5778933868744 76.7223201587894 0 673120.801723771 283960.964032089 0 6.11550196076294 4409.53601249012 0 281662.972097 4878915.11081846 0 46.7214621304206 463.894825220902 0 30.5189118678454 490.558343091604 0 14.8634020697421 262.883460425344 0 0.804443657120527 102.217012222393 0 259766.180688382 1643301.21527962 0 0.0168953274911802 206.631058260122 1395531.32968697
"192" 191 6125679.96018527 12647525.2609791 0.00000390933438978227 12084.2686119432 28785.5856956068 0.339902335920443 15476.1699584157 24510.833183708 9.80289108600962 7622.59117354798 31195.6058701738 21.8193382236987 21.2620603618614 721.190065297266 2.37284902660486 6004257.01166842 12159606.390838 99.9911587104509 117.736342181158 11905.932186639 22611.1853436141 0 685857.655067447 437839.410978203 0 1148.12019188335 362.415045114237 0 661.021995137377 235.984131075179 0 828.452761793788 512.19531387934 0 19.9807434313007 74.0169475456261 0 660463.761919835 284033.386989711 0 6.43208814280893 4413.25358740126 0 310700.713443532 4878845.79511518 0 48.6004248717249 454.077211003755 0 32.4430373149562 481.478224414866 0 15.8004947903762 258.017549871728 0 0.854135923184205 100.301521009491 0 287059.345903013 1643416.7422668 0 0.0189744923685521 207.413631842357 1395531.32968697
"193" 192 6123879.25230003 12628309.9591353 0.00000377443984871307 11823.9881790798 28093.676450316 0.28607228901126 15154.0269669014 23946.2505574177 8.786226699104 7463.92372996631 30477.0461639862 19.5564400721991 20.8183416903535 704.504040573064 2.1115268093724 6006799.14092852 12151366.3591485 99.9766148335245 117.849553945452 11917.5486368838 22611.2978538949 0 671594.202383372 437786.400835495 0 1147.21896622255 353.695961406921 0 673.509262400854 227.766406593394 0 844.102938531909 494.359029926073 0 20.3463453775048 71.4722805917486 0 647719.254404055 284100.349590811 0 6.75484746878783 4416.84171578632 0 339760.329265282 4878778.00716873 0 50.8661027920468 444.411433837203 0 34.38946150543 472.45071421108 0 16.7484475046328 253.179831474279 0 0.904377014420746 98.398160388905 0 314410.007886997 1643532.47068511 0 0.021178693426555 208.181447224223 1395531.32968697
"194" 193 6122118.31003423 12609200.4352985 0.00000365830142496881 11568.4111617284 27419.6565726627 0.240767261383795 14837.5950500473 23392.7039955175 7.87422432112443 7308.06920375463 29772.5323579313 17.5264992954058 20.3825070793927 688.147846456405 1.87874317761252 6009288.27164392 12142977.1318487 99.9854663220993 117.960399370557 11928.8958463558 22611.3979670472 0 657353.67048486 437734.570779191 0 1138.72314938092 345.274024361224 0 684.333486338812 220.01568508241 0 857.668838428799 477.536359609124 0 20.659774650215 69.0753236574258 0 634967.972389764 284159.570822352 0 7.08305650593097 4420.30800128373 0 368798.813896285 4878711.72125535 0 53.4205764155088 434.897074002483 0 36.3919795833369 463.484327137367 0 17.7237192139501 248.37486812049 0 0.956090571166693 96.5087270689492 0 341777.05528153 1643650.82447641 0 0.0235105512102882 208.934605243461 1395531.32968697
"195" 194 6120396.4274361 12590194.7310302 0.00000355574283806966 11317.4409961203 26762.4145363197 0.20263715289888 14526.7819111247 22850.2584633155 7.05623413051474 7154.98213533006 29082.1471351288 15.7058114517907 19.9544280971892 672.123583306749 1.6714203527562 6011725.34417283 12134441.7280306 99.9508682859907 118.068920534923 11939.9792112008 22611.4870379673 0 643130.207170322 437683.900558352 0 1124.07430469775 337.120776009679 0 693.181187528576 212.695945191847 0 868.757580619085 461.649119845667 0 20.9113559223399 66.8140425247627 0 622204.602219538 284221.659895411 0 7.41579669563098 4423.65943023769 0 397821.882191919 4878646.91193823 0 56.1823617700578 425.533510023958 0 38.471203080891 454.586633602627 0 18.736348201865 243.606716688235 0 1.00983402987461 94.6348051216245 0 369165.160481197 1643761.47939603 0 0.025974523065639 209.67321978853 1395531.32968697
"196" 195 6118712.90847354 12571290.8141212 0.0000034690350217325 11070.9873048138 26120.992635592 0.170545677641745 14221.4947627341 22318.8990931837 6.32266978854591 7004.61682343621 28405.8715731429 14.0730392067633 19.5339755521441 656.430785687864 1.48680615579992 6014111.28350123 12125763.0734284 99.9994521059273 118.17515882336 11950.8041399715 22611.5662752641 0 628917.925504541 437634.370150424 0 1104.47805390093 329.212054186323 0 699.865973914796 205.773738224696 0 877.135561661175 446.62471140717 0 21.0954930678718 64.6773317211005 0 609423.709341306 284297.314228935 0 7.75202868239896 4426.90241836222 0 426835.388636884 4878583.55405533 0 59.0841453037304 416.319968105671 0 40.6375943526576 445.764342829799 0 19.7914298722759 238.878972557693 0 1.06588465615973 92.7777861981928 0 396579.15599872 1643853.81403379 0 0.0285760964961575 210.39741623422 1395531.32968697
"197" 196 6117067.06665971 12552486.8241437 0.00000339057219649623 10828.9652604607 25494.5635236871 0.143536502343042 13921.6410180096 21798.5496016052 5.66490554420809 6856.92766558684 27743.6085838612 12.6089833080759 19.1210205299358 641.067030211355 1.32244060479186 6016446.99922091 12116944.2200537 99.96755486033 118.279154925839 11961.3760169409 22611.6367567626 0 614723.315585117 437585.95974457 0 1080.9446005691 321.527322833594 0 704.299808461479 199.21810054342 0 882.692445550905 432.395928799873 0 21.2097226068324 62.6549737906035 0 596631.493134935 284373.178924674 0 8.09064974155457 4430.04285558194 0 455832.66607846 4878521.62271032 0 62.0701777539284 407.255559184517 0 42.8939198201619 437.023381123533 0 20.8903115351916 234.194811553914 0 1.12430877500598 90.9388883615901 0 424012.068981902 1643941.53528763 0 0.0313211769662264 211.107330028221 1395531.32968697
"198" 197 6115458.22470907 12533780.7735349 0.00000332336777192799 10591.2950221084 24882.4103415564 0.120804747429591 13627.1288439159 21289.087241845 5.07518274356899 6711.86943058545 27095.2019441664 11.2963744937502 18.7154352171553 626.028426400689 1.17612576379691 6018733.38561039 12107988.0450949 99.9870079567567 118.380948841293 11971.7001743392 22611.6994434121 0 600547.247500464 437538.649742686 0 1054.32061736769 314.04910691271 0 706.469949192263 193.000446674681 0 885.412262886975 418.900728252352 0 21.2539576867943 60.737593239013 0 583828.837526184 284446.814887305 0 8.4305376424239 4433.08614872238 0 484812.819838336 4878461.09324952 0 65.0943343291026 398.339308277678 0 45.237188114732 428.368964970621 0 22.0315363262421 229.55702912033 0 1.18501622159023 89.119173493842 0 451462.378761638 1644027.12557295 0 0.0342156299100985 211.803105417731 1395531.32968697
"199" 198 6113885.71425972 12515170.7983037 0.00000326386370294698 10357.9011997037 24283.9097513069 0.101673001429799 13337.8675965964 20790.3548852114 4.54652497887783 6569.39747295046 26460.4516720873 10.1196846304054 18.317093543562 611.310011002633 1.04589855719087 6020971.32179773 12098897.4830596 99.9917355013229 118.480579885342 11981.7818717763 22611.7551917549 0 586389.844729521 437492.420748696 0 1025.31365476649 306.762514022756 0 706.420247949171 187.094449559779 0 885.349972778011 406.08196780327 0 21.2298784085721 58.9166072828374 0 571015.917057316 284517.23853907 0 8.7705836307679 4436.03726184158 0 513775.604502147 4878401.9412572 0 68.1187591981576 389.570175642813 0 47.6602193974731 419.805668782459 0 23.2116075010893 224.968076621012 0 1.24780418278564 87.3195632733568 0 478929.184163675 1644111.79756419 0 0.0372649453068992 212.484894305078 1395531.32968697
"200" 199 6112348.87564647 12496655.0185178 0.00000321129811903252 10128.7123570366 23698.5174797937 0.0855711339575593 13053.7681544017 20302.1707230705 4.07266115759646 6429.46789694411 25839.1263748171 9.06495547981135 17.9258716681194 596.906062653628 0.930006282773874 6023161.67198691 12089675.3840943 99.9913361142899 118.578086701045 11991.6262814217 22611.8047650996 0 572249.07198637 437447.253563763 0 994.514070825791 299.654829719929 0 704.236090794113 181.475912999501 0 882.612588786841 393.887130447374 0 21.1404438505823 57.1841750450013 0 558190.867929777 284587.676226957 0 9.10971665433671 4438.90075408778 0 542722.975288923 4878344.14255034 0 71.1125643426789 380.947071971462 0 50.1529023510402 411.337487171935 0 24.4256006189204 220.430094713998 0 1.31239210185283 85.5408537317608 0 506413.678416963 1644192.46719533 0 0.0404740007292016 213.152855221314 1395531.32968697
"201" 200 6110847.05771082 12478231.5828356 0.00000316467234974842 9903.66055984056 23125.7560311639 0.072019305696923 12774.7431640521 19824.3360050799 3.64795581734488 6292.03767781669 25230.9730973744 8.11964359344494 17.5416483333286 582.810351114867 0.826884576604476 6025305.285732 12080324.5519917 99.9832583274967 118.673507271901 12001.2384777613 22611.8488435253 0 558127.335825614 437403.129181387 0 962.414229729085 292.715175484189 0 700.032369873091 176.122640265553 0 877.344104178992 382.268038961206 0 20.9895049052989 55.5331464652718 0 545356.055012651 284652.705662353 0 9.44692061033678 4441.68081503926 0 571652.442067929 4878287.67317686 0 74.0506484521657 372.468869350145 0 52.703188330064 402.967891876298 0 25.6676477162481 215.944943855467 0 1.37844910329474 83.7837284455811 0 533912.847394345 1644274.70096892 0 0.043846902261726 213.807152406981 1395531.32968697
"202" 201 6109379.61763732 12459898.6474713 0.00000312403032871876 9682.68097098137 22565.2042689304 0.0606136690811285 12500.707214322 19356.6411631373 3.26734605847158 6157.06474735262 24635.7251167202 7.27247993659793 17.1643051104601 569.01633298354 0.735137601351653 6027402.9982461 12070847.7205473 99.9940193192603 118.766878936459 12010.623430964 22611.8880328366 0 544022.105772353 437360.028787612 0 929.423535000511 285.934219852623 0 693.943957486376 171.01430196046 0 869.713553162811 371.180569097628 0 20.7814999167009 53.9570118873889 0 532509.181438866 284716.532644133 0 9.78124608630447 4444.38129753693 0 600566.46953872 4878232.5094114 0 76.9128308410416 364.134409221672 0 55.297867641692 394.699883566805 0 26.9313153731347 211.514232063823 0 1.44561525034387 82.0487704435648 0 561428.38611113 1644354.39887367 0 0.0473868860769579 214.447954989821 1395531.32968697
"203" 202 6107945.92081874 12441654.4474289 0.00000308605690365221 9465.71148367787 22016.4885613316 0.0510143335431835 12231.5769492527 18898.8706112411 2.92628451085604 6024.50804963192 24053.1080506707 6.51334294351818 16.7937265544526 555.517303731484 0.653520248136269 6029455.63073386 12061247.6205952 99.938937938486 118.858238403988 12019.7860030712 22611.9228725747 0 529936.032458987 437317.933757902 0 895.882168244268 279.303934270424 0 686.118182454868 166.13230546084 0 859.905581588911 360.584366217001 0 20.5212162995023 52.4498530300522 0 519652.899684294 284773.265967812 0 10.1118177719272 4447.00574806151 0 629462.287236136 4878178.62775681 0 79.6829975357576 355.942507783516 0 57.9231758004075 386.536038814933 0 28.2098999730357 207.139340088239 0 1.5135180064434 80.3364729135512 0 588957.022412591 1644437.66053894 0 0.0510962671820677 215.075436249808 1395531.32968697
"204" 203 6106545.34073849 12423497.1253031 0.00000305454990477241 9252.69239667713 21479.2752884831 0.042935236699558 11967.2711319024 18450.806464486 2.62068779508166 5894.32757242954 23482.8445911641 5.83314380195587 16.4298002855382 542.306514291778 0.580922159146179 6031463.99073855 12051526.8131837 99.9592688616894 118.947621770782 12028.7309463636 22611.9538431801 0 515864.005747996 437276.825659111 0 862.071418579106 272.817387035665 0 676.708977580806 161.459667695357 0 848.11311201673 350.442569156191 0 20.213606893892 51.0062958522072 0 506782.507803495 284832.166731164 0 10.4378385140479 4449.55743473707 0 658345.003159 4878126.00494208 0 82.3485235196148 347.89195981418 0 60.5652550277764 378.478552548048 0 29.4966524636405 202.821444160063 0 1.58178464112083 78.647248803971 0 616502.988852396 1644515.19953078 0 0.054976424058419 215.689772962603 1395531.32968697
"205" 204 6105177.2588776 12405424.9510368 0.00000302695741718608 9043.56611863085 20953.2644731759 0.0361356196260055 11707.7106674557 18012.231377659 2.346889979891 5766.48435859758 22924.6581170206 5.22372285846697 16.0724170112031 529.377258942634 0.516353394669939 6033428.87249628 12041687.9023647 99.9896526372349 119.03506453674 12037.4629033868 22611.9813723962 0 501805.919488575 437236.68624789 0 828.223221948836 266.468569064645 0 665.872322967866 156.980892516553 0 834.531632869686 340.721544068401 0 19.8636485717561 49.6214656588731 0 493898.089137808 284892.745321481 0 10.7585907792342 4452.03937306323 0 687214.619123502 4878074.61792577 0 84.8996887883332 339.98154086829 0 63.2105094205657 370.529276309431 0 30.7849513317991 198.561536495839 0 1.65005166740693 76.981439408188 0 644065.671072471 1644587.67959267 0 0.059027810629968 216.291144813219 1395531.32968697
"206" 205 6103841.06463114 12387436.2167313 0.0000030008950355312 8838.27691049708 20438.1844092353 0.030412852186789 11452.8185937734 17582.9306713941 2.10160057759212 5640.94050141078 22378.2753999562 4.67775612431787 15.7214705008494 516.722940115876 0.4589315835532 6035351.05729116 12031733.4338104 99.9653116098821 119.120601621926 12045.9864082135 22612.0058409889 0 487764.307636774 437197.497472105 0 794.528307337857 260.25224703539 0 653.762812606648 152.681853553299 0 819.354895368484 331.390630158508 0 19.4762371954097 48.2909446715794 0 481002.279912222 284949.35793002 0 11.0734361555377 4454.45434949265 0 716068.49956612 4878024.44389702 0 87.3291731573004 332.210008862209 0 65.8458616824621 362.68975266781 0 32.0684276376906 194.360443736907 0 1.71797155462588 75.3393220242618 0 671641.942141683 1644660.91155803 0 0.0632499883365887 216.879733872402 1395531.32968697
"207" 206 6102536.15523246 12369529.1612943 0.00000297854344041205 8636.77066175156 19933.7871373419 0.0255963946104766 11202.5200466997 17162.6938858436 1.88186665666045 5517.65912747895 21843.4285819828 4.18867094546996 15.3768575242579 504.337114795771 0.407870410419303 6037231.31380681 12021665.8224938 99.9708013596674 119.204267382892 12054.3058886066 22612.0275878565 0 473736.615615125 437159.241472682 0 761.142891675638 254.163839658667 0 640.531119835489 148.549683133522 0 802.771737016552 322.421898593728 0 19.0561114696664 47.0107321915684 0 468092.891459229 285006.312555133 0 11.3818134127054 4456.80494297907 0 744909.175407247 4877975.46027635 0 89.6316493271756 324.576105255379 0 68.4589321524732 354.961246133952 0 33.3410522057135 190.218843517174 0 1.78521730533363 73.7211167832499 0 699233.612955822 1644730.59916685 0 0.0676416722641508 217.455724128936 1395531.32968697
"208" 207 6101261.93569176 12351702.0950629 0.00000295921076025044 8438.99468869257 19439.8446106558 0.0215427153658771 10956.7422058934 16751.3158761147 1.68503868608472 5396.60437006689 21319.8565696006 3.75056997870464 15.0384777625458 492.213526299338 0.362469306314669 6039070.3984703 12011487.4748799 99.9946265588635 119.2860956286 12062.4256688139 22612.0469145913 0 459723.408876977 437121.900583987 0 728.193882003439 248.199313143471 0 626.322126176753 144.572667617464 0 784.963736487852 313.789925328114 0 18.6077979598386 45.7772074044723 0 455170.740787285 285061.829395063 0 11.6832355218388 4459.09354462486 0 773736.01123515 4877927.64471898 0 91.803489545904 317.078555544912 0 71.0381660049214 347.344770904673 0 34.597197573767 186.137279330745 0 1.85148561897391 72.1269927288066 0 726839.479588743 1644798.62457947 0 0.0722007868550441 218.019301071783 1395531.32968697
"209" 208 6100017.81874016 12333953.3652691 0.00000294144442240381 8244.89755980549 18956.1454659118 0.0181310138898366 10715.4142257888 16348.5975435255 1.50873975901624 5277.74133508998 20807.305964487 3.35816268942318 14.7062336985128 480.346124542804 0.322104221761571 6040869.05578592 12001200.7569349 99.9974195495921 119.366119635792 12070.3499727839 22612.0640895508 0 445723.855606604 437085.457335758 0 695.78378366815 242.355093187005 0 611.273628983379 140.740149290042 0 766.103593932223 305.471578163335 0 18.1355744314581 44.587094815602 0 442235.33551864 285116.871668042 0 11.977285945266 4461.32237555893 0 802549.756956877 4877880.97511664 0 93.8424583938288 309.716069655416 0 73.5729109081487 339.841115726029 0 35.8316758148013 182.116173855769 0 1.91649871431372 70.5570732227063 0 754459.670307467 1644864.14985504 0 0.0769245278519916 218.57065131655 1395531.32968697
"210" 209 6098803.22478136 12316281.3227601 0.00000292496206331151 8054.4289417623 18482.4923103831 0.0152596207028182 10478.4671559562 15954.3462803854 1.35083787400944 5161.03606188886 20305.5316295815 3.00670365505322 14.3800304927162 468.72907734434 0.286219372558345 6042628.01865648 11990807.9633594 99.9777710514365 119.444372163743 12078.0829276356 22612.0793514905 0 431738.333095559 437049.8944544 0 663.994493507874 236.627990777597 0 595.515482167623 137.042434825135 0 746.354054058664 297.445818073619 0 17.6434467548375 43.4374322644987 0 429287.365885062 285170.045789386 0 12.2636144542303 4463.49350317318 0 831349.974864658 4877835.42960032 0 95.747491888774 302.487342119215 0 76.0534603217248 332.450866169396 0 37.0397596235392 178.155840891884 0 1.98000523327032 69.0114407498659 0 782093.184192599 1644928.65137858 0 0.0818094275748063 219.109962271371 1395531.32968697
"211" 210 6097617.58184715 12298684.3095726 0.00000291133621488367 7867.53946632473 18018.699440072 0.0128429676353158 10245.833854151 15568.3761918657 1.20942098064305 5046.45548040272 19814.2969714655 2.69193702143126 14.0597758501111 457.356774836306 0.254319859102213 6044348.00869075 11980311.307128 99.9969739648875 119.520885468316 12085.6285672531 22612.0929128046 0 417766.743336203 437015.194864674 0 632.890864872957 231.015139773585 0 579.169094394606 133.470710220028 0 725.867277225931 289.693514573939 0 17.1351368971113 42.3255414338489 0 416327.090539552 285220.897893568 0 12.5419326677751 4465.60885584289 0 860136.736259222 4877790.98654257 0 97.5184694050324 295.391052272813 0 78.4710671881142 325.174424579624 0 38.2171889846291 174.256496050153 0 2.04178036015679 67.4901411873654 0 809739.515555583 1644992.5989909 0 0.0868514214739091 219.637421837811 1395531.32968697
"212" 211 6096460.3255557 12280757.6520734 0.00000289861125173475 7684.18061588216 17564.5857057601 0.0108090378769323 10017.448895016 15190.508132129 1.08277452265886 4933.96736620192 19333.373986346 2.41004651817612 13.7453798815842 446.223828196881 0.225965069570401 6046029.7364961 11969320.1423399 99.9947814924858 119.595691315273 12092.9908359083 22612.1049624155 0 404617.185865146 436981.341691182 0 602.532315910676 225.51394443253 0 562.347220106908 130.016962022146 0 704.784577535589 282.197274745377 0 16.6140798985227 41.2490007472579 0 404136.775008239 285270.742481348 0 12.812009470469 4467.67023625164 0 888504.952346302 4877747.62455976 0 99.1555563426408 288.425864517157 0 80.8179347246678 318.012027945869 0 39.3601666881355 170.418266329802 0 2.10162534240141 65.9931875989396 0 837008.992346796 1645054.81194301 0 0.0920459142162925 220.153218142896 1395531.32968697
"213" 212 6095330.89464297 12248183.7838293 0.00000288722601232061 7504.30886375074 17118.4611788559 0.00909721985900101 9793.24860129995 14820.5304870934 0.969361236043389 4823.54035586415 18862.4933472098 2.1576104931288 13.4367551494933 435.323813312403 0.200762786032398 6047673.90196007 11943878.1605904 99.9920330520985 119.668820993063 12100.173586458 22612.1156683502 0 421023.183935743 436948.318068495 0 575.647109427157 220.122218208651 0 545.223495538096 126.673906892598 0 683.323571675595 274.941290355268 0 16.0856429168475 40.2056213291074 0 420532.240618258 285319.21826816 0 13.0736757575706 4469.6793334439 0 902035.957365672 4877705.32226971 0 100.505338928496 281.590662920942 0 83.0811541745203 310.963769761344 0 40.4624058767698 166.641201832556 0 2.15920168543529 64.5205649259258 0 850044.032264103 1645115.70074863 0 0.0973877353485543 220.657539300934 1395531.32968697
"214" 213 6094228.719075 12215648.7145641 0.00000287718483667139 7327.89561439213 16679.2440698802 0.00765650101606351 9573.17210496552 14458.1199337678 0.867802981808804 4715.14446960988 18401.2435520681 1.93156147563892 13.1338182464701 424.646751820255 0.178363920532609 6049281.19461255 11918297.4579322 99.9940915526983 119.740305329483 12107.1805353922 22612.125180037 0 437503.083511318 436916.106637149 0 553.993422301767 214.838573681128 0 528.176938384086 123.434945720127 0 661.959279023911 267.91123826313 0 15.5617022909392 39.1934316176736 0 437000.045221881 285366.270295258 0 13.3269048189885 4471.63773388704 0 915522.808477598 4877664.05764615 0 101.47068720862 274.885098657136 0 85.2301631504965 304.029668283326 0 41.5090219750021 162.925312342239 0 2.21369063221821 63.0722451061267 0 863047.910770142 1645175.38194129 0 0.102870212053836 221.150573247064 1395531.32968697
"215" 214 6093153.23264988 12183188.9425016 0.00000286767352814578 7154.91312458042 16247.38625989 0.00644394759971968 9357.16197180932 14102.9866762259 0.776864413716136 4608.75141895085 17949.255769742 1.72914982407782 12.8364907106618 414.183772394355 0.158457815431951 6050852.29416945 11892617.5005344 99.9773239879092 119.810174717062 12114.0152408755 22612.1336303511 0 453980.049983897 436884.690099859 0 536.646974121771 209.661779205243 0 511.538445304073 120.294114800093 0 641.106409307587 261.094174456342 0 15.0525346516598 38.2106609988381 0 453465.696197341 285411.98275377 0 13.5718554483174 4473.54693182958 0 929004.266931045 4877623.80873148 0 102.108917609827 268.308806273269 0 87.2387766574302 297.209711834704 0 42.4872622964641 159.270591601246 0 2.2643973357772 61.6481969278051 0 876057.592075229 1645233.85906605 0 0.108484678136734 221.632507687743 1395531.32968697
"216" 215 6092103.8770625 12150802.612793 0.00000286006824647584 6985.33078855295 15823.2406972416 0.00542342524331445 9145.16361543916 13754.8997400944 0.695438299939344 4504.33431805212 17506.2360328475 1.54791105470367 12.544698135597 403.927904083894 0.140768048881209 6052387.87105828 11866840.27055 99.9937272672763 119.878459137481 12120.6811326163 22612.1411374387 0 470454.076573133 436854.051400248 0 522.832897373442 204.590576778428 0 495.543674089755 117.246019862829 0 621.060310260598 254.478390861009 0 14.5653410481611 37.2557175455904 0 469929.120393415 285456.707535769 0 13.8088253259013 4475.40833866598 0 942480.645359245 4877584.5538662 0 102.468606101132 261.861204219583 0 89.0892488208766 290.503845739583 0 43.3884841979286 155.677010309519 0 2.31085994341015 60.2483827357898 0 889073.106356244 1645290.78977259 0 0.114221028897476 222.103530065886 1395531.32968697
"217" 216 6091080.10208315 12118487.9537493 0.00000285297024657224 6819.11542792416 15407.0761266243 0.00456452214938001 8937.12470127392 13413.6743104615 0.622532334808708 4401.86739017969 17071.9491224056 1.38563648715484 12.2583692737708 393.87365631383 0.125048692269704 6053888.58684012 11840967.74155 99.9982424842401 119.945188180915 12127.1815392966 22612.1478063403 0 486925.409606472 436824.173732017 0 511.902774162642 199.623677797482 0 480.352898089551 114.285774856277 0 602.021850990352 248.053282471804 0 14.1049050409085 36.3271674995759 0 486390.543595805 285500.288310082 0 14.0382072436216 4477.22329123613 0 955951.946574541 4877546.27170109 0 102.590909135572 255.541517881869 0 90.7705156990126 283.911957919157 0 44.2072992888625 152.14450840557 0 2.35279973467026 58.8727548998571 0 902094.187941219 1645346.43466261 0 0.120068240652121 222.563827496827 1395531.32968697
"218" 217 6090081.36569165 12086243.2190779 0.00000284551005655739 6656.23157642874 14999.09010577 0.00384164281131507 8732.9946446788 13079.1613974841 0.55725729240921 4301.32572051343 16646.2054149798 1.24034687665274 11.9774352876566 384.016677818906 0.111080971898603 6055355.09454048 11815001.8324342 99.9634400485732 120.01039106095 12133.5197098203 22612.1537304374 0 503394.120274845 436795.040545873 0 503.314504504014 194.759761595069 0 466.067210787889 111.408947039038 0 584.117731027256 241.809228178347 0 13.6741272599584 35.4237170113744 0 502850.061674415 285542.900916605 0 14.2604548423192 4478.99305916912 0 969418.350053968 4877508.94120653 0 102.510726305236 249.348801676366 0 92.2767586382969 277.433868095557 0 44.9408737530584 148.672989280971 0 2.39008055686145 57.5212531500925 0 915120.744696498 1645400.70241899 0 0.126014777256872 223.01358668041 1395531.32968697
"219" 218 6089107.13417536 12054066.6316668 0.00000284050029455184 6496.64175267146 14599.4201252906 0.00323324526133568 8532.7241923536 12751.2394403206 0.49881638805498 4202.6850499652 16228.8501967717 1.110268734703 11.701829130135 374.353481036889 0.098670292016108 6056788.03890399 11788944.3604263 99.9909976153567 120.074096625835 12139.6988295538 22612.1589927408 0 519860.508476794 436766.63555455 0 496.61535454214 189.997475907366 0 452.741706751852 108.611507827942 0 567.416999883424 235.737484081582 0 13.2744580023567 34.5441959233897 0 519308.017286777 285584.259824062 0 14.476056062033 4480.71885137747 0 982879.864617987 4877472.54167933 0 102.257679882197 243.28195983356 0 93.6062338028575 271.069320117846 0 45.5883583029063 145.262315667962 0 2.42267595120187 56.1938026579912 0 928152.523880397 1645453.832053 0 0.132048904882278 223.452993795444 1395531.32968697
"220" 219 6088156.88219695 12021956.5436693 0.00000283542552287431 6340.30671738621 14208.1530841126 0.00272119911502011 8336.26507669542 12429.8075203384 0.446495726620994 4105.92160493953 15819.7550258852 0.993813068930584 11.4314850375475 364.881220617625 0.0876435807657397 6058188.05658572 11762797.2037563 99.9951252418896 120.1363333667 12145.7220325297 22612.1636670363 0 536324.620755355 436738.942736348 0 491.427716553271 185.335438669371 0 440.396168250531 105.88978886958 0 551.944450494011 229.830088148568 0 12.906246033357 33.6875433919857 0 535764.522233774 285624.567811427 0 14.6855128229673 4482.40182179751 0 996336.650559542 4877437.05274765 0 101.85693801019 237.339765697813 0 94.7603213930604 264.817976951171 0 46.1504251272795 141.912306954208 0 2.45064260228664 54.8903127502255 0 941189.423562105 1645505.75995826 0 0.138158932553976 223.882234381845 1395531.32968697
"221" 220 6087230.09283718 11989911.3007141 0.00000283008369394417 6187.1857127895 13825.3333707711 0.00229024528161054 8143.56973362791 12114.7799074422 0.399655728488154 4011.01195835404 15418.8107912901 0.889556298892974 11.1663381200032 355.597516561544 0.0778469245800435 6059555.77629059 11736562.1736634 99.9708627480978 120.197129423322 12151.5924104167 22612.1678189064 0 552786.562126611 436711.946337386 0 487.437089869248 180.772240663885 0 429.023693624196 103.240442836394 0 537.691433072619 224.079775121754 0 12.5690185225297 32.8527951597804 0 552219.752040247 285663.901998029 0 14.8893257196096 4484.04307446184 0 1009788.84367285 4877402.45437436 0 101.329911757829 231.520879440418 0 95.7427565335157 258.679417906314 0 46.6288933165538 138.622737698149 0 2.47409899447762 53.610676151984 0 954231.323231598 1645556.46572387 0 0.144333392865452 224.301493214947 1395531.32968697
"222" 221 6086326.25761688 11957929.276103 0.00000282464488690879 6037.23668318915 13450.9697380005 0.00192754123993708 7954.5910752048 11806.081707535 0.357723434551573 3917.93291763818 15025.9221732264 0.796223128518005 10.9063240350225 346.500314048669 0.0691434601409898 6060891.81887056 11710241.0513497 99.9261060698226 120.256512587914 12157.3130189158 22612.1715066381 0 569246.472067372 436685.630872853 0 484.382001639987 176.306448686491 0 418.597632715903 100.660408481574 0 524.624547223668 218.479900671869 0 12.2617045782584 32.0390723036863 0 568673.916470213 285702.261693266 0 15.0879827284269 4485.64366798108 0 1023236.5450192 4877368.72685893 0 100.694839227172 225.82386417815 0 96.5590097413257 252.653137725907 0 47.0264271365973 135.39333713932 0 2.49320833679394 52.3547686671448 0 967278.074124362 1645605.99238184 0 0.15056117470985 224.710954175706 1395531.32968697
"223" 222 6085444.87650116 11926008.8187711 0.00000282253928521232 5890.41647681278 13085.041163823 0.00162227832782376 7769.28230917632 11503.6454167624 0.32018560141338 3826.66143586296 14641.0032576976 0.712671177339446 10.6513787321097 337.587773332965 0.0614114962523648 6062196.79738803 11683835.5395923 99.984134869995 120.314510307355 12162.8868821259 22612.1747820317 0 585704.533309765 436659.981127414 0 482.045507894476 171.936608979342 0 409.077132524707 98.1468795227177 0 512.692592258365 213.024373860974 0 11.9828126901289 31.2455712992427 0 585127.264356805 285739.550706484 0 15.2819511118149 4487.20461950344 0 1036679.86405603 4877335.85083838 0 99.967278757341 220.247200537951 0 97.2157903496693 246.738547186122 0 47.3462941847966 132.223789520787 0 2.50816498020208 51.1224492134416 0 980329.54106398 1645654.36167769 0 0.156831617726199 225.110800119855 1395531.32968697
"224" 223 6084585.45788893 11894148.4660807 0.00000281854538713739 5746.68102926526 12727.5018255167 0.00136535964200764 7587.59679854603 11207.4082202816 0.286582506698138 3737.17454256744 14263.9740985402 0.637877192328103 10.4014382572682 328.858184192252 0.0545428408842229 6063471.31715284 11657347.473079 99.9617518836815 120.371149684208 12168.3169953216 22612.1776911197 0 602160.76959994 436634.982154943 0 480.248052457018 167.661250751406 0 400.411543496764 95.6972769596111 0 501.832089558637 207.707597059189 0 11.7305705683333 30.4715552562861 0 601579.88221801 285775.978140436 0 15.4716718506075 4488.72690821379 0 1050118.90791022 4877303.80728728 0 99.1605244549688 214.789299734647 0 97.720650924103 240.934974913511 0 47.5921727318255 129.113735062763 0 2.51918368907585 49.9135601410894 0 993385.592194043 1645701.59523277 0 0.163134576390582 225.501212748474 1395531.32968697
"225" 224 6083747.51858966 11862346.6328829 0.00000281615470888528 5605.98552951036 12378.2853342346 0.00114912894816706 7409.48795495194 10917.3099002786 0.256502392327534 3649.44929124498 13894.7580549001 0.570924679696761 10.156438607812 320.309900359035 0.0484413112466861 6064715.97573863 11630778.5151574 99.984075427475 120.426457476832 12173.606326505 22612.1802748074 0 618615.537655302 436610.619277647 0 478.841465723319 163.47888966135 0 392.543894622703 93.3092244657888 0 491.971637884581 202.524412532921 0 11.5030344102519 29.7163461947648 0 618032.172247629 285811.086588335 0 15.6575560614235 4490.21147842636 0 1063553.60012444 4877272.57751699 0 98.2859548730412 209.44851525607 0 98.0816743151937 235.241670155652 0 47.7679993091819 126.062771447366 0 2.52649123557446 48.7279277730319 0 1006445.92324722 1645748.07163806 0 0.169460460222858 225.882372481903 1395531.32968697
"226" 225 6082930.58378942 11830601.8884146 0.00000281207534172666 5468.28456945679 12037.3083328417 0.000967142523244811 7234.90916047054 10633.29123968 0.229576480807517 3563.46272082877 13533.2797595928 0.510992812119949 9.91631562908469 311.941290110211 0.0430214071024929 6065931.36298418 11604130.4300053 99.9355677695036 120.48046009882 12178.757817026 22612.1825694419 0 635068.524788079 436586.87808481 0 477.703874306186 159.388031177654 0 385.413610177935 90.9805265268835 0 483.035318240004 197.470054994923 0 11.2981734078337 28.9793182426563 0 634483.876151163 285845.729631888 0 15.8399829577676 4491.65924231966 0 1076984.40589948 4877242.14317426 0 97.353331537627 204.223153258897 0 98.3072281797952 229.657806281421 0 47.8778491554828 123.070455694359 0 2.53031987963759 47.5653631140846 0 1019510.7608141 1645793.09800121 0 0.175800255362249 226.254458338531 1395531.32968697
"227" 226 6082134.18700815 11798912.7029092 0.00000281035057236999 5333.53227788498 11704.4735400467 0.000813977131275731 7063.81371309529 10355.2928283599 0.205474506068415 3479.19182883797 13179.4635997308 0.457346481249045 9.68100494576305 303.750699891137 0.0382071296288942 6067118.06098356 11577404.8347875 99.9609883986467 120.533183617987 12183.7743815071 22612.1846073181 0 651520.089753338 436563.74443103 0 476.735464109442 155.387173740759 0 378.958606719463 88.7091490292042 0 474.945322019155 192.540109472477 0 11.1139341468142 28.2598916498191 0 650935.377341148 285879.428309926 0 16.0192989967086 4493.07108235635 0 1090411.244339 4877212.48623951 0 96.3710461574823 199.111481757903 0 98.4057749572017 224.182484818207 0 47.9258436705433 120.136306324644 0 2.53090238884352 46.4256626839494 0 1032579.8074816 1645837.05258925 0 0.18214553179866 226.617647819555 1395531.32968697
"228" 227 6081357.87004854 11767277.7200728 0.00000280713970914896 5201.68244081781 11379.6723418024 0.000685068409665228 6896.15479181096 10083.2541935381 0.183900706253477 3396.61355417554 12833.2326099575 0.409327378435152 9.45044192149993 295.736428362858 0.0339309300227381 6068276.64406906 11550603.4671814 99.9248176760622 120.58465375506 12188.6589072633 22612.18641713 0 667970.264690906 436541.204434265 0 475.854915936479 151.47481173143 0 373.116894401606 86.4932020317739 0 467.623957920933 187.730473914706 0 10.9482890273315 27.5575275230431 0 667386.729874824 285912.340203237 0 16.1958179236982 4494.44785342598 0 1103834.21369643 4877183.5890244 0 95.3463282828824 194.111738764693 0 98.3857258656713 218.814739865397 0 47.9160793083721 117.259805725383 0 2.52846827255886 45.3086094367723 0 1045652.94503744 1645879.95637717 0 0.188488439695683 226.972116800545 1395531.32968697
"229" 228 6080601.18293826 11735695.4647831 0.00000280697766366291 5072.68860898744 11062.7869897394 0.000576574849933352 6731.8854377614 9817.11319060866 0.164590231146785 3315.70476785263 12494.5076971383 0.366345998358966 9.22456164157983 287.896708755702 0.0301327737333416 6069407.67878969 11523727.8987423 99.9894089409066 120.634895882219 12193.4142533698 22612.1880243704 0 684419.228357515 436519.244473535 0 474.996379858934 147.649438202994 0 367.827774414849 84.3309244822126 0 460.995152687945 183.037326018931 0 10.7992717611379 26.8717231978835 0 683838.120762606 285944.324235949 0 16.3698214850942 4495.79038474394 0 1117253.41011684 4877155.43416936 0 94.2854232944025 189.222139448398 0 98.2553311393627 213.553542750828 0 47.8525741200714 114.440402645331 0 2.52324100819994 44.2139737364565 0 1058730.05860667 1645921.8301448 0 0.194821697560055 227.318039430343 1395531.32968697
"230" 229 6079863.68386624 11704164.6533269 0.00000280547592120464 4946.50419367703 10753.6924482319 0.000485263320875681 6570.95854847776 9556.80560049305 0.147305921727949 3236.44227014576 12163.2071279003 0.327874470942849 9.00329891400928 280.229697750394 0.0267593077272717 6070511.72388761 11496779.8394232 99.999323152472 120.683935021592 12198.0432494974 22612.1894516873 0 700866.995497542 436497.85118645 0 474.106953171178 143.909547375815 0 363.032713626134 82.2206706610864 0 454.985547285095 178.457093808603 0 10.6650026237597 26.2020081720004 0 700289.56544576 285975.556397214 0 16.5415606235095 4497.09948153631 0 1130668.92767937 4877128.00464055 0 93.1937413497328 184.440882422887 0 98.0225993166047 208.397806818984 0 47.7392284453942 111.677514760761 0 2.51543605615608 43.1415143622145 0 1071811.03658239 1645962.69446521 0 0.201138574482531 227.655588037632 1395531.32968697
"231" 230 6079144.93911382 11672683.9335616 0.00000280375768307085 4823.08255210307 10452.2579765999 0.00040841271748109 6413.32688258809 9302.26489077011 0.131835423536408 3158.80279291652 11839.2462246165 0.293440136258451 8.78658828517975 272.733469483538 0.0237631195146992 6071589.33027453 11469760.8824667 99.9952529100446 120.731795843805 12202.5486946096 22612.1907192009 0 717313.676275735 436477.011466542 0 473.14454278889 140.253636898678 0 358.675961242793 80.1608981614747 0 449.525269758807 173.986429543375 0 10.543705593044 25.5479405330077 0 716741.163007283 286006.015867604 0 16.7112570101237 4498.37592653654 0 1144080.85843866 4877101.28372684 0 92.0759830032026 179.766155256497 0 97.6952397257262 203.346392260204 0 47.579796902039 108.970531263373 0 2.50525949852965 42.0909795236769 0 1084895.77054557 1646002.56969397 0 0.207432868221711 227.984933045329 1395531.32968697
"232" 231 6078444.52298144 11641252.0010808 0.00000280196371516421 4702.3770633969 10158.3484541454 0.000343732875524225 6258.94307282851 9053.42210378673 0.117988599685244 3082.76300602001 11522.5372230013 0.262619786396183 8.57436406686228 265.406013476105 0.0211020779556646 6072641.04100967 11442672.6183453 99.98285838971 120.778502666635 12206.9333555963 22612.1918447847 0 733759.359700885 436456.71246046 0 472.076079236681 136.680209884842 0 354.70496146311 78.1501572329251 0 444.548452408157 169.622186590529 0 10.4337191388717 24.9091038220521 0 733192.982419045 286035.716228345 0 16.8791047978355 4499.62048131683 0 1157489.29246526 4877075.2550364 0 90.9362451239626 175.196139289157 0 97.2806234883458 198.398110910058 0 47.3778693933678 106.318815432211 0 2.49290717066283 41.06210786954 0 1097984.15517765 1646041.47595937 0 0.21369888050376 228.306242892798 1395531.32968697
"233" 232 6077762.01771194 11610360.016773 0.0000028008165884741 4584.3411955409 9871.82774739759 0.000289296322796149 6107.75964550232 8810.20584906842 0.105595212474531 3008.2995268892 11212.9892624507 0.235034505185243 8.36656037180452 258.245235749396 0.0187387468417968 6073667.39128038 11416000.8059316 99.9885115262815 120.824079453847 12211.1999658993 22612.1928443161 0 749217.097457528 436436.941565075 0 470.872087007176 133.187776708734 0 351.070595290716 76.1870813348172 0 439.993534848623 165.361398921378 0 10.3335017472677 24.2851042802358 0 748678.843692882 286064.649757628 0 17.0452725062114 4500.83388747441 0 1171388.91754 4877049.90249323 0 89.7783359753961 170.729013803209 0 96.7857599598787 193.551730959873 0 47.1368596343991 103.721707157971 0 2.47856419925969 40.0546294764918 0 1111558.13610192 1646079.43315357 0 0.219931390656792 228.619683965806 1395531.32968697
"234" 233 6077097.01577691 11592600.6976466 0.00000279983737419335 4468.92630102733 9593.36706271612 0.000243480837384682 5959.72897773017 8572.56339340233 0.0945028458432885 2935.38889947903 10910.5352279666 0.210345043973768 8.16311105557085 251.249634488892 0.0166398632655547 6074668.90838407 11402133.1069055 99.9956500021122 120.868549814115 12215.3512270815 22612.1937318986 0 738444.592903981 436417.686526759 0 468.080939726268 129.774758760724 0 347.689986891112 74.270377529801 0 435.756649562206 161.201260260566 0 10.24044477009 23.6755680027355 0 738480.838891473 286092.851112892 0 17.2098999211259 4502.01686768613 0 1198428.80707542 4877025.21046477 0 88.6876561053011 166.362834179917 0 96.2205189586545 188.80597837781 0 46.8615744504489 101.178523704536 0 2.46249318962516 39.0682660973401 0 1137949.45374221 1646116.4609245 0 0.226125687185999 228.925420532836 1395531.32968697
"235" 234 6076449.12585094 11574890.4404182 0.00000279853979155494 4356.07656838247 9323.28154292909 0.000204921108446506 5814.80272090287 8340.50113028361 0.0845750441122643 2864.00731029544 10615.1832567246 0.188247678830521 7.96394886342167 244.419586241094 0.0147758737445547 6075646.11166369 11388210.3745228 99.9873693030858 120.911936997736 12219.3898330813 22612.1945200598 0 727664.406085024 436398.935696987 0 462.829918776324 126.439272349561 0 344.3729835166 72.3988080177256 0 431.599479866328 157.1390840061 0 10.1485440178455 23.0801349840808 0 728262.567024125 286120.354769247 0 17.3730553776275 4503.17012655504 0 1225469.44246849 4877001.16408989 0 87.7158939032191 162.09525608129 0 95.6039807817511 184.159513027805 0 46.5613063788236 98.688546911444 0 2.44520664417244 38.1027257235403 0 1164355.11148486 1646152.57866586 0 0.232278059962524 229.223614663722 1395531.32968697
"236" 235 6075817.96606812 11557220.5946987 0.00000279772371913402 4245.73641660067 9061.11096187822 0.000172468048005923 5672.93147283316 8114.0082790199 0.075689644268529 2794.13042691782 10326.9196278435 0.168470498533175 7.76900495430145 237.754897396122 0.0131205216566675 6076599.51234677 11374226.5854767 99.9926590424088 120.954263888726 12223.3184817182 22612.1952199272 0 716891.636749403 436380.67773637 0 455.604917899003 123.179451645411 0 340.955416598876 70.5711772302259 0 427.316274810474 153.172275218602 0 10.0526616202467 22.4984550944608 0 718039.100790332 286147.148806197 0 17.5347138907993 4504.29435117021 0 1252503.33459051 4876977.74889969 0 86.8365287918369 157.923950680637 0 94.9528546457921 179.61091668154 0 46.2441931868859 96.2510167696702 0 2.42714945491222 37.1576998777269 0 1190767.4723496 1646187.80550236 0 0.238386047482459 229.514426106201 1395531.32968697
"237" 236 6075203.16188866 11539590.2131352 0.00000279517154533047 4137.8523403817 8806.44942983882 0.00014515454819264 5534.06507267465 7893.04461076174 0.0677372819916823 2725.73354325766 10045.6931409695 0.150770079271807 7.57820935306765 231.254419941831 0.011650480397634 6077529.61339276 11360183.2621645 99.9326224672674 120.995552997402 12227.1398595484 22612.1958413843 0 706126.047576044 436362.901522743 0 446.812583059565 119.993526889594 0 337.322127236493 68.7863311069832 0 422.762706806981 149.298329050462 0 9.94924593970811 21.9301882626495 0 707810.454733395 286173.328708537 0 17.6947814491103 4505.3902115938 0 1279530.65065063 4876954.95069974 0 86.0275989952775 153.84670593838 0 94.2794911064321 175.158710115833 0 45.916249875278 93.8651405838829 0 2.40864565550098 36.2328674609311 0 1217186.37240093 1646222.16027615 0 0.244448146167106 229.798012172545 1395531.32968697
"238" 237 6074604.34590342 11521998.2542162 0.00000279504433900969 4032.37276064585 8558.93764272397 0.000122166661996835 5398.15289908532 7677.54711273572 0.0606200533704496 2658.79172641516 9771.42359802728 0.134928505889063 7.39149140276031 224.916272445733 0.0103450272120626 6078436.90939266 11346081.7990627 99.9563578854055 121.035826455532 12230.8566281744 22612.1963932093 0 695367.520612512 436345.596143887 0 436.79254274129 116.879815833003 0 333.396598103464 67.0431569827164 0 417.842877397849 145.51483050055 0 9.83598771692627 21.3750048232007 0 697576.730812544 286198.76150479 0 17.853117553412 4506.45836136664 0 1306551.55436541 4876932.75556105 0 85.2709940769747 149.861416463912 0 93.5927928536333 170.801369865785 0 45.5818122558721 91.5301019502227 0 2.38992432080225 35.3278984935102 0 1243611.652566 1646255.66153668 0 0.250463540937201 230.074527656904 1395531.32968697
"239" 238 6074021.15766007 11504443.8151784 0.00000279492051564593 3929.24787875569 8318.25600394792 0.000102819286670086 5265.14412118216 7467.43545104894 0.054250313216588 2593.27994028375 9504.00875588047 0.1207506971595 7.20878014254067 218.738020283544 0.00918575249516135 6079321.88651363 11331923.687482 99.9775940665509 121.0751060137 12234.4714137614 22612.1968831993 0 684615.823638531 436328.750891388 0 425.828119994016 113.836715529599 0 329.132487872167 65.3405830827562 0 412.498707425143 141.819453319383 0 9.71154061703454 20.8325856854513 0 687337.897295932 286223.54915115 0 18.009552825901 4507.49943802781 0 1333566.2060346 4876911.14981229 0 84.551837054011 145.966073716685 0 92.8989569423194 166.537342286204 0 45.2438984349292 89.245068291627 0 2.37114057501446 34.4424572269303 0 1270043.15805206 1646288.32753357 0 0.256431894429358 230.344124778995 1395531.32968697
"240" 239 6073453.24350794 11486925.9692584 0.00000279479999792801 3828.42953758086 8084.1189488807 0.0000865360573626184 5134.98790574548 7262.61628050294 0.0485496160507015 2529.17314760598 9243.3298115492 0.108062048628979 7.03000461724902 212.716817020821 0.0081563055702612 6080185.02248355 11317710.3521617 99.9965940641263 121.113413040605 12237.9867994652 22612.1973182777 0 673870.772280446 436312.355255404 0 414.155212597486 110.862694526791 0 324.506852522522 63.6775777821469 0 406.701441360392 138.209958401026 0 9.57529859869584 20.3026223783622 0 677093.955149932 286247.706646059 0 18.1639023776395 4508.51406363089 0 1360574.76260788 4876890.1200333 0 83.8579601628469 142.158756555637 0 92.2020806413008 162.365055268989 0 44.9045038752619 87.0091971370141 0 2.35239265310263 33.5762047130106 0 1296480.73788628 1646320.17621204 0 0.262353183560503 230.606953150172 1395531.32968697
"241" 240 6072900.25645468 11469443.8191822 0.00000279410898280058 3729.87109154488 7856.26968071363 0.0000728315223263413 5007.63359246893 7062.98705602851 0.0434477241023078 2466.44639629067 8989.2562531272 0.0967062246148125 6.85509413741506 206.849528870662 0.00724215813468686 6081026.78660243 11303443.2013588 99.9930640731327 121.15076852366 12241.4053192683 22612.1977045953 0 663132.175952205 436296.398920031 0 401.970060795237 107.956285868246 0 319.514420363322 62.0531483936546 0 400.44447224169 134.684191152513 0 9.42720880150339 19.7848169114984 0 666844.890312314 286271.269139789 0 18.3159765051864 4509.50284527921 0 1387577.37774405 4876869.65304928 0 83.179473367772 138.437622881803 0 91.5046448733692 158.282927836707 0 44.5648368425224 84.8216412623501 0 2.33373544355848 32.7288008812098 0 1322924.24455563 1646351.22521026 0 0.268227574843756 230.863159756194 1395531.32968697
"242" 241 6072361.85603791 11451996.4681923 0.00000279328466680702 3633.52728648605 7634.47626009341 0.0000612973600704709 4883.03083099438 6868.43865972389 0.038881777487933 2405.07488690768 8741.64920328495 0.0865433111828171 6.68397848020468 201.132819650969 0.00643040823340652 6081847.63978623 11289123.5969807 99.9828541570895 121.187193071146 12244.72945453 22612.1980476134 0 652399.866332493 436280.871759391 0 389.435391389717 105.116080388144 0 314.163303684493 60.4663400418781 0 393.737967127082 131.240079050138 0 9.26763239528487 19.2788816214268 0 656590.705563751 286294.23525035 0 18.4655879779487 4510.46637562502 0 1414574.20186526 4876849.73592598 0 82.5083878531831 134.800901383637 0 90.8079132902567 154.289378045779 0 44.2255127637567 82.6815529258561 0 2.31519160164684 31.8999062337733 0 1349373.53372479 1646381.49185864 0 0.27405532984154 231.112888956182 1395531.32968697
"243" 242 6071837.70820434 11434583.030499 0.00000279317366732552 3539.35414949013 7418.52784984302 0.0000515898505765347 4761.1296956601 6678.85783159112 0.0347955065941514 2345.03402920572 8500.36451293416 0.0774480630644002 6.51658805642899 195.563229158173 0.00570959521657686 6082648.03462641 11274752.863789 99.9964616277117 121.2227069151 12247.9616310886 22612.1983521825 0 641673.686454144 436265.76383407 0 376.685880946405 102.340720867847 0 308.47131422988 58.916234156233 0 386.604249310635 127.875628368532 0 9.09722558558328 18.7845388739361 0 646331.412891348 286316.588576752 0 18.6125578866635 4511.40523337922 0 1441565.38220681 4876830.35596522 0 81.8383089457975 131.246884476511 0 90.1122453956419 150.382829285156 0 43.8867067254076 80.5880872433835 0 2.29676021293709 31.08918317357 0 1375828.46401917 1646410.99318027 0 0.279836735772501 231.356282491947 1395531.32968697
"244" 243 6071327.48519757 11417202.6786415 0.00000279238524117266 3447.30888906257 7208.23170056402 0.0000434197084195858 4641.88077480914 6494.12896333545 0.0311385447815121 2286.29948610002 8265.25504424512 0.0693083738685258 6.35285403877045 190.137230410298 0.00506953966434383 6083428.41546858 11260332.3356787 99.9842744699884 121.257329915108 12251.1042177792 22612.1986226099 0 630953.442925072 436251.065387953 0 363.832629862066 99.6288967030365 0 302.463125657751 57.4019469479059 0 379.074242060387 124.588920874944 0 8.91684872096348 18.3015207342451 0 636066.988515535 286338.392471066 0 18.7567195656507 4512.31998379669 0 1468551.06286409 4876811.50070103 0 81.1641736760733 127.773921778785 0 89.4173490711903 146.561715309669 0 43.5482764592226 78.5404048857151 0 2.27842373135723 30.2962970486267 0 1402288.89685803 1646439.74589261 0 0.285572055433758 231.593479506982 1395531.32968697
"245" 244 6070830.86545238 11399854.5532334 0.00000279228021494605 3357.34980506001 7003.41055839825 0.0000365434620909026 4525.23524067502 6314.13553004666 0.0278658099037559 2228.84720809366 8036.17249278667 0.0620238994631977 6.19270846071426 184.851274956179 0.00450120038915693 6084189.21850384 11245863.2666334 99.9951667837752 121.291081562681 12254.1595257309 22612.198862721 0 620238.995794131 436236.766845336 0 350.966948573371 96.979339166827 0 296.168009970793 55.9226277997065 0 371.18463170697 121.378110334474 0 8.72749434275335 17.8295685892021 0 625797.463001125 286359.611457704 0 18.8979212605792 4513.21117914565 0 1495531.38483735 4876793.15789605 0 80.4820305492951 124.380414317232 0 88.7224801678507 142.82448417014 0 43.209859547741 76.5376741846591 0 2.26015341917679 29.5209169501904 0 1428754.69632768 1646467.76640992 0 0.291261492601513 231.824616572445 1395531.32968697
"246" 245 6070347.53349447 11382537.8620548 0.00000279145687893708 3269.43620790329 6803.90046780264 0.0000307561982173256 4411.14490260174 6138.76120236392 0.0249369504838859 2172.65345949041 7812.96880300863 0.0555048252705838 6.03608429051181 179.70182770662 0.0039965473555785 6084930.87187033 11231346.9286855 99.9790834338229 121.323980986093 12257.1298083132 22612.1990759128 0 609530.159093617 436222.858808276 0 338.163539916632 94.3908172160624 0 289.618059849871 54.4774576184127 0 362.975639710929 118.241418933895 0 8.53023119290047 17.3684327400892 0 615522.824175143 286380.308662666 0 19.0360277769007 4514.07935915763 0 1522506.48607517 4876775.3155383 0 79.7888542178592 121.06480939006 0 88.0265993378255 139.16960122466 0 42.8709498050189 74.5790727467505 0 2.24191358288021 28.7627163075638 0 1455225.72908604 1646495.07084648 0 0.296905169511896 232.049827718512 1395531.32968697
"247" 246 6069877.17984457 11365251.7786925 0.00000279135754827897 3183.52834687891 6609.5488733118 0.0000258854187118444 4299.5622458025 5967.89071904831 0.0223158469807812 2117.69483748481 7595.49727878876 0.0496707561830283 5.88291548362733 174.685393957438 0.00354844810479182 6085653.79576291 11216784.5124026 99.9878022871478 121.356046955588 12260.0172615474 22612.1992652022 0 598826.801851413 436209.332054103 0 325.483180341856 91.8621338465255 0 282.846807645107 53.0656471439017 0 354.489291856993 115.177133611675 0 8.32616119148429 16.9178719667243 0 605243.117348062 286400.445064477 0 19.1709213276278 4514.92505145956 0 1549476.50151684 4876757.96183808 0 79.0823928379417 117.825596113208 0 87.3284903367373 135.595551327306 0 42.5309548924672 72.6637886261544 0 2.22366472811929 28.021373301775 0 1481701.86429369 1646521.67502025 0 0.302503114680326 232.269244469989 1395531.32968697
"248" 247 6069419.5009267 11347995.5325385 0.00000279126095146664 3099.58734393203 6420.21320906393 0.0000217860978086816 4190.4404619276 5801.41041600389 0.0199701830035399 2063.94828721807 7383.61325673222 0.0444497621691687 5.73313702332848 169.798535245803 0.00315057090279492 6086358.40254538 11202177.2164134 99.9956028569121 121.387297888684 12262.824025095 22612.1994332671 0 588128.757760247 436196.177533083 0 312.974961530168 89.3921226211882 0 275.888157395911 51.6864354895073 0 345.76807976464 112.183602889885 0 8.11638648088187 16.4776531544102 0 594958.356509199 286420.058837404 0 19.3025018491113 4515.7487719669 0 1576441.56313436 4876741.08522512 0 78.3610194381905 114.661301081865 0 86.626873838668 132.100840767879 0 42.1892517493563 70.7910213641457 0 2.20536660675167 27.2965712328391 0 1508182.9735483 1646547.59445671 0 0.308055251513526 232.482995882483 1395531.32968697
"249" 248 6068974.19897935 11330768.3629841 0.00000279080821624344 3017.57514055343 6235.75919391572 0.0000183359350182162 4083.73346118468 5639.20893791493 0.0178710156901213 2011.39110774768 7177.17501189173 0.0397774220199468 5.58668493364724 165.037891284734 0.00279728820973698 6087045.09687445 11187526.2028194 99.989726787904 121.417751856 12265.5521829577 22612.1995824871 0 577435.870662535 436183.386366196 0 300.678209577047 86.9796453335153 0 268.775594621851 50.3390881404944 0 336.853970526297 109.259232529946 0 7.90198568393257 16.0475507331464 0 584668.569186387 286439.174903462 0 19.4306866801865 4516.551025303 0 1603401.79997425 4876724.67434585 0 77.623658641954 111.570485671109 0 85.9204354358452 128.683997685603 0 41.8452002292978 68.9599822108038 0 2.18697883257197 26.5879985375414 0 1534668.93087385 1646572.84439362 0 0.313561409410337 232.691208586396 1395531.32968697
"250" 249 6068540.98196888 11313569.506287 0.00000279071690439158 2937.45444410722 6056.06009103075 0.0000154321716397446 3979.39588933967 5481.17730997765 0.0159924542113202 1960.00096042103 6976.04384906247 0.03559610776068 5.44349630062335 160.400181048348 0.00248360538522045 6087714.27581445 11172832.5853103 99.9959707631458 121.447426586641 12268.2037651832 22612.1997149743 0 566748.007367373 436170.949842947 0 288.624049899773 84.6235890784303 0 261.541580860237 49.0228958135994 0 327.787647886886 106.40248305731 0 7.68399570996268 15.6273463894467 0 574373.809038756 286457.779349284 0 19.5554101614152 4517.33230512882 0 1630357.33819915 4876708.71806068 0 76.8696546057497 108.551742264902 0 85.207924548032 125.343573509655 0 41.4981912713607 67.169894896974 0 2.16846354676925 25.8953490612583 0 1561159.61266133 1646597.43978493 0 0.319021314230518 232.894006823129 1395531.32968697
"251" 250 6068119.56350596 11296398.2423103 0.0000027901745471773 2859.18868415084 5880.99554172885 0.000012988278130687 3877.38312870495 5327.20929875767 0.0143113226046894 1909.75586936214 6780.08456205521 0.0318542341846307 5.30350926951878 155.8822134718 0.00220508604296791 6088366.32896316 11158097.4761445 99.9853031674583 121.476339474069 12270.7807490466 22612.1998326042 0 556065.010607438 436158.859419301 0 276.836771980002 82.3228643360014 0 254.217127740637 47.7371727346665 0 318.607978435341 103.611866023124 0 7.46339955732924 15.2168285794528 0 564074.109123395 286475.912820151 0 19.6766228024304 4518.09309450785 0 1657308.30113009 4876693.20544148 0 76.0987120947379 105.603691993625 0 84.4881691411645 122.078142940301 0 41.1476540683809 65.419995624157 0 2.14978569148142 25.2183219930877 0 1587654.89766319 1646621.39530564 0 0.324434601211403 233.091512489155 1395531.32968697
"252" 251 6067709.66276378 11279253.8356898 0.00000279008827081969 2782.74197496973 5710.45074953392 0.000010931405302525 3777.65129646434 5177.20155358981 0.0128068762843128 1860.63422064661 6589.16561365976 0.0285056278586313 5.16666303874016 151.480891079103 0.00195778994744171 6089001.6385736 11143321.929034 99.9903011347661 121.504507581774 12273.2850605298 22612.1999370426 0 545386.757569897 436147.106715633 0 265.334933009116 80.0764032467133 0 246.831517636053 46.481255190735 0 309.351661499317 100.88594086159 0 7.24111863955147 14.8157921244445 0 553769.539334978 286493.554092348 0 19.794290327581 4518.83386622882 0 1684254.80928823 4876678.12576907 0 75.3108349556946 102.724982631744 0 83.7600985150005 118.886303992946 0 40.7930671650632 63.7095330881149 0 2.13091353957837 24.55662182641 0 1614154.66697874 1646644.72535638 0 0.329800823636736 233.283845177141 1395531.32968697
"253" 252 6067311.00439756 11262135.5911246 0.00000279000441366371 2708.07907754225 5544.3159202665 0.00000920029518371493 3680.15724400467 5031.05359417407 0.0114605546611129 1812.61476197245 6403.15911985791 0.025508976503767 5.03289785572878 147.193208692871 0.00173821924831176 6089620.5796735 11128506.9948208 99.994772684225 121.531947648812 12275.7185759779 22612.200029768 0 534713.104307664 436135.683514708 0 254.132342312828 77.8831577525575 0 239.41207697377 45.2545003293561 0 300.052945037762 98.2233122839217 0 7.01800662290423 14.4240378829062 0 543460.151149255 286510.730459575 0 19.9083927446215 4519.55508310085 0 1711196.98043778 4876663.46853067 0 74.5062519556952 99.9142862521741 0 83.0227817175215 115.76667824962 0 40.4339771666661 62.0377686136403 0 2.11181968058841 23.9099583736116 0 1640658.80402734 1646667.44406779 0 0.335119456708851 233.471122215221 1395531.32968697
"254" 253 6066923.31846524 11244673.5887515 0.00000278992291653673 2635.16537431274 5382.48361846879 0.00000774332700451107 3584.85854292246 4888.66794667895 0.01025573965278 1765.67659576778 6221.94102304593 0.0228272914852196 4.90215499315029 143.016257148774 0.00154326627943115 6090223.52019075 11113288.775441 99.9987732683339 121.55867609561 12278.0831234443 22612.200112094 0 524783.325426737 436124.581759678 0 243.242079182324 75.7420986865333 0 231.984134077652 44.0562846200394 0 290.743572805062 95.6226269389689 0 6.7948492770031 14.0413723037953 0 533874.894980828 286527.452725148 0 20.0189230865433 4520.25719825797 0 1737764.75305535 4876649.2234175 0 73.6852107094511 97.1702982175239 0 82.2754046281537 112.717910068879 0 40.0699875780107 60.4039757311528 0 2.09248027874191 23.278046544939 0 1666803.22334437 1646689.56530539 0 0.340389916087066 233.653458710295 1395531.32968697
"255" 254 6066546.33919412 11215454.8936529 0.00000278915404747885 2563.96794424721 5224.4538801416 0.00000651709497483716 3491.71351334207 4749.93969450813 0.00917756280551761 1719.79919313863 6045.37779301035 0.0204274785026034 4.77437678893351 138.946888364031 0.00137017233453414 6090810.82106942 11086387.8344657 99.9776316186693 121.584709029308 12280.3804829645 22612.2001851863 0 538450.603420752 436113.793502085 0 233.372434005548 73.6522621202659 0 224.589211064709 42.886003475258 0 281.475584086999 93.082572590622 0 6.57294499147433 13.667607370362 0 547546.03214959 286543.756183445 0 20.125888913898 4520.94065541437 0 1752516.9103819 4876635.3802581 0 72.8080399878796 94.4917966563547 0 81.5157197852497 109.738668245505 0 39.7000038343154 58.8074410661085 0 2.07283268792871 22.6606066921042 0 1681336.04891939 1646711.10267382 0 0.34561153174506 233.830967585231 1395531.32968697
"256" 255 6066179.80187936 11186215.4008066 0.00000278907711414084 2494.458094568 5069.89155745329 0.00000548505941877824 3400.68150797262 4614.73607915625 0.00821271665895232 1674.96253377756 5873.30046438068 0.0182799177247645 4.64950706685865 134.981066930883 0.00121648751947461 6091382.83641508 11059403.1788519 99.9808338483994 121.610062250507 12282.6123752781 22612.2002500805 0 552211.414264639 436103.310770572 0 224.969058501757 71.6128575723191 0 217.322129958521 41.7430754706199 0 272.367818450017 90.6018872775465 0 6.35528012566526 13.3025621385024 0 561307.849399355 286559.601744296 0 20.2293332885291 4521.60588917433 0 1767220.15792731 4876621.92884995 0 71.8503452536601 91.8777814219968 0 80.7368360091724 106.827659324339 0 39.3206697748455 57.2474714736999 0 2.05268826162907 22.0573675694086 0 1695824.92226417 1646732.0695228 0 0.350783304783336 234.003759631477 1395531.32968697
"257" 256 6065823.44610828 11157001.1441993 0.00000278900236571847 2426.6076952628 4918.86279007607 0.00000461646197347209 3311.72307822814 4482.93448471348 0.00734929087120605 1631.14718778401 5705.55298054443 0.01635809903591 4.52749137812778 131.11508902714 0.00108003620123742 6091939.91368789 11032381.9855453 99.9836987976521 121.634751262285 12284.7804568726 22612.2003076957 0 565972.138348316 436093.125714229 0 217.779731109935 69.6231074220979 0 210.264735279112 40.6269444563711 0 263.522850875209 88.1793638961267 0 6.14440929537149 12.9460635196337 0 575068.063514702 286575.024267562 0 20.3293456526547 4522.25332541521 0 1781921.42985458 4876608.85914348 0 70.8277944601186 89.3272681008618 0 79.9329756376641 103.98363521285 0 38.9291715470778 55.723398118328 0 2.03189019797005 21.4680679911966 0 1710315.87392884 1646752.47895568 0 0.355903780016363 234.17194358427 1395531.32968697
"258" 257 6065477.01674114 11127811.4042657 0.00000278892974577725 2360.38822715584 4771.40833796672 0.00000388542040897337 3224.79983034953 4354.42893906508 0.00657662693678178 1588.33424479902 5542.00046790101 0.0146382986657398 4.40827678099435 127.345786203283 0.000958886610903718 6092482.39388858 11005325.1757647 99.9862619901192 121.658791278859 12286.8863283738 22612.2003588482 0 579732.80411229 436083.230646455 0 211.593335189347 67.6822062174288 0 203.473757832316 39.5370760657627 0 255.011781557602 85.8138426219993 0 5.94207537398855 12.5979451092138 0 588826.727474234 286590.033688389 0 20.4260496692746 4522.88338164297 0 1796620.78078998 4876596.16129845 0 69.7536027790147 86.8392358336449 0 79.1005237296833 101.205386193791 0 38.5237485927595 54.2345727291793 0 2.01034169955672 20.8924552048964 0 1724808.84154605 1646772.34383756 0 0.36097118579287 234.335626193481 1395531.32968697
"259" 258 6065140.26388918 11098645.479149 0.00000278885919908983 2295.77086469768 4627.54766908595 0.00000327015517646293 3139.87427619102 4229.12672468219 0.00588518701058171 1546.50524051199 5382.52492232279 0.013099287217101 4.29181161457024 123.67041294926 0.000851323588149706 6093010.61172066 10978233.6438137 99.9885552053217 121.682197233057 12288.9315423354 22612.2004042627 0 593493.438533524 436073.618044942 0 206.233339596015 65.7893251419176 0 196.986158804999 38.4729542261999 0 246.880933611348 83.5042033376226 0 5.74938663228837 12.2580460200497 0 602583.90629326 286604.639745541 0 20.5195916369532 4523.49646729282 0 1811318.26400008 4876583.82568399 0 68.6389152927891 84.4126330965051 0 78.2375545989047 98.4917337441574 0 38.1034630589868 52.7803637520054 0 1.98799252484501 20.3302832367785 0 1739303.76361986 1646791.67680207 0 0.365983568190229 234.494912282393 1395531.32968697
"260" 259 6064812.94287865 11069502.684484 0.00000278879067163101 2232.72655811648 4487.28256898052 0.00000275232594386199 3056.9097063163 4106.94555752997 0.00526643321090892 1505.64209415579 5227.02161867451 0.0117220610178293 4.17804530797573 120.086553674366 0.00075582372186987 6093524.89573375 10951108.2601858 99.9906068829603 121.704983782858 12290.9176094392 22612.2004445829 0 607254.067198517 436064.280551004 0 201.552157049507 63.9436164045813 0 190.823551713055 37.4340781905462 0 239.157395056311 81.2493591888275 0 5.56696250671355 11.9262099019831 0 616339.672491741 286618.851987828 0 20.6101313950737 4524.09298398294 0 1826013.93141586 4876571.84287781 0 67.4931360718321 82.046383370167 0 77.3434420374864 95.8415245561257 0 37.6680099683421 51.3601531450262 0 1.96482797472424 19.7813115243442 0 1753800.57976314 1646810.49025697 0 0.370938895429442 234.649904795855 1395531.32968697
"261" 260 6064494.8142102 11040382.3531717 0.00000278872411057018 2171.22610750455 4350.59998865326 0.00000231650078143549 2975.87008976601 3987.8114314878 0.00471272618531726 1465.72705913848 5075.3963673481 0.0104896163479641 4.06692823059842 116.592051899804 0.000671034588824422 6094025.56843992 10923949.873908 99.9924424626317 121.727165316646 12292.8460031302 22612.2004803799 0 621014.714364061 436055.210968561 0 197.426663240511 62.1442172066279 0 184.995623030943 36.419960179464 0 231.853305861473 79.048251467599 0 5.39504592885712 11.6022841712401 0 630094.102701208 286632.679779203 0 20.6978355566542 4524.67332571277 0 1840707.83365591 4876560.20366499 0 66.3241958826951 79.739390277631 0 76.4185533927283 93.2536258565733 0 37.2175682272896 49.9733338707253 0 1.94086028582775 19.2453038522531 0 1768299.23087009 1646828.79638848 0 0.375835135398741 234.800704836912 1395531.32968697
"262" 261 6064185.64350258 11011283.8350888 0.00000278865946425904 2111.24023085179 4217.47482707361 0.0000019497059165244 2896.71999584172 3871.65667498411 0.00421723084650895 1426.74268451906 4927.56304088887 0.00938673962610042 3.95841157665671 113.1849469074 0.000595755675948243 6094512.94641875 10896759.3145243 99.994084699365 121.748755957899 12294.7181634814 22612.200512161 0 634775.403015086 436046.40226247 0 193.754248632045 60.3902532169634 0 179.502963849219 35.4301235735535 0 224.96940683517 76.8998456881779 0 5.23359555239697 11.2861194356342 0 643847.275087412 286646.13230309 0 20.7828724355171 4525.23787902688 0 1855400.02005491 4876548.8990359 0 65.1387612111218 77.4905420215768 0 75.4640242066286 90.7269220967164 0 36.75269087053 48.6193081218718 0 1.91612234720799 18.7220276090507 0 1782799.65922004 1646846.60716472 0 0.380670306596159 234.94741169528 1395531.32968698
"263" 262 6063885.20144254 10982206.496828 0.00000278859668222056 2052.73964291247 4087.87169364703 0.00000164097530375827 2819.42450467415 3758.41872938135 0.00377382248232689 1388.67177095891 4783.44201921262 0.00839979842840487 3.85244723304462 109.863434267792 0.000528919377447786 6094987.34042219 10869537.3934063 99.9955539779087 121.769769569858 12296.5354996716 22612.2005403771 0 648536.154919286 436037.847557036 0 190.449326671552 58.6808430508284 0 174.339585652125 34.464100709538 0 218.498192625907 74.8031268037569 0 5.0823676363639 10.9775687796539 0 657599.267041331 286659.218566933 0 20.8654075190905 4525.78702318868 0 1870090.5386891 4876537.92018437 0 63.9425005759366 75.2987173036817 0 74.4814708420179 88.2603104604429 0 36.2741651034114 47.2974849144986 0 1.89065965833958 18.2112527730306 0 1797301.80862103 1646863.93433946 0 0.385442544569799 235.090122879365 1395531.32968697
"264" 263 6063593.26371657 10953149.7213819 0.00000278853571513197 1995.69508177285 3961.74744545707 0.00000138116680560521 2743.94920006007 3648.03852623681 0.00337703644996511 1351.49736719376 4642.95812430139 0.00751662951766416 3.74898777125915 106.625812966348 0.00046958112549955 6095449.05542696 10842284.9052708 99.9968684808884 121.790219757782 12298.2993929557 22612.2005654272 0 662296.99066428 436029.540133692 0 187.441117406905 57.0150990124236 0 169.494279146105 33.5214328726739 0 212.425614729592 72.757099190007 0 4.94095950749226 10.6764878036944 0 671350.154254852 286671.947403701 0 20.9456017125355 4526.32113022884 0 1884779.43640451 4876527.25850474 0 62.74009494727 73.1627860302668 0 73.4730045835319 85.8527017636543 0 35.7830191694229 46.0072805698469 0 1.8645308414948 17.7127521360654 0 1811805.62434969 1646880.78945281 0 0.390150085916751 235.228934120069 1395531.32968697
"265" 264 6063309.61094957 10924112.9078329 0.00000278847651481058 1940.07740788994 3839.05182891589 0.00000116249029269569 2670.26006363409 3540.46021455317 0.00302196333849239 1315.20271790933 4506.04027306767 0.00672630549535392 3.64798629173647 103.470477942706 0.000416898347148667 6095898.39075491 10815002.6284744 99.9980445396076 121.810119874277 12300.011196978 22612.2005876671 0 676057.929717249 436021.473429087 0 184.67053676052 55.392133133575 0 164.952703087557 32.601667540632 0 206.733699398061 70.7607806630191 0 4.80887673415854 10.3827337244161 0 685100.009001257 286684.327477204 0 21.0236080664246 4526.8405651488 0 1899466.75884668 4876516.9055895 0 61.5355852175356 71.0816174565359 0 72.4408650345013 83.5030145057546 0 35.2803438061676 44.7481155266409 0 1.83779738683601 17.2262999598547 0 1826311.05332932 1646897.18383581 0 0.394791350392896 235.363939410163 1395531.32968697
"266" 265 6063034.02863449 10895095.471044 0.00000278841903419535 1885.85761514954 3719.72949255681 0.000000978440458221074 2598.3234949167 3435.62992037596 0.00270422022460166 1279.77127361569 4372.61989866032 0.00601907082250036 3.54939645657172 100.395879563665 0.000370125057831816 6096335.64010243 10787691.3261677 99.999096729961 121.829483020496 12301.6722400439 22612.200607412 0 689818.990451919 436013.641032574 0 182.088921232681 53.8110570214688 0 160.698025751287 31.7043590230667 0 201.401351585578 68.8132038674652 0 4.68555316358337 10.0961656297661 0 698848.899918393 286696.367282461 0 21.099571417312 4527.34568592434 0 1914152.55048584 4876506.85322612 0 60.3323184437314 69.0540797247701 0 71.3875121482876 81.2101771573792 0 34.76733706671 43.5194155670504 0 1.81052636293626 16.7516725163234 0 1840818.044019 1646913.12861008 0 0.399364903494001 235.495230999407 1395531.32968698
"267" 266 6062766.30706045 10866096.860919 0.0000027872759395823 1833.00688625004 3603.72090266293 0.00000082353690426378 2528.10626801215 3333.49534627308 0.00241988349720576 1245.18666931942 4242.63044071118 0.00538619230023208 3.45317242751325 97.4005116019985 0.000328598640391516 6096761.09162157 10760351.7660348 99.9610443351621 121.848322049689 12303.2838255981 22612.2006249415 0 703580.17060116 436006.036683807 0 179.656073508614 52.2709849638628 0 156.712054596479 30.829067334915 0 196.405770748749 66.9134138311343 0 4.57038661702868 9.81664413245789 0 712596.871936808 286708.114142574 0 21.1736271825626 4527.83684362038 0 1928836.85464702 4876497.09339401 0 59.1331093968165 67.0790439752451 0 70.315474745296 78.9731261033742 0 34.2452305439262 42.320610714362 0 1.78278623996581 16.2886476323712 0 1855326.54645131 1646928.63469032 0 0.403869481675103 235.622899415081 1395531.32968697
"268" 267 6062506.24124096 10837116.4837133 0.00000278722178271981 1781.49663052665 3490.96321689091 0.000000693163003242981 2459.57551420909 3234.00538552338 0.0021654410973254 1211.43271595373 4116.00685430249 0.00481985276501452 3.35926884258276 94.48289937698 0.000291730596922223 6097175.02798002 10732984.6430227 99.9618865527403 121.866649569794 12304.8472327456 22612.2006405044 0 717341.525662798 435998.654270258 0 177.338924364717 50.771035874576 0 152.975912257047 29.9753577439878 0 191.723298058995 65.0604669829944 0 4.46275987720703 9.54403124956133 0 726344.0236432 286719.498235692 0 21.2459009852477 4528.31438246305 0 1943519.71353681 4876487.61826139 0 57.9403252295306 65.1553868743441 0 69.2272873024515 76.7908051341256 0 33.7152585855457 41.1511349603889 0 1.75464520210222 15.8370045877451 0 1869836.51221658 1646943.71278574 0 0.408303994734359 235.747033473671 1395531.32968697
"269" 268 6062253.63084004 10808153.8192664 0.00000278716921031229 1731.29851449862 3381.39114167879 0.000000583435429868296 2392.69871327707 3137.10974568432 0.00193775077690424 1178.49339609169 3992.68513087095 0.0043130581808513 3.26764080554233 91.6415881106399 0.000258998540807754 6097577.72641743 10705590.6960794 99.9626400627961 121.884477945874 12306.3637167777 22612.2006543211 0 731103.051378231 435991.487824655 0 175.110384822422 49.310334789327 0 149.470570629804 29.1428005357713 0 187.330085770323 63.2534306427031 0 4.36205709682533 9.27819035431198 0 740090.390767364 286730.566559384 0 21.3165085436544 4528.77863990322 0 1958201.16827035 4876478.42018207 0 56.7559458357941 63.2819925374681 0 68.1254537950676 74.6621654353507 0 33.1786406843218 40.0104262600005 0 1.72617021725758 15.3965241251745 0 1884347.89443026 1646958.37340144 0 0.412667521553888 235.867720291133 1395531.32968697
"270" 269 6062008.28009446 10779208.3422959 0.00000278711817961885 1682.38449130853 3274.93759861392 0.000000491084369822005 2327.44368599492 3042.75872427944 0.00173399999744724 1146.35286026615 3872.60201271928 0.00385954838141476 3.17824387709808 88.8751363149827 0.000229938551696456 6097969.45880487 10678170.6307358 99.9633142093254 121.901819302692 12307.8345094029 22612.2006665875 0 744864.76213872 435984.531522296 0 172.948344648526 47.8880143475299 0 146.177261264402 28.3309707877365 0 183.202611557243 61.4913825307526 0 4.26767615667023 9.01898612960255 0 753836.023815198 286741.326957488 0 21.3855558214783 4529.22994668542 0 1972881.25889887 4876469.49169202 0 55.5816261452747 61.4577544551696 0 67.0124100570276 72.5861655620983 0 32.636563146586 38.8979265171896 0 1.69742605938999 14.9669884552586 0 1898860.64770005 1646972.62683986 0 0.416959306124101 235.985045294841 1395531.32968698
"271" 270 6061769.99774011 10750279.5416775 0.00000278706864892643 1634.72682773933 3171.53415365666 0.000000413355852318814 2263.77858879749 2950.90312429569 0.00155167147986514 1114.99542433309 3755.69488546724 0.00345372039066751 3.09103406901942 86.1821136694598 0.000204138650590975 6098350.4916995 10650725.1385838 99.963917353357 121.918685527094 12309.2608187679 22612.2006774777 0 758626.67142424 435977.779678483 0 170.834910383958 46.5032161780568 0 143.077742010696 27.53944818754 0 179.318012701447 59.7734103738828 0 4.17903645035729 8.76628453254084 0 767580.968789139 286751.787115599 0 21.4531393566639 4529.66862691077 0 1987560.02443423 4876460.82550614 0 54.4187535453319 59.681577310654 0 65.8904902653419 70.5617714364026 0 32.0901627694679 37.8130815838148 0 1.66847443778062 14.5481812651565 0 1913374.7280946 1646986.48320219 0 0.421178753338413 236.099092234922 1395531.32968698
"272" 271 6061538.59693392 10721366.9201179 0.00000278702057753011 1588.29811665911 3071.11188778328 0.000000347939743706288 2201.67192155695 2861.49384279672 0.00138851474361656 1084.40557330417 3641.90125446856 0.00309056507450132 3.00596785750612 83.561087937891 0.000181233484914186 6098721.08639851 10623254.8976802 99.9644569679024 121.935088270361 12310.6438301707 22612.2006871458 0 772388.791834833 435971.226745853 0 168.755591370579 45.1550913314377 0 140.154609008739 26.767817202427 0 175.654477105997 58.0986122727637 0 4.09558833271044 8.519952877389 0 781325.267258085 286761.954562632 0 21.5193464568563 4530.09499809459 0 2002237.50287633 4876452.41451488 0 53.2684587949186 57.9523774843001 0 64.7619415959574 68.5879572361314 0 31.5405339786063 36.7553417359226 0 1.63937447350632 14.1398879278188 0 1927890.09308299 1646999.9523897 0 0.42532541399797 236.20994319461 1395531.32968698
"273" 272 6061313.89517237 10692469.9938198 0.00000278697392571225 1543.07131513366 2973.6008841431 0.000000292874538993173 2141.09251117472 2774.48250210349 0.00124251019535631 1054.56795326516 3531.15954813172 0.00276558720901883 2.92300216071696 81.010646667678 0.000160897587132732 6099081.49900702 10595760.5719399 99.964939757787 121.951038951193 12311.9847046504 22612.2006957293 0 786151.135125648 435964.867311538 0 166.698976207933 43.8428025255102 0 137.391201348059 26.0156665574739 0 172.191123805662 56.4660955695385 0 4.01680889351722 8.27985968054932 0 795068.956863872 286771.836673139 0 21.5842563209592 4530.50937125495 0 2016913.73123666 4876444.25178062 0 52.1317242992862 56.2690861060088 0 63.6288383679144 66.6637044328289 0 30.9886870144074 35.7241611581399 0 1.610180345078 13.7418952891631 0 1942406.70153286 1647013.04410595 0 0.429398992653443 236.317678608655 1395531.32968698
"274" 273 6061095.71423016 10663588.2922289 0.00000278692865472727 1499.01972611494 2878.93212976366 0.000000246535788832877 2082.0095460953 2689.82014924522 0.0011118600515774 1025.4673883753 3423.40746267573 0.00247478527609159 2.8420943911568 78.5293540180991 0.000142843787122318 6099431.98046619 10568242.8124832 99.9653716898609 121.966548756937 12313.2845817318 22612.2007033495 0 799913.712227042 435958.696095086 0 164.655808464412 42.5655225650488 0 134.77214865828 25.2825901488281 0 168.908689257202 54.8749788299802 0 3.94221986757338 8.04587499052306 0 808812.070974397 286781.440667718 0 21.6479393157378 4530.91205092602 0 2031588.74556157 4876436.33053507 0 51.0092870617558 54.6306467829315 0 62.4932037334699 64.7880044824966 0 30.4356071978935 34.7189993856269 0 1.5809447583306 13.3539922852172 0 1956924.51359989 1647025.7678569 0 0.433399310776193 236.422377264025 1395531.32968698
"275" 274 6060883.88005833 10635039.3835576 0.000002786884726776 1456.11704464546 2787.03692536109 0.000000207536340336132 2024.39254967558 2607.45856450677 0.000994947719371893 997.08886775066 3318.58362755407 0.00221456105279547 2.76320241775814 76.1157951706123 0.000126815663784543 6099772.77664861 10541017.4694329 99.9657581284871 121.981628647817 12314.544576598 22612.2007101146 0 813040.025620577 435952.707944984 0 162.617706919146 41.3224372514524 0 132.282933130891 24.5681862030729 0 165.788978425285 53.3243900189209 0 3.87137191238114 7.8178701219271 0 821924.669095795 286790.773616393 0 21.7104589868152 4531.30333529184 0 2046581.06317591 4876428.64417479 0 49.901869714585 53.0360196143795 0 61.3568745659615 62.959857017611 0 29.8821891280295 33.7393203352041 0 1.55171519166889 12.9759695317944 0 1971758.24820374 1647038.13295454 0 0.437326325684359 236.524116329957 1395531.32968698
"276" 275 6060678.22327827 10617081.5403543 0.0000027868421051662 1414.3368330277 2698.03721412694 0.000000174708117089245 1968.21137795265 2527.35481914596 0.00089032701729441 969.417544364736 3216.63340618577 0.00198169561913914 2.68628456335157 73.7687216799524 0.000112585623444112 6100104.12839254 10524253.9316702 99.9661038714412 121.996289358445 12315.7657816529 22612.2007161207 0 804998.149708806 435946.897860534 0 160.242853970746 40.1127224555882 0 129.901317187501 23.8720573133513 0 162.804121158284 51.8134665786584 0 3.80357141071704 7.59571767855382 0 814083.698086237 286799.842439484 0 21.7718709301967 4531.68351621963 0 2072164.06929525 4876421.18628939 0 48.8292963892164 51.4841517024803 0 60.2222934631013 61.1782701585654 0 29.329622405285 32.7845924722498 0 1.52255559584448 12.6076193998199 0 1997062.18225978 1647050.14851767 0 0.441180128044531 236.622971364504 1395531.32968698
"277" 276 6060478.58055125 10599204.3864026 0.00000278680075474811 1373.65128515772 2611.97999457171 0.000000147077474160653 1913.43609938306 2449.48059028588 0.00079670680947387 942.438675815535 3117.52075127294 0.00177331515657084 2.61129942672165 71.4873466357598 0.0000999521807127744 6100426.27154765 10507536.4650375 99.9664132010746 122.01054139981 12316.9492739808 22612.2007214529 0 796823.193076236 435941.261051233 0 157.313389638987 38.9354909479931 0 127.579598184664 23.1938083629689 0 159.894332173715 50.3413509222088 0 3.7373187408388 7.37929084696205 0 806106.631082713 286808.653908653 0 21.8322122795936 4532.05287929786 0 2097812.76045594 4876413.95073769 0 47.804066374824 49.9739087955179 0 59.0941191626302 59.4422555142464 0 28.7801759405727 31.8542861315779 0 1.49359019777305 12.2487348977599 0 2022435.17222466 1647061.82347281 0 0.444961039936229 236.719016321377 1395531.32968698
"278" 277 6060284.79291943 10581339.8496276 0.00000278676064138373 1334.03299964257 2528.71985065384 0.000000123822019245157 1860.0368971843 2373.80433038088 0.000712930853493476 916.137576225101 3021.20551139385 0.00158684609325965 2.53820573962678 69.2707732047706 0.0000887362837881857 6100739.43700679 10490798.5606155 99.966689951486 122.024395060584 12318.09611747 22612.2007261867 0 788650.5773688 435935.792864435 0 153.949673620199 37.7898705301094 0 125.276465335253 22.5330446325428 0 157.007837043585 48.9071863249383 0 3.67132692686912 7.1684627586908 0 798127.616321825 286817.214647721 0 21.8914966769019 4532.41170386264 0 2123459.40191466 4876406.93155499 0 46.8192483412356 48.5041756978248 0 57.9763857119446 57.75082351848 0 28.2358144064433 30.9478710183032 0 1.4649255483027 11.8991086313679 0 2047810.15572525 1647073.16655476 0 0.448669690377668 236.812323554321 1395531.32968699
"279" 278 6060096.70520962 10563487.5659456 0.00000278672173176243 1295.45543770626 2448.12567148383 0.00000010424807197787 1807.98414727527 2300.28823190214 0.000637963689815422 890.499654628119 2927.63956787545 0.00141998369668592 2.46696248625548 67.1178997990801 0.000078778824474775 6101043.85072796 10474040.7995798 99.9669375555008 122.037860407975 12319.2073591827 22612.2007303893 0 780480.233133432 435930.488760211 0 150.252355102473 36.6750236077301 0 122.962622077019 21.8893733093289 0 154.10791865699 47.5101202005062 0 3.6046970154849 6.96310703685969 0 790146.689523297 286825.531132899 0 21.9497209104437 4532.76026299965 0 2149104.05214824 4876400.12292075 0 45.8690655471755 47.0738814025728 0 56.8720254260759 56.102987512576 0 27.6979659068048 30.0648183956213 0 1.43663778228566 11.5585337421357 0 2073187.07562407 1647084.18630655 0 0.452306932999675 236.902963815286 1395531.32968698
"280" 279 6059914.16594165 10545647.180806 0.00000278668399337829 1257.89287361132 2370.07914406195 0.0000000877729992900256 1757.2484868573 2228.88949883659 0.000570879317895837 865.510448750611 2836.76845306475 0.00127066686886491 2.39752900665932 65.0274620970284 0.0000699386502693303 6101339.73377291 10457263.7522939 99.9671590823656 122.050947289432 12320.2840272048 22612.2007341203 0 772312.092765718 435925.344308276 0 146.304990409663 35.5901445775958 0 120.618550636797 21.2624048047871 0 151.170115569077 46.1493069605942 0 3.53684422492317 6.76309826562031 0 782163.87931459 286833.609693797 0 22.006869601052 4533.09882358323 0 2174746.76814224 4876393.51915474 0 44.9487209939332 45.6819957185028 0 55.783092203259 54.4977673152969 0 27.1676307366679 29.2046029979054 0 1.40877893750484 11.226804716287 0 2098565.87662531 1647094.89108042 0 0.455873782947758 236.991006262634 1395531.32968698
"281" 280 6059737.02723152 10527818.3488992 0.00000278664739450605 1221.32035450339 2294.47268763147 0.0000000739058131781201 1707.80087434299 2159.56194884088 0.000510848782205653 841.155654527143 2748.53338943385 0.00113705051523192 2.32986508719496 62.9980860732436 0.0000620903859495304 6101627.30235477 10440467.9769755 99.967357279071 122.063665334755 12321.3271278491 22612.2007374326 0 764146.090453726 435920.3551847 0 142.177012919371 34.5344578177329 0 118.23215010753 20.6517538475693 0 148.179261824781 44.8239103871981 0 3.46741986929643 6.56831238102734 0 774179.209712385 286841.456514799 0 22.0629201843428 4533.42764633148 0 2200387.60542844 4876387.1147128 0 44.0542432300232 44.3275267296234 0 54.7109520967627 52.934192185683 0 26.6454741949486 28.3667046184436 0 1.38138234990402 10.9037180545317 0 2123946.50510282 1647105.2890393 0 0.459371361034725 237.076518473563 1395531.32968698
"282" 281 6059565.14470809 10510000.7339121 0.00000278661190418167 1185.71365236454 2221.20830848608 0.0000000622344397213795 1659.61263902089 2092.25680701561 0.000457130925316794 817.421150562526 2662.87229983806 0.00101748496280188 2.2639310344345 61.0283138976557 0.0000551228360847162 6101906.76789505 10423654.019258 99.9675346011162 122.076023958685 12322.33764473 22612.2007403733 0 755982.162126222 435915.517169272 0 137.925795945824 33.5072151889257 0 115.797219754682 20.057040422922 0 145.127586100779 43.5331056715689 0 3.39626175405233 6.37862700214882 0 766192.701575742 286849.077636826 0 22.1178457633947 4533.74698588024 0 2226026.61812176 4876380.90418352 0 43.1823401732309 43.0095175659077 0 53.6564462193962 51.4113033966277 0 26.1319059226564 27.5506094885824 0 1.3544672228899 10.5890728475628 0 2149328.90896264 1647115.38815888 0 0.462800851886933 237.159566461679 1395531.32968698
"283" 282 6059398.37742186 10492194.0082617 0.00000278657749218058 1151.04923381126 2150.19558950866 0.000000052409585658677 1612.65551480569 2026.92415408664 0.000409061020740339 794.293014755042 2579.72165065572 0.000910490659067191 2.1996877251244 59.1166515929878 0.0000489370147303649 6102178.33709476 10406822.4111293 99.9676932503313 122.088032364139 12323.3165365427 22612.2007429839 0 747820.245408257 435910.826142533 0 133.598997439291 32.5076946570205 0 113.311694785752 19.4778903033563 0 142.012500611696 42.2760805660133 0 3.32333634864504 6.1939216189094 0 758204.374335572 286856.478959703 0 22.1716185375103 4534.0570908832 0 2251663.85895156 4876374.88228441 0 42.3303168617642 41.7270447176525 0 52.6199890644833 49.9281557055383 0 25.6271277874385 26.7558110658337 0 1.32804137076963 10.2826710980565 0 2174713.03754495 1647125.19623046 0 0.46616347656486 237.240214701488 1395531.32968698
"284" 283 6059236.58778323 10474397.8529181 0.00000278654412900426 1117.30421106563 2081.35178484787 0.0000000441404980601688 1566.90167880366 1963.51270853752 0.000366046322327324 771.757543291352 2499.0161745023 0.000814748265825321 2.13709666307335 57.2615612317256 0.0000434454072481984 6102442.21198748 10389973.6715174 99.9678351896648 122.099699544643 12324.2647382681 22612.2007453016 0 739660.279578666 435906.27808395 0 129.235484483429 31.5351976249451 0 110.777108708824 18.9139358503367 0 138.83592728905 41.0520371239313 0 3.2487217551015 6.01407787193503 0 750214.246340489 286863.666243762 0 22.2242104025631 4534.35820408054 0 2277299.3792934 4876369.04385961 0 41.4959351631072 40.4792145108196 0 51.6017116008067 48.483819570076 0 25.1312035740615 25.981811221259 0 1.30210521692681 9.9843182161717 0 2200098.84151597 1647134.72086289 0 0.4694604603773 237.31852614492 1395531.32968698
"285" 284 6059079.64146566 10456611.9571306 0.00000278651178585822 1084.4563175417 2014.59958441068 0.0000000371795672422306 1522.3237636114 1901.97136072048 0.000327554346801257 749.80125670412 2420.69082273516 0.000729072578364077 2.07611999590126 55.4615113153332 0.0000385699602127517 6102698.59004228 10373108.3052636 99.967962182159 122.111034289058 12325.1831590142 22612.2007473592 0 731502.205528239 435901.869068918 0 124.867434100263 30.5890479990268 0 108.19710386467 18.3648160638643 0 135.602431044896 39.860191807434 0 3.17255930157672 5.83897956726365 0 742222.33619992 286870.645113455 0 22.2755955739543 4534.65056245432 0 2302933.22920064 4876363.38387604 0 40.677385902608 39.2651620390075 0 50.6014887098787 47.0773813507041 0 24.6440723469851 25.2281203480128 0 1.27665249549666 9.69382304521524 0 2225486.27282256 1647143.96948708 0 0.47269302761726 237.394562260379 1395531.32968698
"286" 285 6058927.40735405 10438836.0182806 0.00000278648043464066 1052.48387343169 1949.86727891833 0.0000000313199100136605 1478.89488272089 1842.24891189582 0.000293109803452822 728.410912384913 2344.68043332195 0.000652405691556271 2.01672055252674 53.714967647064 0.0000342415825919601 6102947.66421175 10356226.8037062 99.9680758011443 122.122045183772 12326.0726832142 22612.2007491859 0 723345.965727763 435897.595267213 0 120.520913364287 29.6685903276107 0 105.577137248419 17.8301771172499 0 132.318851080829 38.6997766480519 0 3.0950443922434 5.66851286351108 0 734228.662907687 286877.421058804 0 22.3257507651645 4534.93439729049 0 2328565.45742837 4876357.89742146 0 39.8731885943023 38.0840487007565 0 49.6190409572242 45.7079447999826 0 24.1655980152837 24.4942581594344 0 1.25167309743198 9.41099819536732 0 2250875.28461457 1647152.9493578 0 0.475862378743969 237.468383047876 1395531.32968698
"287" 286 6058779.75746561 10421069.7416604 0.00000278645004792539 1021.3657477773 1887.08806315939 0.0000000263883003771326 1436.58864802164 1784.29441441071 0.000262287953471662 707.573513204687 2270.92016379545 0.00058380221901756 1.95886186797667 52.0204040954921 0.0000303990369110911 6103189.62302298 10339329.6448145 99.9681774523088 122.132740616868 12326.9341708689 22612.2007508076 0 715191.504185039 435893.452940676 0 116.217011859455 28.7731879585142 0 102.923806055929 17.3096726428742 0 128.993455601491 37.570039866965 0 3.01640503082087 5.50256636932694 0 726233.246292993 286883.999438441 0 22.3746560033325 4535.20993430954 0 2354196.11146662 4876352.5797015 0 39.0821134781513 36.935059832833 0 48.6540061337425 44.3746319059326 0 23.6956041749128 23.7797541409956 0 1.22715502651399 9.13566022161834 0 2276265.83118115 1647161.66755749 0 0.478969677406656 237.540047071782 1395531.32968698
"288" 287 6058636.56687391 10403312.8402691 0.00000278642059894568 991.081351890486 1826.19829962069 0.0000000222360091949094 1395.37914987828 1728.05826619401 0.000234706414773725 687.276297701242 2199.34688424692 0.000522411052238283 1.90250815123005 50.3763383822662 0.0000269875618401387 6103424.65068977 10322417.2926068 99.9682684009389 122.143128783313 12327.7684563067 22612.2007522473 0 707038.766417327 435889.438441003 0 111.972913168514 27.9022230741921 0 100.244220723282 16.8029631544428 0 125.63515605076 36.4702446210293 0 2.93688205266217 5.34103093441355 0 718236.107408201 286890.385483635 0 22.4222953207198 4535.47739384217 0 2379825.23756431 4876347.42603685 0 38.3032312598983 35.8174048921526 0 47.7058701251391 43.0765814281982 0 23.2338404405537 23.0841467658503 0 1.20308235535084 8.86762926903975 0 2301657.86798199 1647170.13100145 0 0.482016073599891 237.60961150576 1395531.32968698
"289" 288 6058497.71366561 10385565.0346827 0.00000278639206158438 961.610597889232 1767.13863877753 0.0000000187403547935437 1355.24099759465 1673.49127199842 0.000210025144219619 667.506760009305 2129.89798254345 0.00046747532100495 1.84762434660505 48.7813006213791 0.000023958900768475 6103652.92713695 10305490.1983229 99.9683497719592 122.153217686008 12328.5763505925 22612.2007535255 0 698887.699418292 435885.548208405 0 107.802105209689 27.055094311855 0 97.5459596359286 16.3097169821485 0 122.253450349131 35.3996710325129 0 2.85672783331499 5.18379998215156 0 710237.268455208 286896.584298707 0 22.4686565682847 4535.73699084415 0 2405452.8807522 4876342.43186154 0 37.5357556202697 34.7303142432856 0 46.7741366049103 41.8129514407541 0 22.7800650899453 22.4069848574359 0 1.17944003652818 8.6067296585211 0 2327051.35152464 1647178.34643829 0 0.485002661260703 237.67713213565 1395531.32968699
"290" 289 6058363.0788609 10367826.0528397 0.00000278636441035745 932.933873356579 1709.85306510948 0.000000015798421889856 1316.14931279263 1620.545148432 0.000187940075563986 648.252646599356 2062.51200709528 0.00041831823270693 1.79417612200642 47.2338496505688 0.0000212702512071204 6103874.62811517 10288548.8004281 99.9684225710681 122.163015141064 12329.3586414827 22612.2007546602 0 690738.251618769 435881.778769361 0 103.715236443132 26.231215732365 0 94.8366320245447 15.8296100362107 0 118.857875075136 34.3576156758673 0 2.77619268205093 5.03076942201989 0 702236.752966662 286902.60086497 0 22.5137316907028 4535.98893506711 0 2431079.08487528 4876337.59272009 0 36.7790300511775 33.6730378887051 0 45.8583213605308 40.5829187844616 0 22.3340423006088 21.7478272961058 0 1.15621366032722 8.35278974557309 0 2352446.23935401 1647186.32045496 0 0.487930486904939 237.742663403018 1395531.32968699
"291" 290 6058232.54634595 10350095.629866 0.00000278633762040028 905.032045751738 1654.28738509723 0.000000013321113893 1278.07968859251 1569.17342582579 0.000168176841659555 629.50193617243 1997.12981468737 0.000374329099177713 1.7421298052541 45.7326025332003 0.0000188832315132497 6104089.92532502 10271593.5242223 99.9684877055918 122.172528783533 12330.1160925622 22612.2007556675 0 682590.372864014 435878.126734766 0 99.7206408974925 25.4300174669637 0 92.1236985194473 15.3623248263986 0 115.457780567851 33.3433894496358 0 2.6955198281355 4.88183729810886 0 694234.58571333 286908.440045203 0 22.5575164550095 4536.23343125386 0 2456703.8926149 4876332.90426512 0 36.0326238544848 32.6448464382633 0 44.9578259538181 39.3856765393433 0 21.8954806195802 21.1062416645567 0 1.13338578896503 8.10564132412242 0 2377842.49012575 1647194.05948262 0 0.4908005893228 237.806258455483 1395531.32968699
"292" 291 6058106.00283111 10332373.5079472 0.00000278631166745771 877.886427118297 1600.39036415355 0.0000000112347952222038 1241.00823103861 1519.33053364355 0.000150491252704342 611.242860063791 1933.69340645543 0.000334964401180628 1.69145244771395 44.2762040155964 0.0000167639870633179 6104298.98643223 10254624.7829375 99.9685459828788 122.181766068017 12330.8494454946 22612.2007565619 0 674444.014382998 435874.588798559 0 95.8245291315479 24.6509436732847 0 89.414390444163 14.9075514258935 0 112.06222977827 32.356319668484 0 2.61494271736807 4.736904135012 0 686230.792728318 286914.106583667 0 22.600010487667 4536.4706791351 0 2482327.3455092 4876328.36225567 0 35.2961783249738 31.6450283397021 0 44.0721106560072 38.2204366242627 0 21.464117186713 20.4818056409604 0 1.11094088589374 7.86512023121429 0 2403240.06347753 1647201.56979652 0 0.493613953542233 237.867969145033 1395531.32968699
"293" 292 6057983.33778938 10314659.4361583 0.000002786286527871 851.478740954704 1548.11372650848 0.00000000947889501125898 1204.91157177289 1470.97166520912 0.000134666285621759 593.463908485156 1872.14575572069 0.000299741087351653 1.6421118428898 42.8633218154993 0.0000148827075150832 6104501.97514338 10237642.9782193 99.9685981202927 122.190734272102 12331.5594209693 22612.2007573558 0 666299.128750959 435871.161735957 0 92.0314917464698 23.8934509258164 0 86.7154741482399 14.4649877224839 0 108.679702909791 31.395750608409 0 2.53467763808946 4.59587302614363 0 678225.401379378 286919.605108493 0 22.6412173651254 4536.70087353132 0 2507949.48398217 4876323.96255484 0 34.5693339117362 30.6728877828962 0 43.2007611861634 37.0864305185639 0 21.0397502377986 19.8741073856809 0 1.08886716684189 7.63106650702274 0 2428638.91997186 1647208.85751907 0 0.496371498237873 237.927846053768 1395531.32968698
"294" 293 6057864.44337456 10296953.1702593 0.00000278626217856221 825.791138606167 1497.41028782558 0.00000000800055709144978 1169.76679421338 1424.05387923696 0.000120505567488139 576.153794164797 1812.43220993796 0.000268222069570369 1.59407641254855 41.4926828460546 0.0000132125743184132 6104699.05138162 10220648.4996605 99.968644766847 122.199440504471 12332.2467176399 22612.2007580606 0 658155.669861741 435867.842401324 0 88.3447451464878 23.1570096678272 0 84.0333530034539 14.0343377473216 0 105.318225249124 30.4610398793639 0 2.45492812683103 4.45864903731075 0 670218.439917538 286924.94013798 0 22.6811436089141 4536.92420462798 0 2533570.34737267 4876319.70112718 0 33.8519012834434 29.7277467505942 0 42.3432684090451 35.9829049276598 0 20.6221318124301 19.2827432185228 0 1.06715024863615 7.40332338293792 0 2454039.02122977 1647215.92862814 0 0.499074143068998 237.985938565198 1395531.32968698
"295" 294 6057749.21439538 10279254.4726163 0.00000278623859702779 800.806182589988 1448.23448900132 0.00000000675516603559318 1135.5514549055 1378.53566895797 0.000107833452434785 559.3014628639 1754.49994231014 0.000240016394129034 1.54731523976746 40.1630588240035 0.0000117297853622862 6104890.3712974 10203641.7253381 99.9686865029423 122.207891705326 12332.9120132222 22612.2007586864 0 650013.592910872 435864.627727301 0 84.7662683967004 22.4411032602551 0 81.3739884509955 13.615312169855 0 101.985268215459 29.551559499492 0 2.37588230206676 4.32513938545434 0 662209.93753763 286930.116080672 0 22.7197988057028 4537.14085797605 0 2559189.97394565 4876315.5740375 0 33.1437837520103 28.8089437320829 0 41.499117856126 34.9091231135947 0 20.2110113527701 18.7073183317617 0 1.04577570738154 7.18173759272365 0 2479440.32986152 1647222.78895703 0 0.501722783973198 238.042294863949 1395531.32968697
"296" 295 6057637.54824319 10261305.2718373 0.00000278621576132225 776.506806497882 1400.54295386382 0.00000000570632585763193 1102.24361622614 1334.37625976567 0.0000964939018248544 542.896109484517 1698.29705788357 0.00021477674922306 1.50179811937111 38.8732427927615 0.0000104133994078303 6105076.08733191 10186367.0660352 99.9687238440685 122.216094649195 12333.5559665881 22612.2007592419 0 642388.734103266 435861.514722578 0 81.2975704847469 21.7452258686724 0 78.7427300739902 13.2076290552885 0 98.6875363919209 28.6666975391674 0 2.29770732168148 4.19525371223682 0 654711.638697296 286935.137236954 0 22.7571957085986 4537.35101455697 0 2584550.36118106 4876311.57744807 0 32.4448143028015 27.9158309050188 0 40.6679417587939 33.8643669576864 0 19.8062097471656 18.147447895485 0 1.02473339772329 6.96615985285925 0 2504587.05190759 1647229.44419653 0 0.504318254280062 238.096961951711 1395531.32968698
"297" 296 6057529.34458835 10233785.5330341 0.00000278619364996838 752.876569362872 1354.20459531052 0.00000000482292036412155 1069.82180017928 1291.53406178195 0.0000863467758773215 526.927155312181 1643.77062408612 0.000192191210823712 1.45749548647373 37.6220004401666 0.00000924474092748405 6105256.34833544 10159572.7819133 99.9687572531142 122.224055950386 12334.1792166368 22612.2007597351 0 653927.775691207 435858.50045966 0 78.0957062098188 21.0688939987131 0 76.148493068963 12.8110128051309 0 95.4362031119811 27.805855821491 0 2.22068325894721 4.06890370472946 0 666220.685568394 286940.007803306 0 22.7933500203042 4537.55485096836 0 2600324.56845799 4876307.7076029 0 31.7459491522962 27.0477890710116 0 39.8490090350595 32.8479341972437 0 19.4073709421112 17.6027555767877 0 1.00400328129333 6.75644421592215 0 2520234.13720741 1647235.8999005 0 0.506861367662142 238.149985695513 1395531.32968698
"298" 297 6057424.50465095 10206249.7870586 0.00000278617224173331 729.900209760602 1309.12599524166 0.00000000407877129144204 1038.26506002144 1249.96179147551 0.0000772666874281659 511.384283294144 1590.86046187792 0.000171980691372366 1.41437852377817 36.4079146798165 0.00000820723258885403 6105431.29963547 10132743.8704959 99.9687871441613 122.23178206605 12334.7823805138 22612.2007601729 0 665513.699878756 435855.582044338 0 75.2583300021434 20.4116700946371 0 73.6120771144334 12.4251955209906 0 92.2573364206372 26.9684528823613 0 2.14546647380896 3.94600357358827 0 677775.297355147 286944.731874344 0 22.8282852029195 4537.75253951028 0 2616074.8030164 4876303.96078858 0 31.0416169984999 26.2042579213692 0 39.0405567023947 31.8591419776315 0 19.0136363251415 17.0728754432747 0 0.983537344218979 6.55244887545488 0 2535858.71345607 1647242.16148851 0 0.509352849036156 238.201410849658 1395531.32968697
"299" 298 6057322.9318944 10178721.1191183 0.00000278615151585846 707.562813983876 1265.30461798026 0.00000000345185103497542 1007.553011382 1209.6150412017 0.000069141445679106 496.257453367254 1539.51005243853 0.000153895475866395 1.37241920705362 35.2296606931978 0.00000728615897355468 6105601.08312844 10105903.8222076 99.9688138876425 122.239279300382 12335.3660527258 22612.2007605616 0 677099.847257463 435852.756647041 0 72.7261898879742 19.7731261287216 0 71.1511956494988 12.049917544542 0 89.1731364075219 26.1539251424523 0 2.07261080721608 3.82647023809691 0 689329.209337823 286949.313445853 0 22.8620349291545 4537.94424831644 0 2631824.42342324 4876300.33337451 0 30.335244090927 25.3846892974114 0 38.2410897699501 30.8973282647332 0 18.6242778018153 16.5574527199799 0 0.963295233908302 6.35403647710442 0 2551483.89236274 1647248.2342498 0 0.511793306163865 238.251281089466 1395531.32968698
"300" 299 6057224.53220986 10151199.3003873 0.00000278613145212382 685.849601525696 1222.73258838081 0.00000000292359806539552 977.66578945389 1170.45368986518 0.0000618706146880654 481.536881372811 1489.66833255568 0.00013771201333795 1.33159024030683 34.0860500890303 0.00000646844947185198 6105765.83737382 10079052.965548 99.9688378151178 122.246553808905 12335.9308073743 22612.2007609067 0 688686.217883989 435850.021511595 0 70.4496462456024 19.1528345184984 0 68.7778717774269 11.6849266320226 0 86.198671516924 25.3617251154876 0 2.0024862870992 3.71022303588424 0 700882.443596903 286953.75641788 0 22.8946400913313 4538.13014148746 0 2647573.44880229 4876296.82182418 0 29.6296826980841 24.5885355371744 0 37.4495993888436 29.96184975162 0 18.2388040398521 16.0561426675794 0 0.943250085170455 6.16107363959014 0 2567109.65347792 1647254.12334735 0 0.514183265621717 238.299639045622 1395531.32968698
"301" 300 6057129.21387796 10123684.1087247 0.00000278611203084023 664.74593662212 1181.39768907122 0.00000000247842934714786 948.584016688083 1132.44111533866 0.000055364397229485 467.213023144877 1441.28869224921 0.000123230432543045 1.29186500749158 32.9760048741458 0.00000574251197157304 6105925.69766905 10052191.6186299 99.9688592229711 122.253611601864 12336.4772000865 22612.2007612131 0 700272.811583281 435847.373954171 0 68.3872225365631 18.5503688253829 0 66.4995525155739 11.3299773582122 0 83.3432750269209 24.5913201145995 0 1.93531596873281 3.59718351618027 0 712435.024734857 286958.064597087 0 22.9261464700708 4538.31037919122 0 2663321.89772599 4876293.4226938 0 28.9272846975339 23.8152503674478 0 36.6654766788008 29.0520803577709 0 17.8569185007527 15.5686097781439 0 0.923386077210266 5.9734306158668 0 2582735.97679805 1647259.83382092 0 0.516523196643948 238.346526329943 1395531.32968698
