"time" "POP.S1" "POP.S2" "POP.S3" "POP.E1" "POP.E2" "POP.E3" "POP.A1" "POP.A2" "POP.A3" "POP.I1" "POP.I2" "POP.I3" "POP.H1" "POP.H2" "POP.H3" "POP.R1" "POP.R2" "POP.R3" "POP.D1" "POP.D2" "POP.D3" "POP.Sv1" "POP.Sv2" "POP.Sv3" "POP.Ev1" "POP.Ev2" "POP.Ev3" "POP.Av1" "POP.Av2" "POP.Av3" "POP.Iv1" "POP.Iv2" "POP.Iv3" "POP.Hv1" "POP.Hv2" "POP.Hv3" "POP.Rv1" "POP.Rv2" "POP.Rv3" "POP.Dv1" "POP.Dv2" "POP.Dv3" "POP.Sw1" "POP.Sw2" "POP.Sw3" "POP.Ew1" "POP.Ew2" "POP.Ew3" "POP.Aw1" "POP.Aw2" "POP.Aw3" "POP.Iw1" "POP.Iw2" "POP.Iw3" "POP.Hw1" "POP.Hw2" "POP.Hw3" "POP.Rw1" "POP.Rw2" "POP.Rw3" "POP.Dw1" "POP.Dw2" "POP.Dw3" "VAX"
"1" 0 8375588.98984994 19390389.8031044 5889017.29389153 138939.689572335 213210.830653627 37818.0125673964 181892.279260003 180937.564618909 20670.2366761431 89588.734560897 230284.173151339 46007.9461501251 249.306756825015 5319.36694017483 6688.08571898084 3379000 6830952.26153157 1272778.42499583 0 0 0 0 0 500 0 0 0 0 0 0 0 0 0 0 0 0 0 0 500 0 0 0 0 0 0 0 0 0 0 0 0 0 0 0 0 0 0 0 0 0 0 0 0 1311586.93009301
"2" 1 8352733.69918273 19340150.6164653 5877734.22705916 137926.773848326 225592.526877117 38070.0663064699 177883.48410368 177464.187031378 20227.0802767716 87614.2533644993 225863.510767208 45021.5657773304 243.826529037322 5218.87769060927 6545.43216822821 3408855.63643412 6876718.46954567 1279584.42373022 1.32653760557932 85.8116227132643 332.304917721906 0 0 4987.70222587703 0 0 0.537105681743343 0 0 0.0128723136628219 0 0 0.0143667458801537 0 0 0.00196818114691621 0 0 1476.63119545517 0 0 0.0000298437411890051 0 0 0 0 0 0 0 0 0 0 0 0 0 0 0 0 0 0 0 0 0 1602790.50261185
"3" 2 8330068.26697402 19289811.7223993 5692097.52793307 136900.221622948 236105.621998162 38182.7562612568 174184.60907549 175163.127073708 19839.4447090287 85792.4193953908 222934.889002901 44158.7640297736 238.79521339142 5155.42626577771 6421.92093851853 3438072.06289937 6921752.91378072 1248112.00683049 2.62481939738377 170.299479477104 657.94394516712 0 0 183867.977489664 0 0 63.7196438649834 0 0 1.66549378101537 0 0 1.8588519937898 0 0 0.25475761920603 0 0 40574.1558822445 0 0 0.00323352485794978 0 0 0 0 0 0 0 0 0 0 0 0 0 0 0 0 0 0 0 0 0 1681414.2393062
"4" 3 8307568.87546859 19239327.7834877 5506437.92471882 135884.01633881 245087.505525994 38095.0749427357 170762.981993519 173791.393793221 19492.9098700263 84107.1403848678 221189.046645918 43387.4445494134 234.162308833557 5121.03497169557 6312.38810082644 3466697.92638487 6966323.23580933 1216169.05011133 3.89712051404408 253.999766140879 977.750671994985 0 0 362842.07511799 0 0 234.34896552708 0 0 11.7292953598016 0 0 13.0910270058315 0 0 1.79079802277403 0 0 80004.37813338 0 0 0.0436975737797832 0 0 0 0 0 0 0 0 0 0 0 0 0 0 0 0 0 0 0 0 0 1759484.88990697
"5" 4 8285215.39997444 19188665.9010686 5321208.44191451 134894.960565405 252810.746680174 37842.3724245423 167591.568748284 173153.017305407 19174.8663995279 82545.1010252741 220376.567479609 42679.5413408847 229.886258942453 5109.30667651008 6212.35369929347 3494776.93795821 7010641.12877517 1183864.83547113 5.1454694479724 337.33201453863 1292.31003308206 0 0 541452.380702871 0 0 495.989057485885 0 0 36.4261721195322 0 0 40.6551278920072 0 0 5.55102816824119 0 0 119674.07265407 0 0 0.203974419802806 0 0 0 0 0 0 0 0 0 0 0 0 0 0 0 0 0 0 0 0 0 1837555.54050775
"6" 5 8262990.78376146 19137803.1456219 5136409.91050317 133944.385027342 259495.620010392 37453.0510342027 164647.695427836 173089.982396927 18875.4762781921 81095.133568934 220296.341232453 42013.1568772663 225.932428813937 5115.11586631248 6118.34828673851 3522348.69809512 7054873.17262797 1151204.94832557 6.37169049630622 420.622244004509 1602.00829566036 0 0 719694.770829209 0 0 834.967424290316 0 0 80.2457480689248 0 0 89.5620088717088 0 0 12.2062052243322 0 0 159590.744422946 0 0 0.60376058463395 0 0 0 0 0 0 0 0 0 0 0 0 0 0 0 0 0 0 0 0 0 1915626.19110852
"7" 6 8240880.54804478 19086724.6134095 4952044.76884242 133039.463750024 265320.165141905 36949.942857296 161912.068507956 173474.91160485 18587.0971679562 79747.7352352621 220786.251133445 41371.280793193 222.271552592031 5134.35978693347 6027.69967382565 3549449.33547275 7099149.57734388 1118191.2103346 7.57743663638487 504.121579446998 1907.07824934214 0 0 897564.561095916 0 0 1239.8909324197 0 0 146.308527481594 0 0 163.294454243957 0 0 22.2148588756099 0 0 199763.263456611 0 0 1.38875581446621 0 0 0 0 0 0 0 0 0 0 0 0 0 0 0 0 0 0 0 0 0 1993696.84170929
"8" 7 8218872.3942824 19035421.8599828 4768116.7485418 132184.236833936 270428.312608617 36351.4364101181 159368.024281794 174205.153774013 18303.8244422467 78494.6985268536 221715.650257835 40740.7705327428 218.8785429774 5163.75780798812 5938.3636824994 3576112.00331696 7143571.24433692 1084822.47776878 8.76421508249332 588.021231841653 2207.6348582829 0 0 1075056.60817533 0 0 1701.23469309932 0 0 236.658332275811 0 0 264.133566761004 0 0 35.8697768541115 0 0 240201.517290178 0 0 2.72192903610775 0 0 0 0 0 0 0 0 0 0 0 0 0 0 0 0 0 0 0 0 0 2071767.49231007
"9" 8 8196955.8807592 18983891.6389338 4584630.63027044 131380.40276541 274936.438465828 35672.3743057107 157000.956183756 175198.015450885 18021.127591284 77328.8291651336 222979.292392035 40111.5420580194 215.731581660093 5200.68994869253 5848.7901350898 3602367.26613763 7188215.4602813 1051095.26689422 9.9334072040825 672.464527435662 2503.7032995334 0 0 1252165.38406187 0 0 2211.00769028212 0 0 352.497111072473 0 0 393.420837226268 0 0 53.3351686199744 0 0 280916.143851567 0 0 4.77672505708918 0 0 0 0 0 0 0 0 0 0 0 0 0 0 0 0 0 0 0 0 0 2149838.14291084
"10" 9 8175122.15810048 18932134.8843017 4401592.05580518 130627.931620753 278938.661301728 34924.7699060112 154797.87810107 176386.907576259 17735.5611758025 76243.7310050046 224492.42782433 39475.9264880766 212.811424534391 5243.06672843356 5757.81663503627 3628243.40346399 7233140.49568875 1017004.24184586 11.0862841678844 757.556578776632 2795.2410161642 0 0 1428885.0274621 0 0 2762.47992396957 0 0 494.373511319213 0 0 551.768609206293 0 0 74.6763698492098 0 0 321918.329440421 0 0 7.73181100352841 0 0 0 0 0 0 0 0 0 0 0 0 0 0 0 0 0 0 0 0 0 2227908.79351162
"11" 10 8153363.75227528 18880155.8903006 4219007.38626648 129925.537466692 282511.117518925 34118.3789577304 152747.092686534 177718.236315739 17444.5355306091 75233.6426665019 226186.846220032 38828.1597294204 210.100872823147 5289.22444595004 5664.584583161 3653766.65001287 7278389.31315485 982542.591122512 12.2240192987322 843.3720439361 3082.15500005143 0 0 1605209.3757774 0 0 3349.95959222757 0 0 662.333787467002 0 0 739.22850713786 0 0 99.8834896528651 0 0 363219.660596788 0 0 11.7670593566572 0 0 0 0 0 0 0 0 0 0 0 0 0 0 0 0 0 0 0 0 0 2305979.44411239
"12" 11 8131674.38593011 18827961.650736 4036883.59876278 129271.040527634 285715.406967615 33261.1549742524 150837.940264577 179148.898471572 17146.1353319389 74293.3138616574 228007.688963818 38163.9786420575 207.584371636652 5337.84108088774 5568.47296824854 3678961.38734645 7323992.55244219 947702.313546942 13.3476979303682 929.961337887988 3364.31528158374 0 0 1781131.98016929 0 0 3968.61116196617 0 0 856.042018930145 0 0 955.42561118783 0 0 128.890140224681 0 0 404832.020871249 0 0 17.0605193476073 0 0 0 0 0 0 0 0 0 0 0 0 0 0 0 0 0 0 0 0 0 2384050.09471316
"13" 12 8110048.82880113 18775561.3205165 3855228.21422224 128661.646849842 288601.403324037 32359.6165979871 149060.606914815 180644.239880082 16838.9741557411 73417.9108684907 229910.850756467 37480.2973143916 205.247702140095 5387.86797061615 5469.04550491707 3703850.30053814 7369970.96189122 912474.434449011 14.4583254399547 1017.35566112265 3641.56558134147 0 0 1956646.10589012 0 0 4614.30476054318 0 0 1074.87700944335 0 0 1199.66660629887 0 0 161.588439372517 0 0 446767.523336727 0 0 23.7861318646096 0 0 0 0 0 0 0 0 0 0 0 0 0 0 0 0 0 0 0 0 0 2462120.74531394
"14" 13 8088482.77330225 18722965.7829101 3674049.25408181 128094.159277272 291209.510644216 31419.1395006867 147405.980755097 182176.417961566 16522.0802032561 72602.9457450477 231860.895587447 36774.9527104734 203.077750083742 5438.47522769355 5366.00929929915 3728454.50633645 7416337.34666881 876849.158822769 15.5568337977604 1105.57100014287 3913.73152517177 0 0 2131744.71766509 0 0 5283.49294596331 0 0 1318.00858307262 0 0 1471.02493590997 0 0 197.84073429762 0 0 489038.476907003 0 0 32.1120851948819 0 0 0 0 0 0 0 0 0 0 0 0 0 0 0 0 0 0 0 0 0 2540191.39591471
"15" 14 8066972.73359043 18670187.3120085 3493355.22457787 127565.131651202 293572.417947335 30444.1796673473 145865.546962549 183723.130594566 16194.8104063504 71844.224623345 233829.438938539 36046.5134851026 201.062335972411 5489.0095434123 5259.18394597811 3752793.65674967 7463098.07976103 840815.965680575 16.6440868358808 1194.61120663476 4180.62669807135 0 0 2306420.4498082 0 0 5973.11399118715 0 0 1584.45449912088 0 0 1768.40432449077 0 0 237.488269641437 0 0 531657.384918878 0 0 42.1997271831318 0 0 0 0 0 0 0 0 0 0 0 0 0 0 0 0 0 0 0 0 0 2618262.04651549
"16" 15 8045515.94946661 18617239.2624051 3313155.11646248 127071.000807431 295716.717480039 29438.4812266099 144431.297381522 185266.443733092 15856.7693623112 71137.8031879136 235793.655660298 35294.09954837 199.190068078098 5538.95540839055 5148.47246835156 3776886.03820318 7510254.49449649 804363.685442929 17.7208852694279 1284.47081653813 4442.0582680794 0 0 2480665.56535172 0 0 6680.49898779753 0 0 1873.13499065424 0 0 2090.59964780674 0 0 280.359458657863 0 0 574636.95618295 0 0 54.2026012876057 0 0 0 0 0 0 0 0 0 0 0 0 0 0 0 0 0 0 0 0 0 2696332.69711626
"17" 16 8024110.32099836 18564135.8754111 3133458.44485025 126608.159525242 297663.893450095 28405.1946812441 143095.679350656 186792.079933967 15507.7674299615 70479.9614712186 237735.374461413 34517.2887957209 197.450258541153 5587.91178394269 5033.84652610375 3800748.64042583 7557803.72822901 767480.489064529 18.7879701464887 1375.13673045537 4697.82974915409 0 0 2654471.88869532 0 0 7403.3172284096 0 0 2182.89876149868 0 0 2436.32594807969 0 0 326.273701333431 0 0 617990.168358237 0 0 68.2662101576326 0 0 0 0 0 0 0 0 0 0 0 0 0 0 0 0 0 0 0 0 0 2774403.34771704
"18" 17 8002754.33080354 18510892.0484916 2954275.28919568 126173.039953054 299431.523305514 27347.0348593216 141851.536213298 188288.549735392 15147.7587538717 69867.1745528184 239639.972390498 33715.9791618434 195.832825544307 5635.56360071899 4915.32437632446 3824397.23962473 7605739.75220863 730153.907924114 19.8460270117634 1466.59026761346 4947.7451436343 0 0 2827830.73540093 0 0 8139.50115660955 0 0 2512.56521181552 0 0 2804.26556181002 0 0 375.047724009641 0 0 661730.318107394 0 0 84.5274226366321 0 0 0 0 0 0 0 0 0 0 0 0 0 0 0 0 0 0 0 0 0 2852473.99831781
"19" 18 7981447.0015376 18457523.2303295 2775616.39937959 125762.142289554 301033.786613346 26266.3299543377 140692.083843822 189746.790607896 14776.8280642422 69296.1009977036 241495.91531914 32890.3592397649 194.328254127163 5681.67015408047 4792.96650407029 3847846.44738889 7654053.79899046 692370.724927581 20.8956883029155 1558.80798558731 5191.6096630415 0 0 3000732.78973474 0 0 8887.22219189183 0 0 2860.92926117261 0 0 3193.07350279033 0 0 426.496112242852 0 0 705871.156711178 0 0 103.114753356527 0 0 0 0 0 0 0 0 0 0 0 0 0 0 0 0 0 0 0 0 0 2930544.64891858
"20" 19 7960187.82905164 18404045.2406599 2597493.28016376 125372.087415764 302482.401893572 25165.1547730808 139610.869342249 191159.491249619 14395.1376928236 68763.562511854 243293.897954061 32040.7903485428 192.927527379726 5726.04312767696 4666.85689002664 3871109.78661401 7702735.16186672 654116.943043557 21.9375371028775 1651.76324846454 5429.23313866564 0 0 3173167.99674059 0 0 9644.82294644259 0 0 3226.79846415762 0 0 3601.41888671627 0 0 480.436860307865 0 0 750426.98211238 0 0 124.147938950873 0 0 0 0 0 0 0 0 0 0 0 0 0 0 0 0 0 0 0 0 0 3008615.29951936
"21" 20 7938976.75739193 18350474.2257557 2419918.39582327 124999.621513514 303786.806048657 24045.3270731168 138601.762186703 192520.970249038 14002.9359025216 68266.5395844955 245026.689407866 31167.8250733546 191.622111398497 5768.54290747956 4537.10637547671 3894199.72510321 7751771.33915661 615377.554810556 22.9721087410882 1745.42647463038 5660.42930999083 0 0 3345125.34896134 0 0 10410.8190291862 0 0 3608.98124489306 0 0 4027.97179976832 0 0 536.689360601501 0 0 795412.876686009 0 0 147.738549909189 0 0 0 0 0 0 0 0 0 0 0 0 0 0 0 0 0 0 0 0 0 3086685.95012013
"22" 21 7917814.12007939 18296826.5180451 2242905.34157996 124641.645985029 304954.8732134 22908.5201106119 137658.925104809 193826.660299562 13600.512270207 67802.1571411747 246688.476744896 30272.1079562671 190.403906158329 5809.06199216618 4403.83697793347 3917127.74788913 7801148.64339813 576136.415191734 23.999894315857 1839.76630670778 5885.01859940393 0 0 3516592.69618355 0 0 11183.8380530573 0 0 4006.31856138852 0 0 4471.43863908873 0 0 595.079119056156 0 0 840844.887033705 0 0 173.989724026952 0 0 0 0 0 0 0 0 0 0 0 0 0 0 0 0 0 0 0 0 0 3164756.60072091
"23" 22 7896700.61844561 18243118.6014453 2066469.13734172 124295.218153654 305993.051424134 21756.2617506458 136776.806816661 195073.016126307 13188.2027949659 67367.6809694002 248274.747797118 29354.3868662144 189.265233224527 5847.52223721714 4267.18403355092 3939904.38903925 7850852.31117523 536375.930584276 25.0213421973008 1934.74979466789 6102.82763257774 0 0 3687556.4452316 0 0 11962.6194348659 0 0 4417.67568786254 0 0 4930.5529410585 0 0 655.436333879317 0 0 886740.342716121 0 0 202.996650660461 0 0 0 0 0 0 0 0 0 0 0 0 0 0 0 0 0 0 0 0 0 3242827.25132168
"24" 23 7875637.28628048 18189367.0466088 1890626.73289536 123957.55679563 306906.648707213 20589.9610768282 135950.128412858 196257.315007163 12766.3827333656 66960.511009318 249782.037281844 28415.4970516848 188.198812827737 5883.86865145454 4127.29396194658 3962539.28182848 7900866.74091978 496076.55198371 26.0368604114324 2030.34282374947 6313.68961888798 0 0 3858001.04438693 0 0 12745.9989921458 0 0 4841.94323202079 0 0 5404.07651667825 0 0 717.595888759131 0 0 933118.384753588 0 0 234.846908090825 0 0 0 0 0 0 0 0 0 0 0 0 0 0 0 0 0 0 0 0 0 3320897.90192245
"25" 24 7854625.44976503 18135588.4322476 1715397.22396392 123626.047823092 307700.228245575 19410.9953173998 135173.868382195 197377.375949131 12335.4330109835 66578.17397929 251207.569389803 27456.2863792859 187.197738277492 5918.06054192555 3984.31248186023 3985041.21549276 7951175.82290167 455216.590200141 27.0468193508048 2126.51072425029 6517.4462860256 0 0 4027908.75539103 0 0 13532.8575432168 0 0 5278.06243767577 0 0 5890.82769173671 0 0 781.401149409203 0 0 980000.187861352 0 0 269.62028595891 0 0 0 0 0 0 0 0 0 0 0 0 0 0 0 0 0 0 0 0 0 3398968.55252323
"26" 25 7833666.71938888 18081799.3479628 1540803.10393338 123298.238262956 308377.518428845 18220.6389304142 134443.260303063 198431.631932569 11895.7734103556 66218.3222388223 252549.34973236 26477.6892036947 186.255472745443 5950.07405524419 3838.39678527831 4007418.15278098 8001762.85979868 413770.917889718 28.0515525573909 2223.21808946182 6713.94580460792 0 0 4197258.40072922 0 0 14322.1617367488 0 0 5724.99262366844 0 0 6389.64496550091 0 0 846.698796174254 0 0 1027410.24551191 0 0 307.389679325996 0 0 0 0 0 0 0 0 0 0 0 0 0 0 0 0 0 0 0 0 0 3477039.203124
"27" 26 7812762.94879858 18028016.3233608 1366871.24435701 122971.836057786 308941.742746457 17020.1432103252 133753.77840512 199418.898077549 11447.8332497982 65878.7266771486 253805.870280517 25480.6611043897 185.365824946056 5979.89497544977 3689.70528252757 4029677.29287672 8052610.84129061 371710.012546737 29.0513596908433 2320.4292685902 6903.04452449453 0 0 4366024.37028912 0 0 15112.9157064832 0 0 6181.73259059907 0 0 6899.41090269635 0 0 913.34203024936 0 0 1075377.36321147 0 0 348.220994095228 0 0 0 0 0 0 0 0 0 0 0 0 0 0 0 0 0 0 0 0 0 3555109.85372478
"28" 27 7791916.21374592 17974255.7981571 1193633.74118198 122644.706182013 309395.745972675 15810.7711770033 133101.130578735 200338.285190043 10992.0408909034 65557.2732701231 254975.999332781 24466.1555313656 184.522937542217 6007.51613059322 3538.39402622757 4051825.10677749 8103702.54667834 328999.112299165 30.0465081796331 2418.10853849995 7084.60748647074 0 0 4534175.76817867 0 0 15904.1388375887 0 0 6647.3274172896 0 0 7419.05971901573 0 0 981.191553226936 0 0 1123935.51845461 0 0 392.173246482483 0 0 0 0 0 0 0 0 0 0 0 0 0 0 0 0 0 0 0 0 0 3633180.50432555
"29" 28 7771128.79776735 17920534.1133553 1021131.86672879 122314.865206556 309741.958360293 14593.7430761422 132481.252588664 201189.23232426 10528.8497297082 65251.9602302375 256059.022958149 23435.1816564473 183.72127847804 6032.93864523556 3384.62626985789 4073867.36569421 8155020.5143396 285594.226519912 31.0372345057612 2516.22001719942 7258.50693008666 0 0 4701672.45717097 0 0 16694.8973579742 0 0 7120.84169599499 0 0 7947.54740902849 0 0 1050.11131749234 0 0 1173127.84482963 0 0 439.299307954252 0 0 0 0 0 0 0 0 0 0 0 0 0 0 0 0 0 0 0 0 0 3711251.15492633
"30" 29 7750403.16504347 17866867.4709406 853250.548068925 121980.47677775 309982.569964459 13370.6233883216 131890.298777066 201971.385676181 10058.7181830124 64960.8934275101 257054.490860595 22388.759826705 182.955625683309 6056.16824821235 3228.56543330179 4095809.18660219 8206547.18639578 242526.33337289 32.023746327205 2614.72791419257 7424.6235384712 0 0 4860590.7326037 0 0 17483.8568911708 0 0 7601.37393997692 0 0 8483.86782642539 0 0 1119.97071186977 0 0 1221043.38783328 0 0 489.645799099094 0 0 4039.78410665306 0 0 0.136286366674973 0 0 0.000584430826615917 0 0 0.000274127148786008 0 0 0.0000216289968160662 0 0 879.071309623971 0 0 0.0000000145118058138614 3789321.8055271
"31" 30 7729741.93470877 17813271.8923435 834802.027858846 121639.853571027 310119.591453503 12237.8676713995 131324.63546438 202684.576152123 9583.67787808407 64682.2831391724 257962.187829975 21331.4120512194 182.221056811406 6077.21473350756 3070.92725997906 4117655.06583582 8258264.94091981 241283.342304895 33.0062240146433 2713.59656759406 7582.85349646541 0 0 4713172.01077348 0 0 18149.7644349461 0 0 8084.93327811214 0 0 9023.56677340094 0 0 1190.16670175221 0 0 1192763.45095403 0 0 543.247589109963 0 0 165050.590311275 0 0 40.7079075590307 0 0 1.57541110469183 0 0 0.738946227042203 0 0 0.0581979927721501 0 0 36067.0798173753 0 0 0.000382741956088932 3867392.45612787
"32" 31 7709147.84097528 17759763.135718 816824.338765055 121291.469988866 310154.957076789 11264.120022668 130780.835904183 203328.791886915 9110.73586228575 64414.441564747 258782.098765165 20278.7346612167 181.512941271936 6096.09124709492 2914.16986919345 4139408.9138034 8310156.1348028 239907.051434972 33.9848222400313 2812.79050321846 7733.17573728112 0 0 4565219.49004055 0 0 18606.2886431288 0 0 8557.64657990475 0 0 9551.16049578185 0 0 1258.59120820772 0 0 1164255.63195753 0 0 600.074234001697 0 0 326177.42478898 0 0 150.411313238532 0 0 11.3023523874183 0 0 5.3013658647645 0 0 0.416724163199385 0 0 71553.928482662 0 0 0.00546093014498394 3945463.10672865
"33" 32 7688623.7380114 17706356.7427665 798929.293047248 120933.931799127 310090.492993829 10424.0601411392 130255.674631872 203904.155462147 8646.31834209644 64155.7800425636 259514.379679096 19245.0311485373 180.826931457355 6112.81371124376 2760.52933175146 4161074.08891205 8362203.14090262 238291.618587557 34.9596715249681 2912.27448454454 7875.69358612717 0 0 4417532.4346576 0 0 18885.7933180612 0 0 9006.81533099574 0 0 10052.476224505 0 0 1323.33018937034 0 0 1135709.7793092 0 0 659.996783628248 0 0 487010.301554154 0 0 318.230929424912 0 0 35.190773423809 0 0 16.5062244202648 0 0 1.29505318851736 0 0 107255.279780539 0 0 0.0256870266241079 4023533.75732942
"34" 33 7668172.59078204 17653068.0431332 781115.073951334 120565.964010069 309927.931136855 9696.36204866088 129746.119772827 204410.902283455 8195.11579290399 63904.8052612431 260159.330178943 18240.7416035605 180.158951035352 6127.40027402361 2611.61841294372 4182653.43034305 8414388.3794402 236443.243757971 35.9308797319421 3012.01355332504 8010.60644886482 0 0 4270116.56083694 0 0 19015.6302486863 0 0 9423.21621647426 0 0 10517.2198488947 0 0 1383.01111830959 0 0 1107113.91969151 0 0 722.8105068222 0 0 647546.381640283 0 0 534.825926553253 0 0 77.5188741867284 0 0 36.3602106359706 0 0 2.84748124575774 0 0 143176.859206893 0 0 0.0761763299238612 4101604.4079302
"35" 34 7647797.45981808 17599912.13985 763379.887586034 120186.405961622 309668.937491736 9063.0895500095 129249.325432733 204849.363094847 7760.43393814092 63660.1155116446 260717.371211624 17273.2239268298 179.505183474344 6139.8708801324 2468.55570313538 4204149.28955895 8466694.34440939 234369.607297527 36.8985334932608 3111.97306220947 8138.18184634589 0 0 4122977.85356316 0 0 19018.8997006183 0 0 9800.40243486127 0 0 10938.1961155555 0 0 1436.69132983228 0 0 1078453.81063069 0 0 788.257347185939 0 0 807782.497252309 0 0 792.276389802565 0 0 141.183538750918 0 0 66.2221073405884 0 0 5.17664709948284 0 0 179325.377849458 0 0 0.175245317384778 4179675.05853097
"36" 35 7627501.48675751 17546903.8958049 745721.983003527 119794.206492025 309315.134962872 8509.15976937246 128762.624358541 205219.950135664 7344.48111083776 63420.3970721174 261189.02744539 16347.3934402518 178.862061068712 6150.24694742423 2332.07087172358 4225563.56055916 8519103.62600244 232079.376158324 37.8626995791089 3212.1187012605 8258.73332576898 0 0 3976122.50193574 0 0 18915.1251354636 0 0 10134.1314664084 0 0 11310.6699625 0 0 1483.7669885598 0 0 1049713.61460322 0 0 856.043684277269 0 0 967715.194556056 0 0 1083.85815651237 0 0 227.98674998343 0 0 106.937134195727 0 0 8.34453396674229 0 0 215708.284156168 0 0 0.343257146173061 4257745.70913174
"37" 36 7607287.88060998 17494057.9211092 728139.666584463 119388.419203536 308868.121784246 8021.89159053769 128283.520847778 205523.146210234 6948.60297828765 63184.4207160698 261574.91335848 15466.2453387693 178.226254416798 6158.55112625683 2202.59023309913 4246897.70894201 8571598.92989171 229581.815638467 38.8234262079595 3312.41651989835 8372.60314796599 0 0 3829556.85423942 0 0 18720.8208557537 0 0 10421.8974695343 0 0 11631.8446283876 0 0 1523.89906046112 0 0 1020876.42589823 0 0 925.854278643519 0 0 1127340.76256752 0 0 1403.8534579922 0 0 338.869534695381 0 0 158.946679617115 0 0 12.3814125915936 0 0 252333.572688816 0 0 0.601716751908667 4335816.35973252
"38" 37 7587159.90470993 17441388.561279 710631.3119152 118968.197840724 308329.486275202 7590.62547553051 127809.683891157 205759.496068619 6573.47375393895 62951.0383344503 261875.722269151 14631.2802910254 177.594662317464 6164.80712295287 2080.30609549181 4268152.79981712 8624163.09403958 226886.486963937 39.7807443018628 3412.83294547644 8480.14884824928 0 0 3683287.38984119 0 0 18449.9696495376 0 0 10662.5501614504 0 0 11900.4362864762 0 0 1556.95328874904 0 0 991924.676736693 0 0 997.363120603952 0 0 1286655.24985536 0 0 1747.3916492577 0 0 474.102556788307 0 0 222.377698447359 0 0 17.2930893704616 0 0 289209.640154337 0 0 0.972568372929781 4413887.01033329
"39" 38 7567120.86434155 17388909.8861718 693195.366112643 118532.791803023 307700.818530342 7206.40392044677 127338.940542503 205929.59965096 6219.2511682543 62719.1796701882 262092.217737586 13842.8493745015 176.964402065243 6169.03957351242 1965.23265647071 4289329.52457198 8676779.10353638 224003.014991765 40.7346686872759 3513.33479937756 8581.73295107497 0 0 3537320.70575347 0 0 18114.4239664114 0 0 10855.985738342 0 0 12116.3290816781 0 0 1582.95178840815 0 0 962840.443653824 0 0 1070.24175683254 0 0 1445654.47026184 0 0 2110.315505689 0 0 633.44061024647 0 0 297.115176859503 0 0 23.0667487061389 0 0 326345.181124655 0 0 1.47765788139957 4491957.66093407
"40" 39 7547174.09502039 17336635.6796421 675830.353421423 118081.54179674 306983.71964199 6861.70257737632 126869.269510579 206034.106758117 5885.70180043179 62487.8491619272 262225.226783058 13100.4330396708 176.33280012587 6171.27395423132 1857.2509417328 4310428.22651099 8729430.10390909 220940.91202674 41.6851992427208 3613.8893113839 8677.71519956438 0 0 3391663.51621234 0 0 17724.2432509726 0 0 11002.8966893244 0 0 12280.2958987603 0 0 1602.03409938098 0 0 933605.67263779 0 0 1144.16560466218 0 0 1604333.99846823 0 0 2489.06884748112 0 0 816.247623562935 0 0 382.860765655185 0 0 29.6756518412245 0 0 363749.116916547 0 0 2.13832651220471 4570028.31153484
"41" 40 7527322.9512463 17284579.4297922 658534.876626926 117613.875490218 306179.809090531 6550.20025072816 126398.794907055 206073.712720827 5572.30362592862 62256.1228646689 262275.634371962 12402.8693609379 175.697383097404 6171.53651758624 1756.14533386237 4331448.92578665 8782099.41337391 217709.444924551 42.6323220120857 3714.46413294354 8768.44671578859 0 0 3246322.66467313 0 0 17287.9823462943 0 0 11104.5668764571 0 0 12393.7696518387 0 0 1614.4254997436 0 0 904202.339281157 0 0 1218.8187188758 0 0 1762689.15544193 0 0 2880.60048628025 0 0 1021.5989973359 0 0 479.180781691348 0 0 37.0829578553847 0 0 401430.552342799 0 0 2.97510588757182 4648098.96213561
"42" 41 7507570.7961058 17232754.319946 641307.616934928 117129.303584947 305290.72967342 6266.59381724263 125925.780268689 206049.155389149 5278.32415785375 62023.1455054737 262244.37958619 11748.5279642551 175.055869095904 6169.85426022838 1661.6311877178 4352391.34265575 8834770.53379568 214317.544556752 43.57601024154 3815.02734935063 8854.26605175675 0 0 3101305.14759056 0 0 16812.9230003787 0 0 11162.7152148041 0 0 12458.6688162211 0 0 1620.41302717235 0 0 874612.545006323 0 0 1293.89704630255 0 0 1920714.98378009 0 0 3282.28728135842 0 0 1248.35960517109 0 0 585.542794186103 0 0 45.2446128276062 0 0 439398.760042945 0 0 4.00751115709032 4726169.61273639
"43" 42 7487920.99129235 17181173.220285 624147.332650978 116627.415736652 304318.151985889 6006.43394480157 125448.62275251 205961.21221946 5002.88685972998 61788.1276243707 262132.451915677 11135.4578490764 174.406159445119 6166.2548899724 1573.37815438156 4373254.92020928 8887427.16121231 210773.736858024 44.516225390605 3915.54749165464 8935.49618529666 0 0 2956618.14948303 0 0 16305.2796456422 0 0 11179.3625125169 0 0 12477.248809072 0 0 1620.32518421955 0 0 844818.575804631 0 0 1369.11091691915 0 0 2078406.21307597 0 0 3691.86562291155 0 0 1495.2502673143 0 0 701.346804161243 0 0 54.1117960659736 0 0 477663.183690825 0 0 5.25388443073987 4804240.26333716
"44" 43 7468376.88742058 17129848.6798179 607052.856747441 116107.876509948 303263.777054276 5765.9872493069 124965.847396727 205810.698269234 4745.02272729092 61550.3427476418 261940.888706298 10561.502199454 173.746330505523 6160.76681650478 1491.02809015238 4394038.84667647 8940053.19578756 207086.10062096 45.4529181221179 4015.99354820606 9012.44269946676 0 0 2812269.0940765 0 0 15770.371404998 0 0 11156.7279980908 0 0 12451.9865038332 0 0 1614.51635242975 0 0 814802.912091115 0 0 1444.18658332423 0 0 2235757.21041896 0 0 4107.37433811814 0 0 1760.89926646467 0 0 825.949407922943 0 0 63.6327935250775 0 0 516233.467130039 0 0 6.73130060494442 4882310.91393794
"45" 44 7448941.81572547 17078792.9194611 590023.094625334 115570.422197741 302129.338038993 5542.13190136706 124476.101801191 205598.464507692 4503.70677038473 61309.124767751 261670.77300979 10024.379585695 173.074626070617 6153.41914054485 1414.20759776742 4414742.07485261 8992632.75086582 203262.244851605 46.3860291648712 4116.33497606767 9085.39283370158 0 0 2668265.70332285 0 0 15212.7524484043 0 0 11097.1555004966 0 0 12385.4978401166 0 0 1603.35577802655 0 0 784548.205702695 0 0 1518.86707197405 0 0 2392761.92299259 0 0 4527.11137906617 0 0 2043.87929637088 0 0 958.681127792587 0 0 73.754329518411 0 0 555119.499528267 0 0 8.45551597831859 4960381.56453871
"46" 45 7429619.07889119 17028017.8250319 573057.020040888 115014.856298831 300916.601326113 5332.24817170542 123978.150677639 205325.396335968 4277.89387702888 61063.8652591355 261323.231700323 9521.76379080622 172.389449732694 6144.24165602761 1342.54023457667 4435363.34393319 9045150.16223771 199309.294997168 47.3154902776199 4216.54171197507 9154.6148854653 0 0 2524616.08653967 0 0 14636.3481505462 0 0 11003.0415407549 0 0 12280.4575669535 0 0 1587.21696471245 0 0 754037.216839733 0 0 1592.91271646037 0 0 2549413.79240858 0 0 4949.58869318198 0 0 2342.74301097485 0 0 1098.86308642466 0 0 84.4228315919275 0 0 594331.492711146 0 0 10.4409416321691 5038452.21513948
"47" 46 7410411.94410871 16977534.9416743 556153.672634328 114441.046903117 299627.366954832 5134.15043022943 123470.870950289 204992.412254354 4066.53827979326 60814.0110650679 260899.433778269 9051.32713889467 171.689357892485 6133.26483900813 1275.65299548098 4455901.19638992 9097589.99631558 195233.8940495 48.2412249970266 4316.5841836514 9220.35830119507 0 0 2381328.82982828 0 0 14044.5399799964 0 0 10876.7951351014 0 0 12139.5543792426 0 0 1566.47185517401 0 0 723252.730620494 0 0 1666.10117479984 0 0 2705705.66735161 0 0 5373.5039859052 0 0 2656.04332303108 0 0 1245.81652786964 0 0 95.5851412867271 0 0 633880.066222482 0 0 12.7006453006789 5116522.86574026
"48" 47 7391323.63502301 16927355.4677389 539312.154499904 113848.923100625 298263.46806921 4946.01472869194 122953.246260813 204600.462661297 3868.61223469981 60559.0615911466 260400.588841651 8610.78207078345 170.973052014935 6120.51984571212 1213.18242535109 4476353.99782288 9149937.05952048 191042.211596627 49.1631495139871 4416.43332276649 9282.85410514723 0 0 2238413.1423057 0 0 13440.2553532337 0 0 10720.7993894805 0 0 11965.4480534937 0 0 1541.48537655599 0 0 692177.407982087 0 0 1738.2271668073 0 0 2861629.66038384 0 0 5797.71096112423 0 0 2982.35259343287 0 0 1398.87181832315 0 0 107.189172411286 0 0 673776.391408463 0 0 15.2463738400439 5194593.51634103
"49" 48 7372357.32492515 16877490.2509814 522531.624290595 113238.469854373 296826.769435171 4766.30960865273 122424.363430762 204150.529910379 3683.12405976724 60298.5670629124 259827.947158664 8197.92129432063 170.239373958091 6106.03855421036 1154.78053780309 4496719.95417942 9202176.40339088 186739.954423821 50.0811734242249 4516.06056928985 9342.31527802864 0 0 2095879.00884713 0 0 12826.0521153183 0 0 10537.377096305 0 0 11760.7310504875 0 0 1512.61059823768 0 0 660793.626459136 0 0 1809.10211500704 0 0 3017177.00082648 0 0 6221.1917222784 0 0 3320.27850258311 0 0 1557.37589058892 0 0 119.184443525332 0 0 714032.342249956 0 0 18.0885899782791 5272664.16694181
"50" 49 7353516.13127757 16827949.7827248 505811.299943382 112609.729458774 295319.169373057 4593.77901799091 121883.405487257 203643.624156562 3509.11671923383 60032.1250907384 259182.794381079 7810.61463313337 169.487295519579 6089.85343409883 1100.11401876781 4516997.12618975 9254293.33803366 182332.385199171 50.9952003823216 4615.43789676369 9398.93779309203 0 0 1953737.3897646 0 0 12204.1436637317 0 0 10328.7865867951 0 0 11527.9238860852 0 0 1480.18830123402 0 0 629083.265102212 0 0 1878.55363122873 0 0 3172337.83214028 0 0 6643.04722533499 0 0 3668.46916587987 0 0 1720.69464349615 0 0 131.522249775258 0 0 754660.699822689 0 0 21.236491886556 5350734.81754258
"51" 50 7334803.10803065 16778744.1957693 489150.447650139 111962.791964448 293742.592695532 4427.36172208811 121329.64990583 203080.787114619 3345.68664333875 59759.3798043639 258466.456327696 7446.8509158185 168.715916939813 6071.99772563462 1048.87029143429 4537183.44924882 9306273.43256204 177824.346527876 51.9051289494544 4714.53780520018 9452.90140586012 0 0 1812000.55448403 0 0 11576.4925928202 0 0 10097.1916008899 0 0 11269.4415031373 0 0 1444.54296981937 0 0 597027.345857212 0 0 1946.424582242 0 0 3327100.88911374 0 0 7062.46808505741 0 0 4025.62384233979 0 0 1888.21796477689 0 0 144.155975820049 0 0 795675.488165669 0 0 24.6981058868935 5428805.46814336
"52" 51 7316221.24180946 16729883.2606586 472548.384035527 111297.796515807 292098.992978389 4266.18458608984 120762.462926357 202463.08801089 3191.98000860697 59480.0190532804 257680.293832041 7104.7296965768 167.924458373103 6052.50530867466 1000.7560050219 4557276.74438362 9358102.52586956 173220.278094955 52.8108530907955 4813.33334180708 9504.37056156073 0 0 1670682.34806713 0 0 10944.8230179784 0 0 9844.66267099615 0 0 10987.5948158826 0 0 1405.98312829346 0 0 564605.751924472 0 0 2012.5726196723 0 0 3481453.22903984 0 0 7478.72922550017 0 0 4390.49489499313 0 0 2059.36065058895 0 0 157.041159821814 0 0 837092.245491135 0 0 28.4803053600029 5506876.11874413
"53" 52 7297773.44613925 16681376.3814788 456004.476741449 110614.93047118 290390.354164183 4109.53608130096 120181.29292751 201791.619046325 3047.19379468162 59193.7711434003 256825.696968051 6782.46360751716 167.112250236367 6031.41056888721 955.497092464665 4577274.73480551 9409766.73964952 168524.2380436 53.7122629125265 4911.79812424642 9553.49545910759 0 0 1529798.77821314 0 0 10310.6577309251 0 0 9573.16934810067 0 0 10684.5820335369 0 0 1364.8003981191 0 0 531796.621623725 0 0 2076.86955114439 0 0 3635379.64392921 0 0 7891.17612877044 0 0 4761.89396869979 0 0 2233.56530321909 0 0 170.135696654112 0 0 878928.616409161 0 0 32.5888454794495 5584946.7693449
"54" 53 7279462.55618951 16633232.5974679 439518.131585057 109914.417909248 288618.67525414 3956.81387319846 119585.672116113 201067.504948345 2910.58383444554 58900.40566913 255904.097206984 6478.39627666911 166.278737089319 6008.74876180316 912.841138808418 4597175.06013367 9461252.47004391 163739.938717209 54.6092452435211 5009.90631687123 9600.41322651722 0 0 1389368.78503854 0 0 9675.37017611571 0 0 9284.57835908463 0 0 10362.4866036787 0 0 1321.2697851944 0 0 498575.531747261 0 0 2139.19984307867 0 0 3788861.90349806 0 0 8299.21146868439 0 0 5138.6853179001 0 0 2410.29920146603 0 0 183.399506437817 0 0 921205.132295824 0 0 37.0285067669521 5663017.41994568
"55" 54 7261291.32574942 16585460.5787501 423088.799911387 109196.524884347 286785.980121284 3807.53206241264 118975.208014544 200291.892607351 2781.45804178616 58599.729320596 254916.954227538 6190.98725429822 165.423464469813 5984.55565897699 872.554930346282 4616975.28688249 9512546.40596608 158870.755643854 55.5016841295571 5107.63266860551 9645.24863960365 0 0 1249414.91772112 0 0 9040.18750265408 0 0 8980.65343620779 0 0 10023.2770219368 0 0 1275.6495866564 0 0 464914.818357941 0 0 2199.4605807006 0 0 3941878.07086938 0 0 8702.29033195955 0 0 5519.79236054817 0 0 2589.05737476143 0 0 196.794799619036 0 0 963945.890506312 0 0 41.8030665084991 5741088.07054645
"56" 55 7243262.42247289 16538068.6239085 406715.980145063 108461.558524101 284894.319714032 3661.30238366825 118349.576996827 199465.945558009 2659.17529750273 58291.5826999299 253865.748892011 5918.80953315125 164.546069510006 5958.86737936252 834.423818581299 4636672.92377522 9563635.54201161 153919.747982457 56.3894615131705 5204.9525364521 9688.11515504736 0 0 1109965.16873283 0 0 8406.22047211531 0 0 8663.05160033001 0 0 9668.80268370613 0 0 1228.18100762469 0 0 430781.721509314 0 0 2257.56085556487 0 0 4094400.66614961 0 0 9099.90807444532 0 0 5904.20198642384 0 0 2769.36462398264 0 0 210.286218376993 0 0 1007180.39643788 0 0 46.9153323210456 5819158.72114723
"57" 56 7225378.42438319 16491064.6649112 390399.203605057 107709.853146432 282945.747587845 3517.79750498128 117708.529149379 198590.859793107 2543.14804861936 57975.8427153657 252752.003373045 5660.55533402373 163.646289827307 5931.72095860299 798.25227484418 4656265.43185818 9614507.16153145 148889.699184937 57.2724576172809 5301.84184475801 9729.11619479165 0 0 971055.607649097 0 0 7774.49018338437 0 0 8333.33964563861 0 0 9300.81228269677 0 0 1179.09121741169 0 0 396135.688617062 0 0 2313.41992045895 0 0 4246394.04608213 0 0 9491.59706080516 0 0 6290.94513615816 0 0 2950.76641204894 0 0 223.840031769872 0 0 1050946.21629029 0 0 52.3673237983404 5897229.371748
"58" 57 7207641.81743024 16444456.2633364 370975.301812434 106941.776829958 280942.334629537 3376.52123127483 117051.878759361 197667.849737475 2432.83661263653 57652.4178964016 251577.26330224 5415.02342812647 162.723948720989 5903.15387124501 763.861870051152 4675750.23458389 9665148.85799334 142568.157891789 58.150551427732 5398.27712977846 9768.34561694195 0 0 839305.904778928 0 0 7146.24050257897 0 0 7992.98869065903 0 0 8920.9477293351 0 0 1128.59237412479 0 0 363108.433667188 0 0 2366.9674587663 0 0 4394401.64861177 0 0 9876.815215908 0 0 6679.10755093498 0 0 3132.83390606665 0 0 237.424568138745 0 0 1094323.88626633 0 0 58.1602160118268 5975300.02234877
"59" 58 7190054.99747505 16398250.6267419 227372.329135404 106157.723487397 278886.151242557 3163.57862697233 116379.499437006 196698.145563811 2326.53497976004 57321.2459913612 250343.094353942 5178.41656785299 161.778948357906 5873.20395705113 730.663723710878 4695124.73103956 9715548.54258825 88183.9955955484 59.0236212698747 5494.2355525148 9805.88314650824 0 0 966311.133847293 0 0 6616.50495490855 0 0 7645.81933532218 0 0 8533.47318232287 0 0 1077.25583627544 0 0 415847.212392371 0 0 2418.14734591656 0 0 4407912.26948205 0 0 10223.2937184089 0 0 7066.58355811616 0 0 3314.57944075483 0 0 250.964159359728 0 0 1099937.06688015 0 0 64.2940909860029 6053370.67294955
"60" 59 7172620.2851835 16343241.265933 94701.3534975793 105358.092752779 276775.632053018 2829.63716390829 115691.322380807 195682.966515864 2218.77046265426 56982.2931129346 249051.048292917 4938.55361042399 160.811267911249 5841.90859082912 696.748980621053 4714386.30375694 9760196.19308934 37325.8677338887 59.8915451285935 5589.69488807884 9841.74323280841 0 9214.80072290815 1082822.51072025 0 2.20256040124748 6250.05812811178 0 0.0222352319153813 7303.25554231384 0 0.0170547420348319 8151.13888789786 0 0.00037774228579821 1026.81092298382 0 5498.24768539716 464963.73705247 0 0.000000476617722952257 2466.95878285949 0 0 4421073.62066596 0 0 10508.6435496482 0 0 7447.39034332345 0 0 3493.19677836465 0 0 264.24052920267 0 0 1105584.99819827 0 0 70.7652164579827 6131441.32355032
"61" 60 7155340.12892097 16225974.3668399 34798.1669065345 104543.096507784 274512.576033978 2444.59020880737 114987.323895593 194620.600299111 2105.54235092885 56635.5475903669 247698.945835232 4686.52974884163 159.820945236628 5809.21131694541 660.739223577661 4733532.327939 9766886.91019472 14248.7047151553 60.7542010507164 5684.63306692915 9875.849573588 0 81146.6393016986 1126681.55001443 0 67.7144521408259 5989.90642337356 0 2.412506980127 6974.70618320244 0 1.85042748192949 7784.44605589566 0 0.0409173366915693 978.667750390359 0 48688.09862346 486120.462545908 0 0.000184123035799397 2513.47906674729 0 0 4434188.06517981 0 0 10742.0297955035 0 0 7816.12576101946 0 0 3666.15204373749 0 0 277.058191444276 0 0 1111349.66386278 0 0 77.5643983239794 6209511.9741511
"62" 61 7138217.65370237 16076894.8988399 12786.7373527811 103712.288808951 271984.681426373 2080.46395862444 114267.470159285 193500.471885476 1986.99703390739 56280.9927650212 246273.327854243 4422.67081740678 158.807995086281 5774.77333818861 622.719932791351 4752560.17510201 9753337.40517524 5731.08224127256 61.6114672764786 5779.02479803251 9908.09392920143 0 185414.545444527 1132735.43258666 0 264.654422114848 5779.89952028882 0 16.4437611161442 6664.04978647207 0 12.6126008033332 7437.72349888092 0 0.278423318211562 933.384816050676 0 111840.879813727 492542.450561033 0 0.00221693886182819 2557.83078061492 0 0 4447258.0524146 0 0 10931.0710946069 0 0 8168.86244651094 0 0 3831.60310734053 0 0 289.277029426036 0 0 1117226.91883947 0 0 84.6782520646696 6287582.62475187
"63" 62 7121256.41568311 15916861.7525035 4698.59269602913 102864.904309606 269176.1418656 1759.38147874397 113531.659806723 192308.983006658 1865.2810489477 55918.578710774 244756.887463019 4151.75459281908 157.772324710891 5738.16202538981 583.474555390907 4771467.20594322 9731879.06723835 2568.62032235723 62.4632218546632 5872.83816637626 9938.39388944668 0 301191.438020058 1124940.09605683 0 601.021989034104 5596.42154543489 0 53.5669318840299 6372.01935715381 0 41.0866056336285 7111.7893212975 0 0.905432245351866 891.04016527192 0 182612.13822522 493438.718292286 0 0.0105269922564708 2600.14954257629 0 0 4460286.07221451 0 0 11082.1132931963 0 0 8502.83850247079 0 0 3988.25450184891 0 0 300.800394045949 0 0 1123212.09778676 0 0 92.0904425719476 6365653.27535265
"64" 63 7104460.0838571 15753521.7770648 1726.55187954425 102000.197791053 266107.080713551 1483.81273826322 112779.717924408 191034.388912815 1742.78800837479 55548.2192762009 243134.676798128 3879.10879283421 156.713726452808 5699.00687680743 543.864512718053 4790250.75808277 9707053.73980151 1375.77264630725 63.3093420178314 5966.03460855699 9966.70976771128 0 420848.290583343 1112097.11022962 0 1062.79521230805 5429.52356111355 0 123.53473327605 6098.15190678522 0 94.7529135914869 6806.12678328344 0 2.08448369839503 851.532334237669 0 256445.805042859 492200.306011996 0 0.0322547832389188 2640.56974040398 0 0 4473274.58720114 0 0 11200.4756463619 0 0 8816.21152396356 0 0 4135.24204763887 0 0 311.565675596177 0 0 1129300.20633989 0 0 99.7826522138207 6443723.92595342
"65" 64 7087832.30888278 15589679.629942 634.446701311435 101117.559973147 262807.060691056 1249.93921978943 112011.413631927 189668.031230312 1621.5979126704 55169.8007440832 241395.676111307 3609.3630959438 155.631905309488 5657.0380830194 504.632733890623 4808908.13515912 9680524.65048716 907.616299719083 64.1497036308862 6058.57033025687 9993.04255272686 0 541592.801349121 1097439.59735503 0 1630.50482099181 5274.46517431959 0 233.468456336131 5841.53745794475 0 179.073657123798 6519.72026210655 0 3.9326769550313 814.695598746924 0 331663.485514749 490078.251295008 0 0.0766496530908357 2679.21930258589 0 0 4486225.99896746 0 0 11290.6320497802 0 0 9107.86111378847 0 0 4272.04022265344 0 0 321.536767442284 0 0 1135486.07057939 0 0 107.735337689864 6521794.57655419
"66" 65 7071376.66530649 15426365.1176225 233.138863109446 100216.548493421 259306.028763642 1052.39433192398 111226.482973708 188204.297231466 1503.35203576251 54783.1931064533 239532.741930957 3346.17066024559 154.526514048978 5612.08427294535 466.361461736371 4827436.59942506 9652891.15466655 706.611317519105 64.9841808151042 6150.39795730808 10017.4265446867 0 662405.12947711 1082154.6273284 0 2284.87128107119 5128.59118871296 0 387.946008560047 5601.1079935951 0 297.560156989297 6251.37774755228 0 6.5235815120544 780.344106741499 0 407649.992660351 487536.599531683 0 0.154389039255415 2716.21789872749 0 0 4499142.62969439 0 0 11356.353297251 0 0 9377.22949191745 0 0 4398.38740029493 0 0 330.698014307058 0 0 1141764.45277448 0 0 115.928316956424 6599865.22715497
"67" 66 7055096.62193472 15263957.201839 85.671918363548 99296.8884642791 255631.513559027 885.87576681006 110424.650813191 186640.205120643 1389.27262063609 54388.2608482881 237542.079244455 3092.25196206097 153.397186479021 5564.05844721105 429.481014639675 4845833.36810728 9624359.48436567 604.774643854692 65.81264575836 6241.46803190129 10039.9213952937 0 782914.989670531 1066677.48834896 0 3008.52010669813 4990.16240889847 0 589.383311163145 5375.75451990685 0 452.065459437333 5999.86149534659 0 9.89405364124467 748.289465761706 0 484182.859818532 484750.035025066 0 0.276972075822086 2751.67647340965 0 0 4512026.71135991 0 0 11400.8228425885 0 0 9624.19274119524 0 0 4514.22545724934 0 0 339.049351291535 0 0 1148130.13996913 0 0 124.341219631131 6677935.87775574
"68" 67 7038995.5237054 15102595.8520554 31.4823200708762 98358.4625057319 251808.016167854 745.634347608187 109605.649796839 184974.927131479 1280.22361273491 53984.8722879954 235422.634530973 2849.52997673254 152.243566046885 5512.94211618918 394.292698518338 4864095.61316929 9594990.8195137 540.552441098374 66.6349686923556 6331.73025764079 10060.6050288138 0 902990.186456916 1051167.26620323 0 3786.32238264464 4857.90451168267 0 838.457467073017 5164.37825771226 0 643.108912132236 5763.9451617649 0 14.0516730201134 718.348183337435 0 561184.495111639 481786.853039977 0 0.45622334367218 2785.69732433101 0 0 4524880.37926129 0 0 11426.732598776 0 0 9848.95698968441 0 0 4619.65107783841 0 0 346.602408641901 0 0 1154578.01072831 0 0 132.953827847034 6756006.52835651
"69" 68 7023076.57884578 14942332.9272872 11.5690989844748 97401.2975483054 247857.129631568 627.568512347062 108769.236017702 183209.350773645 1176.77657110087 53572.9072923009 233175.537348275 2619.27688406322 151.065329285058 5458.77083624609 360.993206070716 4882220.46394861 9564793.15536899 491.466674456608 67.4510180098435 6421.13449540321 10079.5677797144 0 1022585.86416277 1035681.59823644 0 4605.27992370866 4730.82283164819 0 1134.49142400105 4965.91529297417 0 870.171206250498 5542.44131593732 0 18.9814457903246 690.34504362893 0 638630.502192322 478676.193291048 0 0.703903855404296 2818.37441779748 0 0 4537705.66829996 0 0 11436.3628148219 0 0 10051.9749818831 0 0 4714.87662176793 0 0 353.377402887539 0 0 1161103.08439298 0 0 141.746329480514 6834077.17895729
"70" 69 7007342.84892799 14783187.4327453 4.25145027446414 96425.5510832778 243797.865563846 528.188164384393 107915.20154576 181345.703851599 1079.27035909527 53152.2634479118 230803.623083854 2402.24692830883 149.862204413944 5401.6219324698 329.696525971091 4900205.01213014 9533755.41458417 449.352305661186 68.260660494762 6509.63154100196 10096.9077013047 0 1141689.29346415 1020240.88737814 0 5454.28270965619 4608.11738082376 0 1475.78034838689 4779.34955420884 0 1131.94470998082 5334.21592390652 0 24.6514531181574 664.114719255417 0 716515.722597338 475432.712998776 0 1.03141510622591 2849.79381470711 0 0 4550504.5111907 0 0 11431.6488936643 0 0 10233.8793349804 0 0 4800.1988179893 0 0 359.400668588409 0 0 1167700.55638764 0 0 150.699501612755 6912147.82955807
"71" 70 6991797.24084516 14625165.7453206 1.56235526375164 95431.4978345332 239647.007944938 444.542049311165 107043.384157287 179387.243588563 987.861864057343 52722.860853589 228311.037294534 2198.78931032118 148.633985649261 5341.6043869289 300.452446279909 4918046.31856214 9501860.18105503 411.260779696441 69.0637616406504 6597.17372068885 10112.7268902679 0 1260299.66036556 1004851.89709245 0 6323.85178393832 4489.13713234794 0 1859.86035234491 4603.71996196216 0 1426.53958594927 5138.19632813402 0 31.0174707963371 639.502521007582 0 794841.627549832 472065.618373131 0 1.44958028456839 2880.03414919136 0 0 4563278.73810595 0 0 11414.2373608859 0 0 10395.4294371676 0 0 4875.97385736407 0 0 364.702711293396 0 0 1174365.82243514 0 0 159.794838766423 6990218.48015884
"72" 71 6976442.50026178 14468269.0122807 0.574153517442444 94419.5171910517 235419.436842996 374.141244116446 106153.674626041 177338.002569192 902.567915095095 52284.6457113335 225702.91236079 2008.94148843747 147.380543797875 5278.8506319298 273.261762656251 4935741.42147996 9469088.50139547 376.12463646247 69.8601860358072 6683.71533780034 10127.1286565548 0 1378420.67443189 989516.4202939 0 7205.90367890657 4373.35090301186 0 2283.72631525085 4438.12422575519 0 1751.6508635027 4953.37548525838 0 38.0266869132172 616.364666434687 0 873611.618116609 468581.954740904 0 1.96848805542661 2909.16712992469 0 0 4576030.07728275 0 0 11385.5327680567 0 0 10537.4694795263 0 0 4942.59770753074 0 0 369.316683620069 0 0 1181094.49413874 0 0 169.014637737034 7068289.13075961
"73" 72 6961281.206299 14312495.8585515 0.210997918081752 93390.0814977285 231128.40808029 314.889153137212 105246.021922563 175202.582752834 823.299436089993 51837.5928872327 222985.105321789 1832.50519645837 146.10183369238 5213.50994592765 248.088600477176 4953287.34576198 9435421.72759989 343.539526605319 70.6497977967239 6769.21299912389 10140.215382858 0 1496057.86812005 974234.463197618 0 8093.54517662187 4260.32621412635 0 2744.00664658839 4281.72047086521 0 2104.69248432063 4778.81378173991 0 45.6206610474205 594.568247947385 0 952829.26427355 464987.795098359 0 2.59738642316252 2937.25804643399 0 0 4588760.15646965 0 0 11346.7370019551 0 0 10660.8955520137 0 0 5000.49067928369 0 0 373.277203834778 0 0 1187882.40769402 0 0 178.342048601251 7146359.78136039
"74" 73 6946315.76730167 14157843.3822257 0.0775424723444018 92343.7452091029 226785.789434128 265.020547477013 104320.436635635 172985.989359446 749.889021829771 51381.7075966561 220163.986457477 1669.1078227824 144.797898959217 5145.74317189098 224.870305274102 4970681.11289694 9400842.24367601 313.323464693674 71.4324610341437 6853.62584477617 10152.086940187 0 1613217.60978143 959005.413613211 0 8980.89799196232 4149.71268941007 0 3237.10230982327 4133.72735288312 0 2482.90393572212 4613.63916171794 0 53.7376573904527 573.990999757067 0 1032497.64353795 461288.663668587 0 3.34461627170631 2964.3662689565 0 0 4601470.50479784 0 0 11298.8822239454 0 0 10766.6300978465 0 0 5050.08544440782 0 0 376.619450747951 0 0 1194725.62748632 0 0 187.761099645432 7224430.43196116
"75" 74 6931548.41757409 14004307.5287906 0.0284973800793923 91281.13487129 222402.25829608 223.04951128639 103376.992896536 170693.497525096 682.113045218005 50917.0263520252 217246.269577395 1518.25161677556 143.468874559071 5075.71851682807 203.525320674855 4987919.75139116 9365333.76157196 285.360564963442 72.2080403385908 6936.91570110927 10162.8395480339 0 1729906.74030586 943828.468419297 0 9862.95018472693 4041.22848154382 0 3759.29646431685 3993.4230835988 0 2883.43434758728 4457.04603980464 0 62.3144660585998 554.520926593539 0 1112619.09667634 457489.684658579 0 4.21757604598195 2990.54573409545 0 0 4614162.55512285 0 0 11242.8584669923 0 0 10855.6023186042 0 0 5091.81784469665 0 0 379.378480545468 0 0 1201620.44561601 0 0 197.256702451622 7302501.08256194
"76" 75 6916981.21499305 13851883.2423943 0.0104726881358039 90202.9398866134 217987.466477109 187.725363087337 102415.829050041 168330.545757193 619.709254139197 50443.6172933038 214238.876418245 1379.35285598725 142.114987478208 5003.60823055598 183.959414418422 5005000.30738823 9328881.44329472 259.548260141077 72.9764012744471 7019.04717258295 10172.5649874782 0 1846132.43496894 928702.788921969 0 10735.4305996488 3934.64896713373 0 4306.84008534666 3860.14366957255 0 3303.40816414196 4308.29333516062 0 71.287808485176 536.055838262467 0 1193195.14591814 453595.634745509 0 5.22271060880376 3015.84541090147 0 0 4626837.64648739 0 0 11179.4367459432 0 0 10928.7333767034 0 0 5126.11995117611 0 0 381.588721193448 0 0 1208563.37857901 0 0 206.814642136157 7380571.73316271
"77" 76 6902616.03941983 13700564.5391347 0.00384961539470999 89109.9040095053 213550.17747439 157.995462100096 101437.147286225 165902.65122986 562.390670843741 49961.5800066481 211148.828838003 1251.77278349091 140.736555900682 4929.58599665897 166.070556792818 5021919.85531101 9291471.94724621 235.781601584352 73.7374108735288 7099.98768556316 10181.3500920609 0 1961902.14521061 913627.556222499 0 11594.7028426624 3829.79725260601 0 4876.0180373187 3733.28059150783 0 3739.97582305998 4166.70188145063 0 80.5954065828949 518.502822799661 0 1274226.47955579 449610.964013916 0 6.36551861629058 3040.30974378647 0 0 4639497.02674787 0 0 11109.2884016842 0 0 10986.9254453379 0 0 5153.41492798132 0 0 383.283608062649 0 0 1215551.16176728 0 0 216.421556733611 7458642.38376348
"78" 77 6888454.59184398 13550344.5546309 0.00141515803980467 88002.8175115401 209098.380783511 132.973855288347 100441.21242433 163415.342883868 509.856477918425 49471.0449254162 207983.163670377 1134.84183794746 139.333987154264 4853.82490036564 149.752706421695 5038675.50836946 9253093.43737201 213.950407808394 74.4909381207647 7179.70749432796 10189.2764551682 0 2077223.56779066 898601.989946038 0 12437.6757300542 3726.53616546874 0 5463.19927146804 3612.27810150639 0 4190.35225781998 4031.65141031913 0 90.1767807063755 501.777683101402 0 1355712.96586 445539.808061314 0 7.65057392655606 3063.97907019996 0 0 4652141.85523444 0 0 11033.0012950032 0 0 11031.0538213539 0 0 5174.11333290269 0 0 384.495330934134 0 0 1222580.74248283 0 0 226.064908877177 7536713.03436426
"79" 78 6874498.39419503 13401215.5842773 0.000520270884407471 86882.5099828481 204639.387194111 111.91489618356 99428.3499993687 160874.108919468 461.800441293437 48972.1723877487 204748.865897504 1027.87840158862 137.907774658643 4776.49585918084 134.898708126897 5055264.42880592 9213735.57159194 193.940490534386 75.2368544260228 7258.17965802975 10196.4203047246 0 2192104.62261266 883625.353675516 0 13261.7276071371 3624.7614998618 0 6064.87423383542 3496.63027557888 0 4651.84559016047 3902.57726170733 0 99.9738309462171 485.8043561084 0 1437653.68117041 441385.998799286 0 9.08155726400742 3086.89001148211 0 0 4664773.20531493 0 0 10951.0933361822 0 0 11061.9614785937 0 0 5188.61056263278 0 0 385.254668774823 0 0 1229649.27204433 0 0 235.732952281637 7614783.68496503
"80" 79 6860748.78976608 13253169.1223934 0.000191628092600748 85749.843712107 200179.908385529 94.191030645244 98398.9437940812 158284.35592238 417.917346796257 48465.1514209654 201452.816628484 930.203126740057 136.458494091036 4697.76642467471 121.402478910328 5071683.8377786 9173389.47715001 175.635850263024 75.9750340774975 7335.37999532845 10202.8525047635 0 2306553.43276358 868696.955702623 0 14064.6422674487 3524.39631004862 0 6677.68201106238 3385.87792891418 0 5121.87795129427 3778.96694099568 0 109.931246044317 470.514328867073 0 1520046.94556553 437153.07611294 0 10.6612952525638 3109.07583673312 0 0 4677392.06680471 0 0 10864.0237932855 0 0 11080.4555324145 0 0 5197.28519444978 0 0 385.59089240833 0 0 1236754.09739689 0 0 245.41469496322 7692854.33556581
"81" 80 6847206.94420529 13106195.9020816 0.0000707422356672592 84605.7075787832 195726.123269057 79.2740790152546 97353.4329520389 155651.377627442 377.907836063393 47950.198319661 198101.753344017 841.149699624971 134.986798973907 4617.79988957144 109.16062400185 5087931.02479058 9132047.71669689 158.920807225342 76.7053546723969 7411.28702146999 10208.6386520036 0 2420578.30476427 853816.148011057 0 14844.5547367185 3425.38607678014 0 7298.42909845012 3279.60548118258 0 5597.99987727913 3660.3566203793 0 119.996772750597 455.846062906593 0 1602890.36301572 432844.300918577 0 12.391804727315 3130.56679991411 0 0 4689999.3484224 0 0 10772.2027504305 0 0 11087.3051857689 0 0 5200.49802282688 0 0 385.531719048747 0 0 1243892.75229937 0 0 255.099860680792 7770924.98616658
"82" 81 6833873.84702743 12960285.9360604 0.0000256984631627663 83451.0114253512 191283.733343115 66.7194814329078 96292.30876723 152980.331463495 341.481949664294 47427.5550644565 194702.240044448 760.072726672138 133.493415826131 4536.75463895421 98.0735959867952 5104003.35660218 9089704.24776006 143.681763783153 77.4276975221599 7485.8818722815 10213.8392419698 0 2534187.70857043 838982.325150124 0 15599.9053682878 3327.69461787485 0 7924.10148513279 3177.43783577229 0 6077.89957851899 3546.32765579443 0 130.12137507473 441.744435056313 0 1686180.86409933 428462.668857751 0 14.2743404471147 3151.39045049857 0 0 4702595.87977734 0 0 10675.9990025965 0 0 11083.2408232509 0 0 5198.59163449495 0 0 385.103306293358 0 0 1251062.94881819 0 0 264.778849760184 7848995.63676735
"83" 82 6820750.3135326 12815428.557897 0.00000972242222837374 82286.6810955131 186858.011577 56.1531757884256 95216.1110630083 150276.21898565 308.361606033657 46897.4875384966 191260.642345373 686.35325213943 131.97913872994 4454.78361539528 88.0464816256602 5119898.28568362 9046354.38064448 129.808539143012 78.1419480355742 7559.1482251354 10218.5098827182 0 2647390.2574619 824194.923207914 0 16329.3997060063 3231.30074609536 0 8551.87310502049 3079.03727923259 0 6559.40942175868 3436.50312639731 0 140.259337197147 428.160194309832 0 1769914.74823559 424010.924417614 0 16.3094424772734 3171.57191794936 0 0 4715182.41308014 0 0 10575.7465051934 0 0 11068.9540690349 0 0 5191.89043561857 0 0 384.330278676499 0 0 1258262.56909441 0 0 274.442700231791 7927066.28736813
"84" 83 6807836.98727595 12671612.4641025 0.00000367233922461594 81113.6534311351 182453.838273695 47.2602617620901 94125.424801687 147543.876282417 278.282349614765 46360.2838575473 187783.11526853 619.402649142541 130.444824315497 4372.03410548508 78.989533903957 5135613.3578133 9001994.7265562 117.195377555781 78.8479960599753 7631.07220016537 10222.7015417825 0 2760194.68789857 809453.418652956 0 17031.9767917271 3136.19520466765 0 9179.10676008818 2984.10057968858 0 7040.50663825967 3330.54459611471 0 150.368239266922 415.049459575025 0 1854087.72989427 419491.575502259 0 18.496988811424 3191.13417259386 0 0 4727759.62500424 0 0 10471.7500268987 0 0 11045.0982695866 0 0 5180.70087821165 0 0 383.235767404759 0 0 1265489.65711851 0 0 284.083049853282 8005136.9379689
"85" 84 6795134.34282799 12528825.756288 0.00000143096928255591 79932.8721364973 178075.737727927 39.7757121701997 93020.8760740243 144787.962406325 250.994354829252 45816.2523946687 184275.58851714 558.664854297367 128.89138582277 4288.64744676076 70.8184482731978 5151146.21944478 8956623.15032946 105.741601931147 79.5457362118193 7701.64227118601 10226.4608159167 0 2872609.8393815 794757.327998661 0 17706.7789667653 3042.37833714872 0 9803.3558371189 2892.35605541356 0 7519.31464056686 3228.14884188743 0 160.408953959456 402.373223113176 0 1938694.98098998 414906.907424116 0 20.8362432848997 3210.09826470443 0 0 4740328.11772727 0 0 10364.2895606204 0 0 11012.2897326953 0 0 5165.31204130528 0 0 381.841475215028 0 0 1272742.41142991 0 0 293.692099083267 8083207.58856968
"86" 85 6782642.68886456 12389364.3593309 0.000000557211984211463 78745.2837339631 173728.219779316 33.4764660542894 91903.1285180935 142012.957035232 226.262992954189 45265.7200163744 180743.763499386 503.61762947868 127.319787866456 4204.75902892101 63.454491699594 5166494.62401097 8911898.72459524 100.038867676947 80.2350681564421 7770.8491637209 10229.8302054837 0 2982336.13550374 777235.592125174 0 18352.9347727155 2949.75608918532 0 10422.3594805428 2803.56065914124 0 7994.09932000678 3129.04459948101 0 170.345533736749 390.096865048052 0 2022071.16705074 409151.637411285 0 23.3259057577048 3228.48353751152 0 0 4755759.07102408 0 0 10253.690606616 0 0 10971.1093318078 0 0 5145.99638345998 0 0 380.16775219822 0 0 1281121.85038465 0 0 303.262576449378 8161278.23917046
"87" 86 6770362.00053456 12340797.8245378 0.000000247373535952937 77551.9978360745 169508.343996891 28.1748262480545 90772.8840405383 139225.533235246 203.868970537819 44709.0324378773 177196.133208494 453.772869906759 125.731047619181 4120.57423873524 56.8244874846157 5181656.43820644 8931097.77557026 100.052114788682 80.9158968872562 7838.6860886157 10232.8483954521 0 3001761.57431552 648010.168468772 0 18913.0372455766 2828.61365564892 0 11032.1602941696 2716.72523705695 0 8461.82529689845 3032.1278776578 0 180.113252644057 378.071605424785 0 2040934.45468775 360179.375910516 0 25.9640314169819 3246.30638488676 0 0 4882941.51176357 0 0 10159.6167568565 0 0 10922.8640093233 0 0 5123.36692571641 0 0 378.261741086491 0 0 1332674.66010868 0 0 312.787890124358 8239348.8897712
"88" 87 6758291.45976739 12293063.4695517 0.000000118954541669237 76354.6762452959 165483.714924452 23.7128026840343 89630.924033113 136439.667208159 183.608210149769 44146.5745237722 173650.485537656 408.676338720451 124.126296300124 4036.53088967984 50.8607159472919 5196629.651001 8949712.78203688 99.9964293339209 81.5881331372563 7905.15163826859 10235.5505325638 0 3012614.47767613 528466.58607857 0 19347.6924896216 2659.83619381954 0 11623.1164670516 2628.48224220631 0 8915.09716385041 2933.64016861568 0 189.551365241574 365.786404144484 0 2054839.75385042 314358.773785924 0 28.7469225383996 3263.56722258383 0 8294.3937182727 5000499.11521151 0 0.928819460535217 10094.929289933 0 0.012319608259185 10871.1998997931 0 0.00436095288996414 5099.13388667212 0 0.0000580004034631269 376.256594331673 0 4948.4230021139 1381038.02419489 0 0.0000000396279745815716 322.263797487067 8317419.54037197
"89" 88 6746430.01690058 12245890.8479082 0.0000000615667901124513 75154.9217146866 161628.810353647 19.9574260433802 88478.1317590005 133668.075929351 165.291488313276 43578.7813141347 170123.005728265 367.906861084385 122.50681205676 3953.02424091876 45.5007369774058 5211412.38980542 8967557.35978046 100.00065811238 82.2516941352059 7970.25148525456 10237.968495115 0 2966991.07665334 474361.549803825 0 19636.8024900925 2472.28839500074 0 12185.2691018004 2536.45215614785 0 9346.27630361956 2830.92569984467 0 198.494645229173 352.884716907798 0 2034996.95657151 293548.808633308 0 31.6683921564655 3280.24423473773 0 73066.7132614737 5052667.14315017 0 28.3417026654749 10041.1774065855 0 1.32871907299323 10818.7996978917 0 0.470346228501231 5074.55558366533 0 0.00624526410798219 374.249050509633 0 43819.2201262548 1404352.60659234 0 0.0000152337949181805 331.689213364105 8395490.19097268
"90" 89 6734776.73725604 12199274.0842223 0.0000000340360000596002 73953.9765342152 157921.547317549 16.7967852465069 87315.4527309759 130920.459899802 148.743919792928 43006.1185092869 166626.039872474 331.07517631329 120.873960419664 3870.35159440361 40.6871650464522 5226002.9345048 8984637.87987749 100.001465745928 82.9065042557281 8033.99691829624 10240.1311526938 0 2892212.01568068 454340.84065605 0 19753.9001242441 2294.87877358225 0 12706.7540994163 2440.89081142299 0 9746.26278198053 2724.27000518171 0 206.746408001351 339.414199756438 0 1997354.75492053 285852.530937882 0 34.7195372455238 3296.30862841134 0 167016.331431945 5070789.80811269 0 109.954817050405 9979.79337747144 0 9.00391718269873 10765.7557784092 0 3.18724896383072 5049.67534507081 0 0.0422485706260148 372.239881119739 0 100655.966899202 1414515.09357449 0 0.000182546539693896 341.064253611124 8473560.84157335
"91" 90 6723330.72494934 12153207.5679896 0.0000000199718843900772 72752.8525382945 154343.035513578 14.1366924774667 86143.8542151717 128204.051351893 133.804330407506 42429.0625238906 163168.792629683 297.822541874771 119.229133984885 3788.7306622467 36.3674112599109 5240399.72414403 9000962.80220002 100.010306731149 83.5524953131434 8096.40339930325 10242.0646137281 0 2807012.57381895 446846.801543429 0 19709.2186538937 2136.21459057555 0 13176.4281218694 2343.28977722564 0 10106.5094987176 2615.33781997526 0 214.123160437451 325.609802406164 0 1953015.73320555 282987.409629723 0 37.8885174205351 3311.73919099162 0 271415.673985267 5076420.77290538 0 247.882627703389 9905.39039796094 0 29.1627186266433 10710.9372913482 0 10.3231563373172 5023.96274594967 0 0.136602608693422 370.185061326305 0 164346.961323513 1419807.75498737 0 0.000862762195357163 350.388359853453 8551631.49217414
"92" 91 6712091.02499435 12107685.6804346 0.0000000123632016534426 71552.4563327627 150877.384821113 11.8978763655951 84964.3057549854 125524.094589495 120.324556333328 41848.0908942464 159757.938568449 267.819173774181 117.573723809218 3708.31554658971 32.4934053685663 5254601.35869321 9016542.15579081 99.9972961886978 84.1896066190018 8157.4893997634 10243.7924595231 0 2718255.50554109 443958.151005441 0 19524.8094589146 1997.02540486924 0 13585.9345547569 2245.2631834512 0 10420.6068106357 2505.93066915966 0 220.489361228962 311.722713284652 0 1906072.88346766 281907.457508995 0 41.1610744937088 3326.52634400504 0 379404.517012564 5077479.82030906 0 435.152453155016 9817.69013819909 0 66.8715478262803 10653.0805061468 0 23.6715051009815 4996.82503376394 0 0.31269201453616 368.036235983149 0 230789.022738386 1423276.48641202 0 0.00263137367860251 359.659768091724 8629702.14277486
"93" 92 6701056.58966609 12062702.6157543 0.00000000803412042010338 70353.6363536024 147511.339455635 10.0136196805993 83777.7704760733 122884.254675024 108.16869971524 41263.6779956778 156398.142313668 240.76258968876 115.90910700416 3629.21025090161 29.021307746879 5268606.59861661 9031387.0380266 100.000059243691 84.8177849361949 8217.27547760091 10245.3359640464 0 2628452.88335937 442764.213334953 0 19224.0720031503 1875.5717121537 0 13929.9178462178 2148.19940648743 0 10684.4469325866 2397.59811494031 0 225.760620558323 297.96735909174 0 1858029.5290158 281492.70445567 0 44.5213000094688 3340.67140371853 0 488471.496140703 5076877.01631936 0 662.75978354255 9718.00728225226 0 125.663926510702 10591.1300082265 0 44.4831079001646 4967.76716654109 0 0.586582818519707 365.75326213788 0 298467.997202229 1426041.22234322 0 0.00622480221219107 368.875591153477 8707772.7933756
"94" 93 6690226.26929118 12018252.4219985 0.00000000545367971139993 69157.2003564872 144233.89312158 8.42777114390166 82585.2005332566 120286.956031747 97.212363769176 40676.2927999621 153092.489494951 216.375906453971 114.236640522463 3551.47980952771 25.9112189945089 5282414.36339416 9045509.30991723 99.9969818397677 85.4369843855372 8275.78355448434 10246.7142991566 0 2538522.49788982 442195.443053329 0 18828.4375501627 1769.54028823435 0 14205.6463782011 2053.18853420704 0 10895.9346743163 2291.55680071669 0 229.896913819455 284.510843846242 0 1809432.356624 281331.500179283 0 47.952359836886 3354.18454172235 0 597698.818367144 5075681.60527106 0 922.016649082093 9608.01839982728 0 207.627640307371 10524.3098451776 0 73.4970089133963 4936.42518397647 0 0.967497271322333 363.306715268453 0 366826.004037235 1428513.73973427 0 0.0124818039177508 378.032067764202 8785843.44397638
"95" 94 6679598.81187571 11974328.948562 0.00000000385061139029934 67963.9221353337 141035.937498429 7.09307210773977 81387.5342506633 117733.659246361 87.341885177965 40086.3974667443 149842.839040823 194.406131525147 112.557657448258 3475.15933208528 23.1268929235737 5296023.72944772 9058921.27849157 99.9955095173629 86.0471663266077 8333.03635706951 10247.9447253075 0 2448798.0256294 441858.817802863 0 18356.5595422137 1676.67873443393 0 14412.5083502964 1961.03995181851 0 11054.6007761283 2188.71007859117 0 232.89373757136 271.476160181412 0 1760474.94219037 281272.463711614 0 51.4370957465556 3367.08263701048 0 706752.57110102 5074286.40761914 0 1205.23374732274 9489.35045928626 0 313.645730135909 10452.106495453 0 111.025791119724 4902.55821890312 0 1.45899965363273 360.677140885153 0 435658.216488238 1430845.59794756 0 0.0222923625414484 387.124825753928 8863914.09457721
"96" 95 6669172.8659404 11930925.8721201 0.00000000281698971698955 66774.5442724047 137909.95642946 5.96974823669783 80185.694040603 115225.085504204 78.4535772325556 39494.4463185056 146650.108823533 174.622478356333 110.873464414497 3400.26129038907 20.6354571771577 5309433.92766439 9071635.4938329 100.001999880346 86.6482992220163 8389.05699088008 10249.0427680121 0 2359399.14122109 441609.904784782 0 17824.3465553547 1594.98225803754 0 14551.5329741395 1872.32456083153 0 11161.2346581206 2089.69512981397 0 234.773789834962 258.949080662091 0 1711220.82330794 281259.77196442 0 54.9584961789627 3379.38738392287 0 815512.745680262 5072835.67832494 0 1505.82789088503 9363.46032250367 0 443.652781640213 10374.2277922337 0 157.04629883763 4866.02923053967 0 2.06023950654752 357.853438243333 0 504889.984557862 1433092.86058738 0 0.0365567115021408 396.149112819619 8941984.74517792
"97" 96 6658946.98452259 11888036.7263491 0.00000000212719245130194 65589.7793966717 134849.765047379 5.02432422344366 78980.5847458298 112761.397413478 70.4529936706516 38900.8850240652 143514.505798973 156.814727847578 109.185339614477 3326.78134887868 18.4071445155035 5322644.34061267 9083664.59850789 99.9906386428709 87.2403584895242 8443.86862068986 10250.0223805279 0 2270367.09832923 441395.61583747 0 17245.2475284954 1522.72536398117 0 14624.9792776165 1787.41932313753 0 11217.5690271066 1994.93268028114 0 235.579876643891 246.985307492626 0 1661686.00443264 281272.635164288 0 58.5000506781926 3391.1237328258 0 923937.693785803 5071382.32509106 0 1818.24418406257 9231.61493159716 0 596.863662503843 10290.559632606 0 211.280607236038 4826.78469894007 0 2.76705244312702 354.831184782794 0 574494.472944961 1435276.63485705 0 0.0561539678233303 405.099985056383 9020055.39577872
"98" 97 6648919.62959693 11845654.8768185 0.00000000165285060195638 64410.3108639204 131850.289039138 4.22862621694858 77773.0922566153 110342.343822979 63.2542203634034 38306.1499174372 140435.710320157 140.791651776606 107.494531186027 3254.70299835924 16.4150368490679 5335654.4995075 9095021.17611692 99.970590834756 87.8233263445222 8497.4942358457 10250.8960933568 0 2181714.42590452 441196.427083461 0 16630.5846875989 1458.44317912734 0 14635.9973033415 1706.54720456648 0 11226.020010986 1904.6715814038 0 235.369108431327 235.616832214232 0 1611869.54405851 281302.994091071 0 62.0460073514587 3402.3186460884 0 1032014.48907589 5069945.67955111 0 2137.8298145806 9094.90411617291 0 771.965148114863 10201.1272357879 0 273.263854888664 4784.83645317284 0 3.57287611761723 351.611148579857 0 644462.216878511 1437405.29420231 0 0.0819189867608399 413.972455527835 9098126.04637953
"99" 98 6639089.17663426 11803773.5433455 0.00000000131806446190207 63236.7932042256 128907.378520525 3.55894223530178 76564.082332722 107967.375062832 56.7791997713818 37710.6674176092 137413.022807242 126.379509168559 105.802255865525 3184.00121172557 14.634823345302 5348464.08096362 9105717.66877952 99.9700108022913 88.3971916345831 8549.95648286367 10251.6751512363 0 2093443.0907615 441005.147121796 0 15989.8673271622 1400.89935332185 0 14588.3547508485 1629.81096176165 0 11189.4774893815 1819.02651952508 0 234.208252640103 224.857282839159 0 1561764.88410556 281347.389861399 0 65.5815518801444 3413.00012579944 0 1139740.76260009 5068532.72624658 0 2460.70586824756 8954.26201993036 0 967.271873083259 10106.062457839 0 342.399448225842 4740.24634029327 0 4.46949054634055 348.19804087097 0 714789.865644353 1439482.61442301 0 0.114625950747469 422.761608473661 9176196.69698034
"100" 99 6629453.91918849 11762385.857444 0.00000000107562217887359 62069.8524739094 126017.651424275 2.99531554324869 75354.399592057 105635.733980007 50.9570913306808 37114.8535304161 134445.479610919 113.420622639257 104.109697856655 3114.64530361786 13.0445733504669 5361072.90356755 9115766.3484871 99.9570803847436 88.9619496673579 8601.27755089004 10252.3696383491 0 2005551.09330831 440819.115209316 0 15331.0680966935 1349.05312840276 0 14486.2193725286 1557.22099761385 0 11111.1381881993 1738.00910527632 0 232.170065222438 214.706307689531 0 1511364.02899349 281404.073068445 0 69.0929241630301 3423.19646684803 0 1247118.06530881 5067145.90390267 0 2783.65143122915 8810.48897821698 0 1180.85117373788 10005.5769288847 0 418.003253868923 4693.11362536446 0 5.44760631731701 344.5994965398 0 785476.02149906 1441510.73577803 0 0.154977353576766 431.462685100087 9254267.34758114
"101" 100 6620012.07346268 11721484.8088638 0.000000000896383790993472 60910.0865712684 123178.361857095 2.52094993693147 74144.8666417463 103346.527238634 45.7236695510599 36519.1134205617 131531.943758263 101.772038678165 102.418007879814 3046.60114478268 11.6245244169878 5373480.92429381 9125179.22398453 99.9566773230466 89.5176020328904 8651.47909832088 10252.9885925038 0 1918034.95394888 440637.334419869 0 14660.860056034 1302.0294869323 0 14333.9876806302 1488.71802136379 0 10994.3742954397 1661.55316444096 0 229.330430547273 205.153121238967 0 1460659.16135432 281471.81583975 0 72.5674860220504 3432.935693461 0 1354149.44892655 5065785.97255146 0 3104.00305459343 8664.27131914604 0 1410.6218176157 9899.94028162753 0 499.33854735935 4643.56477954535 0 6.49732585485806 340.825252590716 0 856519.705533185 1443491.22846984 0 0.203597243753754 440.071146317185 9332337.99818191
"102" 101 6610761.78282966 11681063.302169 0.000000000761243863029202 59758.0655441956 120387.289508389 2.12170921318774 72936.2833344457 101098.780581512 41.0207605401885 35923.8410453241 128671.175285563 91.3042734604191 100.728302378583 2979.83285530406 10.3568853849432 5385688.23478754 9133968.04872393 99.9716009693901 90.0641564212446 8700.58221110874 10253.5401090464 0 1830890.54753005 440459.418226129 0 13984.817970471 1259.09325794157 0 14136.1516512675 1424.1913231912 0 10842.6312212583 1589.53513416188 0 225.766160669 196.179346245199 0 1409643.18100596 281549.613043933 0 75.9937509885588 3442.24514345025 0 1460838.58786624 5064453.0675285 0 3419.56895361095 8516.19853135883 0 1654.43119151763 9789.46267035537 0 585.643336549805 4591.74528063548 0 7.60850055322472 336.886492600855 0 927919.79849802 1445425.46596588 0 0.261027787697212 448.582716990655 9410408.64878268
"103" 102 6601701.12229242 11641114.1648125 0.00000000065746487005019 58614.3319047481 117642.646787228 1.78569590747419 71729.4261367348 98891.4811071963 36.7957168517303 35329.4188434666 125861.885045524 81.9001439603025 99.0416628656963 2914.30407884764 9.22565421167711 5397695.05753327 9142144.30442028 99.9886660608243 90.6016264362458 8748.60738512396 10254.031435252 0 1744113.42489627 440285.203451997 0 13307.5885348305 1219.62704590026 0 13897.1963746929 1363.4934072144 0 10659.3490942559 1521.7903947828 0 221.553328227867 187.761274324766 0 1358309.90420439 281636.549970108 0 79.3613851210357 3451.15117041225 0 1567189.4620081 5063147.08720269 0 3728.5562573575 8366.77789669946 0 1910.11488434139 9674.48084632837 0 676.151453015698 4537.81308173825 0 8.77100330696246 332.795328090258 0 999674.845210734 1447314.74820195 0 0.327728386135521 456.993415504011 9488479.29938343
"104" 103 6592828.10287298 11601630.1497 0.000000000576416977300515 57479.4009596208 114943.000991021 1.5028967467126 70525.047599118 96723.6090839099 33.0009299420667 34736.2174741926 123102.775197705 73.4536827742771 97.3591353947587 2849.97892183354 8.21645005877262 5409501.74192725 9149719.18980069 99.9939874446075 91.130031406047 8795.57452644829 10254.469055925 0 1657698.93700613 440114.608096865 0 12633.034038694 1183.11255542784 0 13621.5227681747 1306.45162583986 0 10447.9034811465 1458.12625490669 0 216.766028570735 179.87164993516 0 1306654.12051331 281731.750154844 0 82.6611860764699 3459.67893939646 0 1673206.24197035 5061867.83586737 0 4029.50947589157 8216.44687516508 0 2175.54197073357 9555.34715603481 0 770.108581775357 4481.93345089531 0 9.97493275906475 328.564391874769 0 1071782.9957478 1449160.33640679 0 0.404076722886508 465.299571748208 9566549.94998423
"105" 104 6584140.67592111 11562603.9467828 0.000000000512126593331122 56353.7611618547 112287.20905777 1.26488425147042 69323.8759189944 94594.1613730577 29.593379070631 34144.595601893 120392.569020256 65.8691340604365 95.6817301466891 2786.82262618286 7.31635901627097 5421108.76026978 9156703.62367531 99.9714725902849 91.6493961911633 8841.5029647186 10254.8587709102 0 1571642.27777643 439947.579142991 0 11964.3536025199 1149.11483829041 0 13313.3904841877 1252.87735757074 0 10211.5615965193 1398.33219471682 0 211.475485132418 172.481065876525 0 1254671.58282808 281834.370351506 0 85.8850462283675 3467.85229603334 0 1778893.24622818 5060615.07665522 0 4321.25849410966 8065.58355773567 0 2448.64874109425 9432.42092889824 0 866.784201195738 4424.27493149263 0 11.2107627575489 324.206522499282 0 1144241.99888194 1450963.45832117 0 0.490371246381028 473.497836080957 9644620.60058503
"106" 105 6575636.73733621 11524028.143219 0.000000000460779585530446 55237.8744870102 109674.362966116 1.06456559515318 68126.6145893436 92502.1681657957 26.534215159529 33554.8997231097 117730.032211014 59.0600272905643 94.0104211217395 2724.8020317482 6.51379275841657 5432516.70369218 9163108.21247296 99.9928671931214 92.1597509905703 8886.41147565189 10255.2057651811 0 1485938.55341131 439784.073428095 0 11304.1854616956 1117.26902318342 0 12976.8770032261 1202.57318033866 0 9953.45092644021 1342.18787210829 0 205.749427602815 165.559043491799 0 1202359.0123594 281943.513098663 0 89.0259044505435 3475.69369284628 0 1884254.92276802 5059388.55138418 0 4602.87461657265 7914.51547927289 0 2727.46314460405 9306.06181024643 0 965.480235450171 4365.00621509092 0 12.4694481047086 319.734522416459 0 1217049.21591582 1452725.30483555 0 0.586834684128408 481.585181318824 9722691.25118582
"107" 106 6567314.13169609 11485895.3573422 0.000000000419057689941154 54132.1768351354 107103.744036241 0.895971236155701 66933.9421268675 90446.7044224918 23.7883779123342 32967.4640326362 115113.987446809 52.9483250306792 92.3461459293539 2663.88587394883 5.79835937378062 5443726.27803217 9168943.35950277 99.9954111342445 92.661131146413 8930.31830970803 10255.5146721374 0 1400582.66988293 439624.050669767 0 10654.6933223714 1087.26914358282 0 12615.8496224384 1155.33841524679 0 9676.53774333165 1289.46931004096 0 199.651685396376 159.074858006073 0 1149713.95365157 282058.453445125 0 92.0776902255963 3483.22415956392 0 1989295.83839885 5058187.9882434 0 4873.6334029201 7763.52704683509 0 3010.12180967707 9176.62467172506 0 1065.53707949832 4304.29375415635 0 13.7424956701937 315.160975615354 0 1290201.64266236 1454447.02529065 0 0.693618272187394 489.558899429078 9800761.90178661
"108" 107 6559170.6562878 11448198.1389338 0.000000000384793581651977 53037.0784591688 104574.78483051 0.754077024162036 65746.5118740938 88426.8971561928 21.3242443577692 32382.6103260463 112543.323653338 47.4636406672926 90.68980566914 2604.0449537479 5.16074558765464 5454738.29967024 9174219.1918358 99.9774003151141 93.153576947829 8973.24122451702 10255.7896307022 0 1315569.45183614 439467.470952433 0 10017.6392385388 1058.85873453486 0 12233.9476426249 1110.97335058274 0 9383.61344314461 1239.95361094596 0 193.241949548583 152.998158753067 0 1096734.80872317 282178.447156179 0 95.0352629542722 3490.46330679823 0 2094020.6699017 5057013.10500595 0 5132.98322705348 7612.86580175934 0 3294.88117090193 9044.45579562232 0 1166.33753785316 4242.29997231893 0 15.0220082674379 310.49811295265 0 1363695.93466347 1456129.72370821 0 0.810806448595762 497.41659426209 9878832.55238743
"109" 108 6551204.06503617 11410928.9863799 0.000000000356539805612533 51952.964419475 102087.037400737 0.634654479321126 64564.9518705417 86441.9294874287 19.1133069134528 31800.6479362372 110017.001165819 42.5425218396206 89.0422648970078 2545.25220994865 4.59260958984961 5465553.69133921 9178945.58085568 99.9841536784355 93.6371334343663 9015.19751924415 10256.0343367734 0 1230893.64418982 439314.293854816 0 9394.4451701876 1031.82291943806 0 11834.5725527543 1069.28240158578 0 9077.28701674159 1193.42248333121 0 186.575665030779 147.29942512651 0 1043420.77644928 282302.747301758 0 97.8943487049511 3497.42935454929 0 2198434.19518464 5055863.61058886 0 5380.51866037351 7462.74770041007 0 3580.1239530967 8909.89008326337 0 1267.30911983721 4179.18195497045 0 16.3007073104804 305.757715560505 0 1437528.4335413 1457774.45646162 0 0.938421814193375 505.156171397576 9956903.20298816
"110" 109 6543412.07232672 11374080.4171855 0.000000000332997184909009 50880.1950634864 99640.1468224775 0.53414478258368 63389.8647884878 84491.0422210931 17.1298790435273 31221.8737017926 107534.053735938 38.1277952904319 87.4043516710947 2487.48271789692 4.08648369147614 5476173.47791759 9183132.20711786 99.9966149363471 94.1118501994321 9056.20406950467 10256.2520895402 0 1146549.86042185 439164.478178186 0 8786.24504250295 1005.98175133839 0 11420.8844219288 1030.07641616007 0 8759.98228248238 1149.66481518031 0 179.704022777008 141.950291697734 0 989771.74759957 282430.717001382 0 100.65147612702 3504.13917871553 0 2302541.28400564 5054739.20599911 0 5615.95792142598 7313.36156954301 0 3864.36203245538 8773.24908230245 0 1367.92505238466 4115.09052396644 0 17.5719391277581 300.951048463527 0 1511695.1934809 1459382.23131068 0 1.07643020850527 512.775825958906 10034973.8535889
"111" 110 6535792.35672021 11337644.9562062 0.000000000313086142088562 49819.1065289936 97233.8292933529 0.449552722083635 62221.8279292046 82573.533552242 15.3508265999492 30646.5719651307 105093.588157399 34.167968883758 85.7768576724778 2430.71363390227 3.63568605587804 5486598.78221753 9186788.55996691 99.9671139425397 94.5777811941953 9096.27736179099 10256.4458331418 0 1062532.61310343 439017.98189526 0 8193.92873289251 981.18461028872 0 10995.8030465035 993.17429908239 0 8433.93876608105 1108.47848672515 0 172.67402669448 136.92376981498 0 935788.265664341 282561.793982565 0 103.303912836437 3510.60837019382 0 2406346.88828955 5053639.5850447 0 5839.12375434158 7164.87286760801 0 4146.23650405155 8634.83966481722 0 1467.70430393658 4050.16961758636 0 18.8296688705529 296.088817991925 0 1586192.0073086 1460954.00756292 0 1.22474578413708 520.274029070946 10113044.5041897
"112" 111 6528342.56455633 11301615.047244 0.000000000296406317947592 48770.011269499 94867.8539755482 0.378357435141927 61061.3932758077 80688.7573913883 13.7553229810645 30075.0145985322 102694.782134494 30.6166866352728 84.1605383960012 2374.92410084736 3.23424077844431 5496830.82077685 9189923.8745213 99.993732537788 95.0349845323283 9135.43352666013 10256.6181941035 0 978836.420916293 438874.7621783 0 7618.17931586438 957.305489656179 0 10562.0126768198 958.404096016463 0 8101.21532607812 1069.67158031079 0 165.52861580487 132.194387935653 0 881471.551232764 282695.315712085 0 105.849603247095 3516.8513022995 0 2509856.0322026 5052564.43495157 0 6049.92719962187 7017.4268625298 0 4424.51562754705 8494.9532188376 0 1566.2108572533 3984.55591132066 0 20.0684651823879 291.181147778784 0 1661014.43183045 1462490.69711337 0 1.38323599197481 527.64951349144 10191115.1547905
"113" 112 6521060.31344501 11265983.2492178 0.000000000282099566539749 47733.1985996499 92542.0280425003 0.318437285984336 59909.0875990619 78836.120699149 12.3246263052111 29507.4610562545 100336.880889826 27.4322327438571 82.556113406771 2320.0951271515 2.87680562500087 5506870.89966427 9192547.29889534 99.97884541987 95.4835222959525 9173.68837015029 10256.7715149536 0 895455.630776694 438734.775454315 0 7059.50459150641 934.239030679303 0 10121.9693798762 925.603652764216 0 7763.69580111472 1033.06311618344 0 158.306825724455 127.738268762629 0 826823.297232678 282830.859758219 0 108.287108554599 3522.88120316944 0 2613073.80213009 5051513.43693768 0 6248.35380585992 6871.15131890303 0 4698.09119321742 8353.86524136567 0 1663.05242304288 3918.37862697665 0 21.2834781630577 286.237569119128 0 1736157.81228492 1463993.16610068 0 1.55172641261661 534.901258827762 10269185.8053912
"114" 113 6513943.19565621 11228748.5019007 0.000000000269950565796406 46708.9352466795 90256.0274030107 0.268006640511875 58765.4126126167 77015.0796988905 11.0418768753628 28944.1584509904 98019.1923440424 24.5770807870979 80.9642666579884 2266.20943450756 2.55860677688078 5516720.41030646 9193035.85649771 99.9985362102096 95.9234603431332 9211.05740306893 10256.9078843893 0 816487.138465218 438597.977471716 0 6518.46236052032 911.897186493884 0 9677.91100376519 894.620943765332 0 7423.09665279907 998.483419127784 0 151.043989229227 123.533157810754 0 774994.097910253 282968.016238646 0 110.615549371537 3528.71023056681 0 2713896.39332793 5050486.26676228 0 6434.38536003161 6726.15877017623 0 4965.9734262753 8211.83524193777 0 1757.87863616966 3851.75948744444 0 22.4704111483254 281.267022282389 0 1810100.87821968 1465462.0935994 0 1.73000538760524 542.02847665549 10347256.455992
"115" 114 6506988.81523959 11115332.4074857 0.000000000259459800747009 45697.4335303862 87964.6145871345 0.225562653997741 57630.8442212767 75223.9814561364 9.89191329852229 28385.341183614 95739.6127623553 22.0174844386465 79.3856454444206 2213.21438411215 2.27537997105359 5526380.82531152 9130200.08801134 99.9991703569275 96.35486811564 9247.55570968358 10257.0291643264 0 895375.856586286 438464.324335259 0 6052.20518367495 890.20548956929 0 9233.75201405831 865.314128194476 0 7082.42033241122 965.774181076891 0 143.803909038362 119.558412446299 0 844118.252261012 283097.859043445 0 112.834677938782 3534.34954709076 0 2733457.01470067 5049482.60253145 0 6589.0323812525 6582.54148464789 0 5226.45569311384 8069.10667981225 0 1850.08537444049 3784.81268723482 0 23.6215899719329 276.277858525591 0 1825905.27307941 1466906.80435044 0 1.91782005771154 549.030595738702 10425327.1065928
"116" 115 6500194.8818145 11002302.8203723 0.000000000250363798306204 44698.7752744531 85638.051817979 0.189840485972031 56505.8239357256 73457.6367197432 8.86110571684671 27831.2267146113 93491.5376433097 19.7231062729814 77.8208476916392 2160.9448381708 2.02331746466019 5535853.69359454 9066602.56943597 99.9848029415552 96.7778184133738 9283.19652671728 10257.1370141426 0 974517.686168419 438333.775140036 0 5697.72797249204 869.098523419425 0 8799.02576239506 837.551265611896 0 6748.97905749661 934.788143750785 0 136.745323008053 115.794941066282 0 913550.973657396 283238.260150007 0 114.945980806087 3539.80939374816 0 2752791.01522022 5048502.14449336 0 6700.03753790272 6440.35680782228 0 5475.37515827811 7925.90540684418 0 1938.19905777674 3717.64416211001 0 24.7178359119826 271.277786506019 0 1841659.69910913 1468309.76735199 0 2.11480426370854 555.907246695792 10503397.7571936
"117" 116 6493559.11656001 10889840.9978726 0.000000000242483469747868 43713.0198930991 83291.5914334024 0.159775607687529 55390.7536911892 71711.5193243676 7.93720470343725 27282.0130120784 91269.2064128316 17.666681436683 76.2704144158195 2109.25800593017 1.79902029405098 5545140.63404206 9002411.10747032 99.9734561275617 97.1923870989228 9317.99044112398 10257.2329123894 0 1053523.93064052 438206.289215363 0 5435.0154729906 848.521050398113 0 8382.00623281047 811.209954647148 0 6429.11909257165 905.388695392586 0 130.004746750253 112.225132830906 0 982991.135969062 283376.91421499 0 116.953279242453 3545.09916020098 0 2772097.86441221 5047544.59435932 0 6774.25983364483 6299.65191390882 0 5709.13722927922 7782.43898703365 0 2020.94725541819 3650.35126991793 0 25.7427420438752 266.273851110239 0 1857503.89169318 1469683.61489897 0 2.32043944604471 562.658245349706 10581468.4077944
"118" 117 6487079.22362353 10777933.7457951 0.000000000235710103009487 42740.2330210457 80937.9850143444 0.134472078920418 54286.0000100668 69982.5667405353 7.10920447209002 26737.8806019733 89068.7213061357 15.8237131798134 74.7348361148739 2058.05864637917 1.59945533829304 5554243.32925441 8937633.19698696 99.9978540559625 97.5986528069388 9351.9461161758 10257.3181762308 0 1132403.30270382 438081.825282757 0 5247.27149671573 828.427138974103 0 7988.41999054894 786.177044335994 0 6127.23279537562 877.449548592601 0 123.674974286568 108.832800556879 0 1052444.38203339 283506.378867071 0 118.862107287218 3550.2274521718 0 2791374.095343 5046609.64898665 0 6817.48821871304 6160.47096315041 0 5925.28210403216 7638.8980981386 0 2097.45923505049 3583.02344801837 0 26.6852938724445 261.272488737824 0 1873431.08900182 1471036.10142877 0 2.53409619908561 569.283576707122 10659539.0583952
"119" 118 6480752.89136041 10666568.0526118 0.000000000229719217739311 41780.4843860454 78587.864551583 0.113175848747484 53191.8982863478 68268.8627597613 6.36721914537585 26198.9946783506 86887.6435124235 14.1721974526108 73.2145592720856 2007.28851623847 1.42191673561113 5563163.52003283 8872275.72994966 99.9855840342113 97.9966966903126 9385.07097739143 10257.393978834 0 1211146.64260739 437960.341476387 0 5120.41798026216 808.778670952588 0 7621.98533524794 762.348274360109 0 5846.17215510148 850.854338761061 0 117.814578089489 105.603114525397 0 1121904.18633607 283650.089463257 0 120.679127573789 3555.20215600761 0 2810633.95920376 5045697.00053755 0 6834.61075151273 6022.85543221997 0 6122.24718919003 7495.45800035891 0 2167.1818625294 3515.74290216898 0 27.5387092761791 256.279584272414 0 1889447.29621161 1472344.20859672 0 2.75507331903453 575.783380401499 10737609.7089959
"120" 119 6474577.79382947 10555730.9673072 0.000000000224498042761356 40833.8457841247 76250.0752902725 0.0952522846567655 52108.7563922218 66569.3792210933 5.70237091792051 25665.5068797512 84724.6644632096 12.6923739785973 71.7099917916165 1956.91782165494 1.26399123801584 5571903.00052041 8806345.15502918 99.9841914524868 98.3866021984048 9417.37174335099 10257.4613649241 0 1289775.49194506 437841.795373111 0 5042.66173417711 789.544076351431 0 7284.85107032471 739.627854335132 0 5587.58533481332 825.496154572934 0 112.455603212082 102.522528637392 0 1191387.33764937 283777.955492019 0 122.411676129918 3560.03049998065 0 2829860.97784723 5044806.33670995 0 6829.75921047053 5886.84432635151 0 6299.17389792601 7352.2798794687 0 2229.81121125069 3448.58523652113 0 28.2994996561571 251.300522723802 0 1905535.66981585 1473638.32386368 0 2.98262833048256 582.157937499882 10815680.3595967
"121" 120 6468551.59239719 10445409.6941129 0.000000000219937562748656 39900.3892774533 73931.9554697929 0.0801672603540886 51036.8576959 64883.7664922177 5.10668904080384 25137.5567755927 82579.3391719135 11.3665014134022 70.2215075121807 1906.93831855165 1.12352712423425 5580463.61389143 8739847.75488667 99.9924579195376 98.7684548819808 9448.85483107662 10257.5212646883 0 1368263.62835671 437726.144027506 0 5004.13933455909 770.697264151901 0 6977.95407107759 717.928003724048 0 5352.19093131249 801.27702446681 0 107.609804261265 99.578702090593 0 1260875.48605467 283942.998271997 0 124.067411648193 3564.71911204796 0 2849086.31494713 5043937.34100571 0 6806.42447372459 5752.47432401645 0 6455.74958693129 7209.51206760315 0 2285.23661026502 3381.62002622971 0 28.9667060008791 246.340235770703 0 1921714.71242722 1474865.77166869 0 3.21600110255092 588.407658542108 10893751.0101975
"122" 121 6462671.93750312 10335591.5943238 0.000000000215847847111443 38980.1855290284 71639.5713094112 0.0674712386777894 49976.4635734008 63212.1841310853 4.57301863794142 24615.273103317 80451.8707122905 10.1786543876761 68.7494499333451 1857.35776657751 0.998606323856776 5588847.24849894 8672789.79657529 99.9636248801341 99.1423422202595 9479.52666036676 10257.574506201 0 1446643.69747893 437613.344013003 0 4996.6084331748 752.216716733946 0 6701.3078088199 697.168469416105 0 5139.99927728969 778.107378216349 0 103.273649986767 96.7604190504208 0 1330394.26220479 284095.395775883 0 125.654049096972 3569.2740739215 0 2868282.14797692 5043089.69304513 0 6767.55987689331 5619.77985603237 0 6592.08023024687 7067.29114767078 0 2333.49557276202 3314.9113354775 0 29.5412869250814 241.403243522269 0 1937959.01624324 1476076.76557157 0 3.45443187566854 594.533072688423 10971821.6607982
"123" 122 6456936.47043537 10226264.108397 0.000000000212283869342925 38073.3023931272 69377.9147927267 0.0567858752888476 48927.8154879708 61555.1646106763 4.09493844576255 24098.7747925828 78342.9367772245 9.11454041153601 67.2941352732832 1808.19549243192 0.887519436289823 5597055.83440216 8605177.57468814 99.9565843536191 99.5083534661613 9509.39387708901 10257.621826522 0 1524916.70088364 437503.351464571 0 5013.19947800415 734.084726372855 0 6454.2363289864 677.276034251822 0 4950.49190589099 755.90549839671 0 99.4323563727717 94.0575082089024 0 1399945.755913 284240.348896262 0 127.179161084292 3573.70097140176 0 2887452.2588994 5042263.0688931 0 6715.66059645567 5488.79316179179 0 6708.58641459192 6925.74294867782 0 2374.73698000721 3248.51818433176 0 30.0256219903309 236.493691852515 0 1954266.74965028 1477266.39100786 0 3.69717479092186 600.534817859525 11049892.311399
"124" 123 6451342.82518371 10117414.8398528 0.000000000209222007467604 37179.8036570086 67151.0699758605 0.047792743923385 47891.1367061041 59913.5042122778 3.66668664322215 23588.1718104693 76253.5508156263 8.16133478652676 65.855854967972 1759.47886088726 0.788743356648398 5605091.3402082 8537017.55760294 99.9910288061166 99.8665795064627 9538.46351181619 10257.6638816072 0 1603084.51758579 437396.122124642 0 5048.18928937762 716.286749639774 0 6235.56131088107 658.184026780759 0 4782.76502822938 734.596973226835 0 96.0630892593642 91.4607636693057 0 1469532.5569184 284381.413670165 0 128.650033513392 3578.00494100459 0 2906599.43681659 5041457.14140986 0 6652.8417340689 5359.54431377365 0 6805.92028091842 6784.98344078526 0 2409.19167992281 3182.49496857065 0 30.4231177397218 231.615385706763 0 1970635.47477507 1478431.41813244 0 3.94350779975384 606.413631763047 11127962.9619998
"125" 124 6445888.63032144 10009031.6086458 0.000000000206381140288106 36299.7479564654 64962.3530075744 0.0402238472174329 46866.633704832 58288.1761910046 3.28309401008119 23083.5658546189 74184.951515824 7.30753182889043 64.4348776990107 1711.24048654746 0.700921247165952 5612955.77017218 8468316.48338177 99.9584282471656 100.217112734095 9566.74308719324 10257.7012551545 0 1681150.71889784 437291.611390701 0 5096.82320185878 698.810862553608 0 6043.75124655757 639.831839929025 0 4635.64395572738 714.114159355894 0 93.1374992159191 88.9618681995643 0 1539158.28686925 284519.067814313 0 130.073564222323 3582.19071296836 0 2925724.61294365 5040671.58061456 0 6580.89563946465 5232.0612267898 0 6884.89912262229 6645.11953785162 0 2437.14898187011 3116.89183611563 0 30.7378951182741 226.771818729288 0 1987061.52112698 1479571.82451987 0 4.192739710238 612.170343709653 11206033.6126005
"126" 125 6440571.51089531 9901102.25252721 0.000000000204005746589349 35433.1878553485 62814.4300544053 0.0338536303244173 45854.4973222769 56680.262167734 2.93952371748126 22585.0509199276 72138.515486207 6.54281085503896 63.0314510320341 1663.51604882984 0.622844617104312 5620651.16150914 8399081.22239674 99.9983744787851 100.560046930271 9594.24068495033 10257.7344664977 0 1759111.29397745 437189.774363792 0 5155.15580201867 681.647301168917 0 5877.03957642018 622.164464328721 0 4507.77371181856 694.395661013838 0 90.6237119066981 86.5533196099019 0 1608820.5098997 284667.024625256 0 131.456195567863 3586.26265076985 0 2944836.34051031 5039906.05405568 0 6501.34631350255 5106.36965921112 0 6946.45264875838 6506.24981618748 0 2458.93798863423 3051.75502416318 0 30.974543332726 221.966199588117 0 2003547.21153932 1480674.10511828 0 4.44421496316694 617.805867131059 11284104.2632013
"127" 126 6435389.09031551 9793614.92165435 0.000000000201756985282798 34580.1690716768 60709.41670386 0.0284922593293354 44854.9036944504 55090.8983974995 2.63181711620232 22092.7137599533 70115.6888695449 5.85791551670841 61.6458027331992 1616.34259672161 0.553437296593704 5628179.58187849 8329319.04095481 99.9649116767419 100.895477154532 9620.96498143802 10257.7639776491 0 1836975.49134488 437090.565897582 0 5219.9269010564 664.788074432155 0 5733.51738758132 605.132040397289 0 4397.69013291834 675.385830088673 0 88.487874731787 84.22836076353 0 1678526.5889305 284815.495203212 0 132.803873489591 3590.22478730652 0 2963929.66167798 5039160.22718601 0 6415.4885746366 4982.49321018544 0 6991.58148312346 6368.46515749112 0 2474.91290573424 2987.12716075359 0 31.1379280327676 217.201475336628 0 2020084.73951027 1481748.54387218 0 4.69731663483051 623.321192721359 11362174.9138021
"128" 127 6430338.99219605 9686557.77906079 0.000000000199868125552023 33740.7298719008 58648.9618928161 0.0239799641548299 43868.0150185722 53521.2341523118 2.3562449447746 21606.634262879 68117.9343756697 5.24454519965963 60.2781418263721 1569.75725011661 0.491741110418614 5635543.1270091 8259037.35010077 99.9893774350963 101.22349964116 9646.92525888161 10257.7901995798 0 1914748.62543845 436993.940646461 0 5288.455565992 648.226639238525 0 5611.20607660205 588.689432023242 0 4303.875601789 657.034290318546 0 86.6953556968192 81.9809135498217 0 1748280.59007465 284961.455097204 0 134.122027150101 3594.08085792203 0 2983003.60380413 5038433.76373038 0 6324.42199635353 4860.45332385388 0 7021.32423806114 6231.84932425127 0 2485.44138605376 2923.0475346635 0 31.2330407778312 212.480352156092 0 2036669.51183465 1482798.38438759 0 4.9514680504134 628.717382131533 11440245.5644029
"129" 128 6425418.84216782 9579919.3003173 0.000000000198036787095048 32914.9005858916 56634.3187569558 0.0201822773764768 42893.9801771025 51972.3999380586 2.10946343200573 21126.8857588715 66146.6908302564 4.69525731639988 58.9286594438461 1523.7962211007 0.436903076594753 5642743.91843915 8188243.95341225 99.935471441412 101.544211700698 9672.13139817347 10257.8134978193 0 1992434.63651484 436899.853113257 0 5358.54471222655 631.957627301356 0 5508.11306778001 572.795823673192 0 4224.80178426618 639.295487624253 0 85.2116502012126 79.8055169992114 0 1818085.19673174 285104.167470438 0 135.415564360649 3597.83433046342 0 3002058.3254447 5037726.32605062 0 6229.08345901542 4740.26929543703 0 7036.73213935515 6096.47947524961 0 2490.89554744126 2859.55233720226 0 31.2648845852766 207.805313792664 0 2053297.98149186 1483824.8518204 0 5.20613332103075 633.995562155407 11518316.2150036
"130" 129 6420626.26965487 9473687.95608723 0.000000000196620227894562 32102.7032329311 54666.4045177305 0.0169860270628967 41932.9352492299 50445.4836631727 1.88847481668849 20653.5352720089 64203.3428440379 4.20337943069375 57.5975295117632 1478.49409220567 0.388163971764062 5649784.10134981 8116946.76292148 99.9959338576531 101.857711625582 9696.5938578864 10257.834197448 0 2070038.53867362 436808.257696211 0 5428.40507671683 615.976615959635 0 5422.27389862623 557.41434187622 0 4158.9619094237 622.128267649219 0 84.0030544417757 77.6972695969752 0 1887943.62231885 285240.824338938 0 136.688878823738 3601.4884325641 0 3021092.98949756 5037037.57550514 0 6130.27169405624 4621.95828140268 0 7038.84970373197 5962.42662767628 0 2491.64513284158 2796.67487896703 0 31.2383882018581 203.178637955492 0 2069966.01297207 1484830.91505113 0 5.46081707103866 639.156919352557 11596386.8656044
"131" 130 6415958.90960398 9367852.61018427 0.000000000195184981177107 31304.1512497391 52745.8511271629 0.0142959642264112 40985.0039336536 48941.5132112849 1.69059185150825 20186.643728516 62289.1986325445 3.76293025013129 56.2849093066531 1433.88330007902 0.344848121080454 5656665.84247619 8045154.12062097 99.9626158551265 102.164098599112 9720.32364326241 10257.8525875454 0 2147561.85425209 436719.108734891 0 5496.58844590701 600.279936257132 0 5351.78338118891 542.511701437945 0 4104.89467075624 605.495480900216 0 83.0371532041435 75.6517757698146 0 1957856.03582602 285374.698750561 0 137.945866070462 3605.04617634697 0 3040109.93530474 5036367.17280052 0 6028.6697126676 4505.53531528224 0 7028.70025234274 5829.75607208882 0 2488.05238229009 2734.44578447926 0 31.1583431548962 198.602410927495 0 2086672.12862621 1485813.86449586 0 5.71506356212333 644.202695060148 11674457.5162052
"132" 131 6411414.40416616 9262402.1099434 0.000000000194023267723811 30519.2493059019 50873.0481636398 0.0120319243815042 40050.2979020437 47461.4441443015 1.51340589870728 19726.2661308574 60405.4743654747 3.36854861325171 54.9909399125201 1389.99378236094 0.306354284478778 5663391.3280825 7972874.42606189 99.9940638900529 102.463472607124 9743.33226816842 10257.8689251539 0 2225006.34787779 436632.360554974 0 5561.9334048375 584.864512469989 0 5294.81795839144 528.057876239782 0 4061.2013738114 589.363615327525 0 82.2831593109362 73.6650964518887 0 2027822.49424639 285508.493527218 0 139.189945574867 3608.5103807395 0 3059111.35782334 5035714.77833465 0 5924.86236020549 4391.01332885778 0 7007.27535231378 5698.52774571648 0 2480.46829538303 2672.89316728296 0 31.0293591510228 194.078540609426 0 2103414.94165865 1486771.19580891 0 5.96845538286672 649.134180751658 11752528.1668059
"133" 132 6406990.40431904 9157325.66431301 0.000000000192787469311726 29747.9932029107 49048.1792263481 0.0101264386248875 39128.917099889 46006.1514948373 1.35475826213065 19272.4517059156 58553.2837207021 3.01542968022629 53.7157466036542 1346.85275344257 0.272147524121275 5669962.76199128 7900116.43637705 99.9200303849043 102.755934351921 9765.63171238948 10257.8834388101 0 2302380.28330509 436547.967511522 0 5623.52075176347 569.727728419258 0 5249.65118147839 514.025794125417 0 4026.55780761302 573.702455788757 0 81.7121383081667 71.7337035911363 0 2097847.88571317 285633.159038104 0 140.424087078047 3611.88369158684 0 3078092.67563287 5035080.05252869 0 5819.35034636569 4278.40318027073 0 6975.52727953944 5568.79656917977 0 2469.22996322155 2612.04278788291 0 30.8558334469644 189.6087681985 0 2120187.90575022 1487712.4875978 0 6.22061183429094 653.952713705674 11830598.8174067
"134" 133 6402684.57142554 9052612.45220958 0.000000000191918226049208 28990.3698476089 47271.2528366807 0.00852272304680778 38220.9500090684 44576.424795562 1.2127144341114 18825.2440343174 56733.6315579881 2.69926761140926 52.4594391746067 1304.48458115864 0.241751949503022 5676382.36365911 7826888.90394311 99.9761101046477 103.041585168109 9787.2343761242 10257.8963316895 0 2379683.09407506 436465.884030631 0 5680.63252723237 554.867316460643 0 5214.66376214276 500.391055116691 0 3999.721954787 558.484769550551 0 81.297143628316 69.8544384246809 0 2167929.90981391 285755.265959488 0 141.650839601073 3615.16859974211 0 3097058.2558265 5034462.65614662 0 5712.56427232224 4167.713688983 0 6934.36386682098 5440.61275126237 0 2454.65874473158 2551.9181966979 0 30.6419311324498 185.19467868394 0 2136991.6897546 1488631.29399684 0 6.4711871110204 658.65967295282 11908669.4680075
"135" 134 6398494.57874187 8948252.06229664 0.000000000191070492040844 28246.357276464 45542.1286908111 0.00717298655759829 37326.4738827002 43172.9656454881 1.08554096649079 18384.6811661062 54947.4108215304 2.41620408670532 51.2221122329733 1262.91074160907 0.214744247270719 5682652.36629368 7753200.92941536 99.9903773089907 103.320526940103 9808.15303313515 10257.9077844077 0 2456917.59587665 436386.064649791 0 5732.71929214155 540.281265233818 0 5188.34909109233 487.131671983838 0 3979.53822438092 543.686016739897 0 81.0132777235814 68.0244733259898 0 2238068.67907249 285875.21493312 0 142.872361905407 3618.3674573041 0 3116008.76496821 5033862.25060527 0 5604.87525086834 4058.95167406801 0 6884.64547104214 5314.02206558335 0 2437.05919309045 2492.54086383373 0 30.3915750263034 180.837710310236 0 2153824.21583221 1489527.74831393 0 6.71986836335973 663.256475473053 11986740.1186083
"136" 135 6394418.11285741 8844234.17264009 0.000000000190275213311604 27515.9247386787 43860.5400457765 0.00603700670231345 36445.5549612595 41796.3872491365 0.971684703132484 17950.7957271876 53195.4019534466 2.16278208116586 50.003845468199 1222.14983385266 0.190747912360325 5688775.01500797 7679061.65971143 99.9845118146334 103.592862021139 9828.40078367303 10257.9179575131 0 2534086.85069335 436308.464056449 0 5779.37368688104 525.967743677919 0 5169.31554499578 474.227832075636 0 3964.93922132486 529.284084523566 0 80.8377017865529 66.241277014727 0 2308264.30073336 285992.813520931 0 144.090453467058 3621.48249216347 0 3134944.6276447 5033278.49827073 0 5496.60309832077 3952.12199891165 0 6827.18332875274 5189.06610267492 0 2416.71847362855 2433.93029732025 0 30.1084417245801 176.539163144258 0 2170683.37238638 1490402.3848667 0 6.96637370345425 667.744572619128 12064810.769209
"137" 136 6390452.8750689 8740548.64923276 0.000000000189590899173546 26799.0328264231 42226.1128080619 0.00508093102240906 35578.2486777868 40447.2154657397 0.869754136802356 17523.6150204026 51478.2742291234 1.93590436901171 48.8047039078085 1182.21763960215 0.1694281056784 5694752.56500941 7604480.34741691 99.9944468288581 103.858693153695 9847.99100802501 10257.9269937077 0 2611197.82263959 436233.037124835 0 5820.30694160624 511.925038672771 0 5156.28626169745 461.661679245852 0 3954.94557401787 515.259043716945 0 80.7496056196016 64.5025829155711 0 2378519.84003969 286100.681482217 0 145.306585285083 3624.51582100836 0 3153862.2746846 5032711.0627417 0 5388.02401851051 3847.22762083882 0 6762.73904771108 5065.78250068385 0 2393.90618384322 2376.10415132181 0 29.7959626113386 172.30020687011 0 2187563.98420458 1491262.91295111 0 7.21045020007588 672.1254467453 12142881.4198098
"138" 137 6386596.58269067 8637185.62274996 0.000000000188837932284409 26095.6336430943 40638.3818512828 0.00427626824476011 34724.5998579744 39125.8909973884 0.778502676445537 17103.161124077 49796.5885421309 1.7327962798304 47.6247381693742 1143.12721609387 0.150487071320526 5700587.2798226 7529466.39311229 99.9300055532147 104.118123391273 9866.93732132063 10257.9350198219 0 2688245.46791164 436159.7389511 0 5855.32762265468 498.151504104912 0 5148.09695974795 449.417114659769 0 3948.66426187658 501.592926464888 0 80.7301473709656 62.8063604495403 0 2448828.56301495 286212.943632291 0 146.521930000883 3627.46946093067 0 3172769.97930153 5032159.60912007 0 5279.37801586073 3744.26964457565 0 6692.02500426915 4944.20515741906 0 2368.87449406694 2319.07832559811 0 29.4573287559108 168.121887915872 0 2204470.52034467 1492095.66421868 0 7.45187189786706 676.400608023228 12220952.0704106
"139" 138 6382846.97030975 8534135.29425175 0.000000000188291870468425 25405.6709957174 39096.8049650615 0.00359903923523567 33884.6429188596 37832.7724147734 0.696813631900942 16689.4509898861 48150.8012551663 1.55097227745695 46.4639847134502 1104.88901261316 0.133660053316208 5706281.42954504 7454029.15278893 99.9409360650622 104.37125602154 9885.25353005534 10257.9421485735 0 2765236.72589587 436088.524887015 0 5884.3260527063 484.645519325831 0 5143.69215714392 437.479615237101 0 3945.2857150545 488.26952360645 0 80.7623690509255 61.1507890419406 0 2519193.23068759 286321.96723404 0 147.737390911445 3630.34533976403 0 3191664.06215037 5031623.80427064 0 5170.87360928559 3643.24737727307 0 6615.70555432108 4824.36442595674 0 2341.85857612464 2262.86705725278 0 29.0954992733447 164.005135996438 0 2221397.98568582 1492908.48910373 0 7.69043789213802 680.571591429402 12299022.7210114
"140" 139 6379201.79096481 8431388.18259067 0.000000000187810637027814 24729.0806268108 37600.774849285 0.00302906241503292 33058.4020699109 36568.1397796841 0.623686742127056 16282.4965418965 46541.2688105072 1.38820597441184 45.3224661027775 1067.51100314499 0.118711658183 5711837.28913596 7378178.13110981 99.9559705092763 104.618194490844 9902.95359065338 10257.9484801321 0 2842174.05083011 436019.350571623 0 5907.26109333769 471.405456072978 0 5142.12064475288 425.836068519454 0 3944.0803424937 475.274200371026 0 80.8311021772115 59.534234640183 0 2589612.8839584 286428.067117091 0 148.953629631675 3633.14530527456 0 3210545.11378186 5031103.31706533 0 5062.69186315521 3544.15838905396 0 6534.39849559834 4706.28729595439 0 2313.07712096375 2207.48300577862 0 28.7132105235683 159.950770153546 0 2238344.93622253 1493701.51248213 0 7.92597047535385 684.639953890407 12377093.3716122
"141" 140 6375658.81726461 8328934.96496377 0.000000000187401675003482 24065.7904650203 36149.6294240426 0.00254935234502361 32245.8915194248 35332.1986734207 0.558226090245598 15882.3047782242 44968.2528570809 1.24250323312731 44.2001912717751 1030.99882925164 0.105432615230051 5717257.1367391 7301922.82178809 99.9823669718005 104.859042330151 9920.05157028285 10257.9541035111 0 2919059.95308016 435952.171961287 0 5924.14757017155 458.429652091638 0 5142.53016951389 414.474622778101 0 3944.39445386355 462.593729084142 0 80.9228625692448 57.955228542672 0 2660086.52084817 286531.309528797 0 150.17109225097 3635.87113331647 0 3229413.61472542 5030597.81861526 0 4954.99071226656 3446.99857504798 0 6448.67695423513 4589.99756255481 0 2282.73300646958 2152.93733228207 0 28.312986990746 155.959504363393 0 2255309.95511838 1494475.0301012 0 8.15831336554141 688.607271574354 12455164.0222129
"142" 141 6372215.84243914 8228436.17089581 0.000000000186994912537751 23415.7208982796 34742.7209632196 0.00214561355581156 31447.1156876174 34125.0846417218 0.499629264297251 15488.8778759907 43431.925907646 1.11207803988744 43.0971558080515 995.355953750206 0.0936368916324316 5722543.25204006 7226739.00527333 99.9856849381753 105.093903082465 9936.56161005246 10257.9590978064 0 2992502.78511168 435886.945357948 0 5934.97103279897 445.71639059402 0 5144.16140836882 403.384551202531 0 3945.64563747943 450.216137588753 0 81.0257354578346 56.412448347038 0 2727735.21806493 286631.799344381 0 151.390033859032 3638.52453505502 0 3249994.44700922 5030106.98248937 0 4847.93312654077 3351.7622201745 0 6359.07162081028 4475.5159843481 0 2251.01408898988 2099.23977357517 0 27.8971535142167 152.031952766338 0 2273703.22740058 1495229.34140473 0 8.38733002726455 692.475137318306 12533234.6728137
"143" 142 6368870.66741358 8194887.49076926 0.000000000186620333819252 22778.7983789422 33397.6889983111 0.00180581453948003 30662.0698183674 32947.3372956212 0.447177636691962 15102.2134926288 41932.9747398816 0.995330868765989 42.0133428302777 960.598832031244 0.083159123857735 5727697.9146734 7209797.75045747 99.9844119032266 105.32288023245 9952.49795484626 10257.9635332977 0 2930375.45886321 435823.627031351 0 5916.89481572471 433.264271518841 0 5145.58464582898 392.556136549123 0 3946.73728103997 438.130580502013 0 81.1164150942741 54.904701982603 0 2680340.12208097 286729.585733761 0 152.610490652675 3641.10716336228 0 3339409.64867196 5029630.48187704 0 4749.24539590125 3258.44497783716 0 6266.40267909248 4362.86051658268 0 2218.2107010337 2046.3987515632 0 27.4693973082626 148.168637703926 0 2348579.54660914 1495964.74904336 0 8.61290540237746 696.245158199272 12611305.3234145
"144" 143 6365621.06437297 8161845.48234472 0.000000000186306508681703 22154.9873318802 32125.7027253888 0.00151982920790787 29890.7438481386 31800.8944193907 0.400227648063644 14722.3066714713 40473.8656246792 0.890829281173924 40.9487287131534 926.78850483887 0.0738523311169921 5732723.40296966 7192827.46646267 99.9961667097394 105.546077152298 9967.87551111028 10257.9674724284 0 2867734.52701999 435762.172170262 0 5855.31670273134 421.073106989784 0 5143.106203077 381.980629580654 0 3944.83627987461 426.327292829758 0 81.1333376808736 53.4309229546818 0 2632263.21339615 286826.126622743 0 153.83183588295 3643.62061870733 0 3429037.16426768 5029167.98169994 0 4663.94420081898 3167.05076548767 0 6172.47478093125 4252.04723747555 0 2184.96166175284 1994.42180773024 0 27.0380152887224 144.37002332756 0 2423855.5417303 1496680.1480801 0 8.83497482534765 699.918953590677 12689375.9740152
"145" 144 6362464.81847538 8128973.73097334 0.000000000186001817986667 21544.2453808554 30919.2552983237 0.00127913513304938 29133.1248534576 30687.3581941679 0.358202992727207 14349.1510472254 39056.6377016682 0.797290532199274 39.9032866508412 893.974926662382 0.0655858801782497 5737621.99335933 7175546.14093839 99.9953464096881 105.763597078987 9982.71014780823 10257.9709706769 0 2805251.15896935 435702.53611273 0 5758.96338798217 409.142586603787 0 5133.57537703014 371.650189867833 0 3937.52599949495 414.797523895288 0 81.0244894496471 51.9901627443446 0 2584077.5185454 286918.689725957 0 155.052542004261 3646.06645486904 0 3518536.46516537 5028719.14787432 0 4589.31286743079 3077.58185245241 0 6078.85698482863 4143.09094317144 0 2151.82239385758 1943.31588220468 0 26.6101553460601 140.636536760341 0 2499247.25140232 1497378.66732467 0 9.05353955372185 703.4981540676 12767446.624616
"146" 145 6359399.74190094 8096267.19766273 0.000000000185733540654591 20946.5120208579 29771.9392038405 0.00107655957662705 28389.1956178202 29607.6713511217 0.320587613298646 13982.7381401204 37682.4908105185 0.713565977987315 38.8769844325261 862.186774822943 0.0582436741652056 5742395.95979272 7157963.01791199 99.9984171921875 105.97554309183 9997.01836758127 10257.9740773315 0 2742920.87482632 435644.674753829 0 5635.13215449985 397.471936961945 0 5114.90293224466 361.55776196323 0 3923.2039663276 403.533399137516 0 80.7560567838519 50.5815732510333 0 2535782.55215401 287008.729854794 0 156.270441144157 3648.44618400848 0 3607911.40945897 5028283.65038514 0 4523.09800556676 2990.03640753322 0 5986.65604832985 4036.00488973113 0 2119.18467259059 1893.08719273886 0 26.1907681507406 136.968557762469 0 2574752.97778246 1498059.20673439 0 9.26864976959137 706.984400363155 12845517.2752168
"147" 146 6356423.67518118 8063720.97545917 0.000000000185456081713837 20361.7102709467 28678.2773389247 0.00090606574089802 27658.9331956287 28562.2583226712 0.286919421385073 13623.0566485933 36351.9651379452 0.638627099211943 37.8697822401572 831.436129291066 0.0517225409042382 5747047.57290332 7140087.51239602 99.9824511280941 106.182018077214 10010.8169994622 10257.9768361795 0 2680740.00476057 435588.54458038 0 5489.90977947965 386.059963188396 0 5085.82882414001 351.696961082953 0 3900.90370809307 392.527792520665 0 80.3083406862512 49.2043906716195 0 2487378.12157312 287096.329001071 0 157.482967252926 3650.7612809454 0 3697165.02717904 5027861.16355306 0 4463.43751357228 2904.40890378839 0 5896.61633050565 3930.80053330493 0 2087.31198967763 1843.74111283755 0 25.7830944062176 133.3664084958 0 2650370.54176702 1498722.07871412 0 9.48038873082968 710.379342044157 12923587.9258176
"148" 147 6353534.48832653 8031330.23573903 0.00000000018524232561366 19789.7482503424 27633.5749451043 0.000762572870704363 26942.3078035861 27551.1401295345 0.256784669672564 13270.0919032588 35065.0874375893 0.571552974432485 36.8816309559326 801.722262746259 0.0459307990144396 5751579.09896063 7121929.04449621 99.9881531537152 106.383124682905 10024.1229603738 10257.9792861193 0 2618704.93892507 435534.102699507 0 5328.36499630004 374.905089523385 0 5045.7334972753 342.06197376755 0 3870.15001687535 381.774215662241 0 79.6724540067075 47.8579216403549 0 2438863.86295306 287181.554578853 0 158.687342829883 3653.01318674009 0 3786300.325463 5027451.36625502 0 4408.79730193265 2820.6905018539 0 5809.20091415992 3827.48734034757 0 2056.3682693482 1795.28208273921 0 25.3890585892693 129.830346012237 0 2726097.89197623 1499367.54670203 0 9.68886049949229 713.684635964792 13001658.5764183
"149" 148 6350730.08178073 7999090.30458753 0.000000000185017573485823 19230.5206635662 26633.7954030836 0.000641804845816894 26239.2819958419 26574.0275876855 0.229812908325798 12923.8254606385 33821.4896570542 0.511519054015489 35.9124709085207 773.034698900454 0.0407869822890075 5755992.79866304 7103497.0158359 99.9765710017155 106.578965264449 10036.9530722328 10257.9814617056 0 2556812.16005406 435481.306862033 0 5154.71050374346 364.005398220479 0 4994.48517067816 332.647471849762 0 3830.84181477711 371.26672181273 0 78.8476626841127 46.5415313611199 0 2390239.37850962 287264.40004557 0 159.880720937426 3655.20331167943 0 3875320.1804067 5027053.94210561 0 4357.91811638784 2738.86940831787 0 5724.65723538133 3726.07265796774 0 2026.44110019306 1747.71354860353 0 25.0095858326791 126.360557066537 0 2801932.97409583 1499996.02764183 0 9.89418055507847 716.901944561591 13079729.2270191
"150" 149 6348008.38722498 7966996.59953916 0.000000000184780420198741 18683.910188083 25675.4559801418 0.000540162751577265 25549.8100827049 25630.3966599159 0.205672465444786 12584.2348168546 32620.504839893 0.457787100506141 34.9622309933785 745.355670517541 0.0362187050208743 5760290.92581454 7084800.68453774 99.9480675285987 106.769641825865 10049.3239238416 10257.983393633 0 2495058.13943378 435430.115481496 0 4972.43941800305 353.358666286753 0 4932.31677840565 323.448538189527 0 3783.15776556356 360.999822968687 0 77.8392555903029 45.2546334869548 0 2341504.23830791 287344.970276206 0 161.060291301624 3657.33303775356 0 3964227.50472066 5026668.57960558 0 4309.77082148495 2658.9312076166 0 5643.0699561473 3626.56163528824 0 1997.56045125727 1701.03792562542 0 24.6448557682564 122.957154889407 0 2877873.84032398 1500607.78740092 0 10.0964687244716 720.032934043465 13157799.8776199
"151" 150 6345367.36825116 7935044.61177443 0.000000000184662862839832 18149.7887623175 24755.5403641732 0.000454617630412695 24873.837756505 24719.5491248355 0.184066397470336 12251.2932233532 31461.2443406997 0.409696175014623 34.0308281091009 718.662085841947 0.0321616528058157 5764475.72592258 7065849.09798199 99.9750970904215 106.955255956479 10061.2517686961 10257.9851091666 0 2433439.46423876 435380.487649468 0 4784.44016569302 342.96239980063 0 4859.72729879541 314.460602772911 0 3727.48059278179 350.968418552968 0 76.6568472796463 43.996681525435 0 2292658.14958295 287423.246078063 0 162.223357713846 3659.40372069923 0 4053025.13816745 5026294.97226215 0 4263.51880305588 2580.85916708421 0 5564.40335481302 3528.95718755379 0 1969.71367762495 1655.25658119976 0 24.2945047847082 119.620177593981 0 2953918.53612345 1501203.14321586 0 10.2958439630338 723.079272521846 13235870.5282207
"152" 151 6342805.02091939 7903230.0346727 0.00000000018447833542302 17628.0187756146 23871.4252694593 0.0003826202182255 24211.3018919927 23840.6611950764 0.16472886096355 11924.9695885934 30342.6597028246 0.366654561499518 33.1181668582197 692.92709332766 0.028558685036964 5768549.43474878 7046651.17024125 99.957637377005 107.135908765453 10072.7524514565 10257.9866325244 0 2371953.85694687 435332.383147702 0 4593.09341542892 332.81386570281 0 4777.40310618017 305.679387906207 0 3664.33675539697 341.167734246048 0 75.3130345551723 42.7671615713243 0 2243701.85349077 287497.211432118 0 163.367392635645 3661.41669167577 0 4141714.69916775 5025932.81868534 0 4218.48623626258 2504.63451573766 0 5488.53511454129 3433.25999560645 0 1942.85748100662 1610.36983467536 0 23.9577861393347 116.349587926009 0 3030064.11702553 1501784.580737 0 10.4924206062568 726.042628118246 13313941.1788214
"153" 152 6340319.37421347 7871548.56459691 0.000000000184413477276695 17118.454163438 23020.8188462194 0.000322024975722464 23562.1304924189 22992.8222644938 0.147421862155395 11605.2284514899 29263.5919729921 0.328132531894269 32.2241394671396 668.121318877718 0.025359036804051 5772514.27683888 7027215.47921029 99.9976280690031 107.311700815323 10083.8413571574 10257.9879852171 0 2310595.66691776 435285.762457547 0 4400.35310052932 322.910121046861 0 4686.15571355359 297.100861366717 0 3594.34869552336 331.593269697769 0 73.8223413031871 41.5655861897481 0 2194633.36548136 287571.151612331 0 164.490073825932 3663.37325863122 0 4230301.29195398 5025581.8226636 0 4174.13179812866 2430.2366978461 0 5415.28307608421 3339.46853422563 0 1916.92737981472 1566.37697064786 0 23.6336957594135 113.145274104293 0 3106310.60389942 1502348.0811769 0 10.6863057812537 728.924667079721 13392011.8294222
"154" 153 6337908.49040784 7839996.11616562 0.00000000018427193648097 16620.9414103218 22201.7089738625 0.00027102615096399 22926.2427556986 22175.0655859673 0.131932345140675 11292.0300140008 28222.8107457766 0.293655864990538 31.3486258853246 644.213836720752 0.0225176092516199 5776372.46405419 7007550.44196659 99.9893945752497 107.482732055593 10094.5333783356 10257.9891863503 0 2249362.7148079 435240.586767097 0 4207.81528760024 313.248039706012 0 4586.87285933261 288.721196489234 0 3518.197321269 322.240753979996 0 72.2003968408103 40.3914892926227 0 2145453.74838096 287643.054103808 0 165.589306901066 3665.2747074082 0 4318786.44596715 5025241.69322217 0 4130.02615346049 2357.64360222461 0 5344.42628507386 3247.57912360128 0 1891.84515958262 1523.27626310315 0 23.3210703534592 110.007051529609 0 3182655.02875275 1502896.12966984 0 10.8775977267903 731.727051926785 13470082.480023
"155" 154 6335570.46535116 7808568.65121548 0.000000000184066308737872 16135.3204707012 21412.3198369924 0.000228103938959753 22303.5492392679 21386.3923953378 0.118069582146432 10985.330222326 27219.0448667935 0.262800037680769 30.4914940306307 621.172925110845 0.0199943382932556 5780126.19412075 6987664.15297383 99.9403509808952 107.649101757205 10104.8428961287 10257.9902528935 0 2188252.95607752 435196.817976236 0 4016.77623027362 303.824336814422 0 4480.48054879708 280.536738255046 0 3436.59289197505 313.106107738667 0 70.463304891098 39.2444218662537 0 2096164.32740667 287710.739765817 0 166.66323699698 3667.12230263287 0 4407171.62222941 5024912.14466545 0 4085.83300451012 2286.83177019495 0 5275.72130304794 3157.58599891978 0 1867.52464681814 1481.06500805672 0 23.0186626676843 106.93466516906 0 3259094.3769617 1503431.26310721 0 11.06638481968 734.45143965219 13548153.1306238
"156" 155 6333303.42867551 7777262.17172404 0.000000000184037147287813 15661.4256100669 20651.0757051005 0.000191979338238479 21693.9520992281 20625.7905393725 0.105662844741563 10685.0808846944 26251.0061410196 0.235185041521545 29.6526001431172 598.96664274707 0.0177536354896039 5783777.6492219 6967564.37377996 99.9817025182124 107.810908449076 10114.7837723857 10257.9911999171 0 2127260.86102901 435154.418699912 0 3828.28046203579 294.635590710381 0 4367.91391121783 272.543974802059 0 3350.25266521472 304.185411396338 0 68.6271649295691 38.123948458587 0 2046763.61014041 287778.566735662 0 167.710252218141 3668.91728842032 0 4495461.83935817 5024592.89660577 0 4041.29357859175 2217.7765808853 0 5208.91485536159 3069.4813946684 0 1843.87618617096 1439.73956309654 0 22.7251991879399 103.927792486259 0 3335628.6741475 1503949.35523776 0 11.2527451193413 737.099479992328 13626223.7812245
"157" 156 6331105.54394774 7746072.92030882 0.000000000183947320145396 15199.0861712849 19916.5699386536 0.000161575731904444 21097.3454033509 19892.2491538182 0.0945592961726614 10391.229825531 25317.4080139505 0.210470691481087 28.8317892473344 577.563276995022 0.0157638857596281 5787328.99461298 6947258.71292853 99.9852289441381 107.968249855721 10124.3693495651 10257.9920408068 0 2066384.41830126 435113.352269993 0 3643.16198864045 285.67826333848 0 4250.09518893258 264.739512976151 0 3259.88401409854 295.474877865134 0 66.7077164413145 37.0296442280268 0 1997253.22189225 287844.489662758 0 168.728980593686 3670.66088893875 0 4583658.46821141 5024283.6739815 0 3996.21339235351 2150.45242245057 0 5143.75317003431 2983.25563742668 0 1820.80994624153 1399.2953909069 0 22.4394220005107 100.986046680061 0 3412254.86805882 1504452.94036192 0 11.4367463682023 739.672813762347 13704294.4318253
"158" 157 6328975.00875096 7714997.15678702 0.000000000183855583509851 14748.1272765169 19207.5397819515 0.00013598711903124 20513.615475959 19184.7693106087 0.0846221329044771 10103.7210553231 24416.9791225929 0.188352489368031 28.0288956580088 556.931662355165 0.0139970079074699 5790782.37732273 6926754.43005948 99.9833138725341 108.121222838987 10133.612457541 10257.9927874499 0 2005620.62653839 435073.582735606 0 3462.07883130881 276.948717961139 0 4127.91748236961 257.120058455817 0 3166.17195947421 286.970830363931 0 64.7200809388956 35.96109261887 0 1947634.08114767 287908.387063469 0 169.718282772798 3672.35430884037 0 4671763.9621544 5023984.20706343 0 3950.4508740566 2084.83283966221 0 5079.98921652996 2898.89724872593 0 1798.2384819985 1359.72710751463 0 22.160120814504 98.1089802939399 0 3488970.84720128 1504942.46567277 0 11.6184462211163 742.173071296195 13782365.0824261
"159" 158 6326910.05471936 7684031.27276416 0.000000000183710322066698 14308.370466144 18522.8445723026 0.000114450953252977 19942.6412911467 18502.3722688853 0.075728898425388 9822.49496429613 23548.4737967631 0.168557870688768 27.2437435557376 537.041422490013 0.0124280587597672 5794139.92489215 6906058.54475864 99.9482981065022 108.269923341581 10142.525424425 10257.9934504033 0 1944966.26992012 435035.074862388 0 3285.54196466855 268.443235705605 0 4002.23311115128 249.682398720214 0 3069.77024272594 278.669683409047 0 62.6785824746701 34.9178834203715 0 1897907.04078962 287970.636408945 0 170.677241201577 3673.9987336021 0 4759780.96547125 5023694.23145279 0 3903.90817244117 2020.89067117898 0 5017.3876795794 2816.39305054001 0 1776.07849543584 1321.0285317695 0 21.8861542549164 95.296088913737 0 3565774.68927445 1505417.93654982 0 11.7978927433559 744.601870964639 13860435.7330268
"160" 159 6324908.94752208 7653171.69371822 0.000000000183684721039678 13879.6342821883 17861.4475248627 0.0000963253644211896 19384.2948914102 17844.105405735 0.0677699760920445 9547.48852860505 22710.6796072991 0.150842850011326 26.476147597356 517.863138720927 0.0110348820624603 5797403.74418177 6885177.75671699 99.9747947118037 108.414446333836 10151.1200907938 10257.9940390433 0 1884419.40148754 434997.794130633 0 3113.93975407753 260.158030474413 0 3873.84573139723 242.423388979094 0 2971.29527963287 270.567927110687 0 60.5966311957887 33.8996112215782 0 1848074.15364004 288029.354896967 0 171.605146998251 3675.595329784 0 4847710.92632161 5023413.48807089 0 3856.52335900792 1958.59817259503 0 4955.72833611147 2735.7282737568 0 1754.25203095478 1283.19273622278 0 21.616463721605 92.5468149690441 0 3642663.4744898 1505881.49322077 0 11.9751250587939 746.960817789 13938506.3836276
"161" 160 6322969.98679457 7622415.02521889 0.000000000183659940794646 13461.7348011141 17222.4014888045 0.0000810704906198535 18838.4417954469 17209.0457352727 0.0606472734417231 9278.63551119025 21902.4218448925 0.13498909249932 25.7259135055426 499.368442445078 0.00979780433974849 5800575.9202984 6864118.58684051 99.9985008538711 108.554885766088 10159.4078267706 10257.994561694 0 1823975.28833685 434961.706732477 0 2947.55840079885 252.08926101257 0 3743.50465637327 235.339941423991 0 2871.32180422519 262.662115176233 0 58.4866423332794 32.9058743077403 0 1798135.17227171 288087.944145557 0 172.501486507763 3677.14524521591 0 4935558.003847 5023141.72314126 0 3808.26349695648 1897.92711544452 0 4894.80921334359 2656.88667196497 0 1732.68759327953 1246.21210049885 0 21.3500865552284 89.8605517316994 0 3719636.64459233 1506330.14702391 0 12.1501739319436 749.251502176736 14016577.0342284
"162" 161 6321091.5060547 7591757.95388172 0.000000000183563944420666 13054.4861132442 16604.8341924763 0.0000682314251081173 18304.9414898818 16596.3037326481 0.0542729550075882 9015.86670397163 21122.5683870067 0.120801093403988 24.9928387853241 481.53011900773 0.00869934385981382 5803658.51546488 6842887.29795006 99.9804913592091 108.691334518404 10167.3995486838 10257.9950257512 0 1763631.91508081 434926.779568459 0 2786.59900121071 244.233045199679 0 3611.90318322618 228.42901425896 0 2770.38158536581 254.948852667488 0 56.3600243509466 31.9362735083135 0 1748092.26550846 288144.856170971 0 173.365924219595 3678.64960916059 0 5023323.66189263 5022878.68816709 0 3759.1201590627 1838.84890460962 0 4834.44610618145 2579.85062255141 0 1711.31997662421 1210.07835871498 0 21.0861516204436 87.2366468201451 0 3796691.36453156 1506765.82990851 0 12.3230628387 751.475498690212 14094647.6848292
"163" 162 6319271.87254162 7561197.19700153 0.000000000183540746768789 12657.7007744014 16007.9396405151 0.0000574256716937687 17783.6478238044 16005.0236356338 0.048568427345932 8759.11012217231 20370.0300817158 0.108103918931269 24.2767132865533 464.322099915049 0.00772397990744385 5806653.56814035 6821489.86080801 99.9994672021423 108.823884362035 10175.1057392446 10257.9954377801 0 1703386.50750233 434892.980242903 0 2631.19263038762 236.585468351207 0 3479.67626449519 221.687605803746 0 2668.9616407662 247.424789419239 0 54.2271511748703 30.9904117271028 0 1697947.02275703 288200.05448362 0 174.198289374911 3680.10953240006 0 5111010.19403967 5022624.13989942 0 3709.10352977366 1781.33464542528 0 4774.47507431209 2504.60124411624 0 1690.09114862557 1174.78265455475 0 20.8238899151655 84.6744063293902 0 3873825.55326691 1507188.84089215 0 12.4938084473091 753.634364992207 14172718.3354299
"164" 163 6317509.48705374 7530729.64968884 0.000000000183430027399029 12271.1902039624 15430.9679767481 0.0000483312087153313 17274.4094815351 15434.3848132811 0.0434633391293738 8508.29123717401 19643.7624896305 0.0967409806428005 23.5773198859681 447.719491323838 0.00685792652083147 5809563.09207778 6799932.09737747 99.968343013996 108.952625917914 10182.5364657605 10257.9958036115 0 1643236.40312012 434860.277059039 0 2481.41218810284 229.142594119485 0 3347.40141382757 215.112747523593 0 2567.50493168318 240.086612259852 0 52.0973905889429 30.0678933011335 0 1647701.18250625 288253.401574016 0 174.998559537774 3681.52610732689 0 5198619.70413783 5022377.84030343 0 3658.23928774454 1725.35523265 0 4714.75141378207 2431.1184968624 0 1668.94988629741 1140.31558835584 0 20.5626280734353 82.173098305458 0 3951037.01181128 1507599.74179473 0 12.6624215876202 755.729640826364 14250788.9860307
"165" 164 6315802.78374078 7500352.19929367 0.000000000183408325598041 11894.7650551905 14873.2181299314 0.0000406770150026381 16777.070417402 14883.6016693421 0.0388947240773346 8263.33319066067 18942.7657609808 0.0865721277850358 22.8944351083808 431.698557042788 0.00608894033553881 5812389.07551223 6778219.52468779 99.9835323107707 109.077648621242 10189.7013992574 10257.996128423 0 1583178.66498784 434828.639013323 0 2337.2826451796 221.90047294091 0 3215.59981873701 208.701499453085 0 2466.4112164207 232.931039903839 0 49.979133559417 29.168323670629 0 1597356.29139043 288305.373830295 0 175.766845861073 3682.90040799998 0 5286154.67632929 5022139.55651844 0 3606.5653075736 1670.88141883464 0 4655.1494412181 2359.38128602825 0 1647.85169964796 1106.66726562499 0 20.3017861508783 79.7319563398356 0 4028323.92099186 1507998.29286278 0 12.82890799271 757.762847111706 14328859.6366315
"166" 165 6314150.22986704 7470061.89583392 0.00000000018338733456341 11528.235552409 14334.0318762101 0.0000342350644094932 16291.4702798732 14351.9229315397 0.0348062322116819 8024.15700351962 18266.0837310505 0.0774719362130992 22.2278297298376 416.236683350753 0.00540614951120501 5815133.48042673 6756357.51980343 99.9971218381994 109.199040689683 10196.6098334788 10257.9964168118 0 1523210.76463394 434798.035789277 0 2198.79013562592 214.855149181702 0 3084.73789667298 202.450946824284 0 2366.03824385725 225.954819188532 0 47.8798296202823 28.2913091968256 0 1546914.2778471 288355.793083729 0 176.503379120064 3684.23349018962 0 5373617.11984405 5021909.06081422 0 3554.12847602362 1617.88387202487 0 4595.56230249729 2289.36756358382 0 1626.7587639521 1073.82734473868 0 20.0408757145283 77.350183097462 0 4105684.10380965 1508385.04889237 0 12.9932689733763 759.735485125518 14406930.2872323
"167" 166 6312550.32555857 7439855.88523415 0.00000000018324026820768 11171.4117966921 13812.7873841494 0.0000288132851039245 15817.4448589012 13838.6314953506 0.031147416626193 7790.68179617523 17612.8037213553 0.069328120877656 21.5772694164148 401.312363609613 0.00479989605966824 5817798.24183114 6734351.27011939 99.9401478928732 109.316889092102 10203.2707021277 10257.9966728613 0 1463330.076827 434768.437750813 0 2065.88820014684 208.002669773598 0 2955.23086959158 196.358196465374 0 2266.70449519311 219.154721054621 0 45.8060563897807 27.4364569210122 0 1496377.0038186 288404.767533341 0 177.2084947237 3685.52639141981 0 5461009.13919047 5021686.13054327 0 3500.983608294 1566.33324565526 0 4535.8996241972 2221.0544162958 0 1605.63908840058 1041.78507824994 0 19.7794876054314 75.0269533324187 0 4183115.52371669 1508760.29488261 0 13.1555023252552 761.649035752238 14485000.937833
"168" 167 6311001.6035075 7409731.28756172 0.000000000183220651484308 10824.1040517279 13308.895869543 0.0000242501187304 15354.8264699119 13343.0426194031 0.0278731345933939 7562.82497771782 16982.0542428766 0.0620402028046515 20.942515263592 386.905130748073 0.0042616047844862 5820385.26719835 6712205.6741935 99.9510256120156 109.43127952463 10209.6925973086 10257.9969001967 0 1403534.14194358 434739.815935049 0 1938.50486805243 201.33908886942 0 2827.44445976477 190.420375739502 0 2168.69048466031 212.527539361798 0 43.7635541121232 26.6033746649365 0 1445746.48675821 288452.197275108 0 177.882621178081 3686.78013099572 0 5548332.79172597 5021470.5480891 0 3447.1904131287 1516.20021568811 0 4476.08790805424 2154.41816415057 0 1584.46665573228 1010.52935905366 0 19.5172932652407 72.7614173011313 0 4260616.16349619 1509124.31195103 0 13.3156027694882 763.504958838702 14563071.5884338
"169" 168 6309502.62867223 7379685.41295298 0.000000000183201685216032 10486.1229947021 12821.7978109688 0.0000204096810509991 14903.4443482609 12864.5027075301 0.0249429943992692 7340.50244018822 16373.0034459474 0.0555182778564384 20.323324353092 372.99551028312 0.00378366283364593 5822896.43592387 6689925.54719635 99.9607576201241 109.542296387707 10215.8837859995 10257.9971020361 0 1343820.44806431 434712.142044967 0 1816.5477946055 194.860473426946 0 2701.69782945777 184.63463115813 0 2072.24101429739 206.070089341129 0 41.7572811859435 25.7916710600556 0 1395024.69236545 288498.189099797 0 178.526268165317 3687.99571003857 0 5635590.08783056 5021262.10081329 0 3392.81191684494 1467.45552557311 0 4416.06940747475 2089.43444585092 0 1563.22102453632 980.048760488819 0 19.2540387759911 70.5527036956863 0 4338184.02819149 1509477.37721364 0 13.4735625548306 765.30469261689 14641142.2390346
"170" 169 6308051.9979539 7348225.46667011 0.000000000183183350383858 10157.27995211 12350.9364541328 0.0000171774181448804 14463.125065484 12402.3886501923 0.0223208256782253 7123.62876359662 15784.858282063 0.0496818377999212 19.7194503415038 359.56499295755 0.00335930526855736 5825333.59879179 6666163.70694033 99.9694646158884 109.650022763435 10221.8522251693 10257.9972812389 0 1287189.87832714 434685.388441466 0 1699.93442580292 188.562910242775 0 2578.26842359928 178.998126482954 0 1977.56888834701 199.779205476605 0 39.7915022284294 25.0009554862224 0 1346894.24574506 288542.7799691 0 179.140013304202 3689.17411153354 0 5721269.84033309 5021060.58099784 0 3337.90571766033 1420.07004302563 0 4355.79894579532 2026.0782934446 0 1541.88620296483 950.331571342996 0 18.9895289778183 68.3999221566165 0 4414488.34835853 1509819.76367417 0 13.6293723100849 767.049653178125 14719212.8896354
"171" 170 6306648.34492997 7257563.16128907 0.000000000183165628521549 9837.3822489411 11889.1838123573 0.000014457044904306 14033.6927122591 11955.9359266275 0.0199742707423046 6912.11730603806 15216.6457247986 0.0444588606844847 19.1306436987329 346.590530894471 0.00298252774678323 5827698.57761868 6588476.80605146 99.977254541886 109.75454040107 10227.6055546246 10257.9974403429 0 1350091.38578306 434659.528284065 0 1596.72874576935 182.442365882369 0 2457.6643716337 173.508040865898 0 1885.06384938649 193.651739429197 0 37.8744115904056 24.2308379666879 0 1405378.25461971 288586.006151225 0 179.724512406393 3690.31630035407 0 5746709.56006986 5020865.78690709 0 3279.84616114454 1374.01370561195 0 4295.127876762 1964.32418786138 0 1520.40957251752 921.365821901986 0 18.7230818928673 66.3021651230728 0 4437953.92503417 1510151.74013353 0 13.7830200236387 768.741234043838 14797283.5402361
"172" 171 6305290.35291795 7166874.91039191 0.000000000183148501975535 9526.22206799118 11431.87824215 0.0000121674934919708 13614.9679486897 11523.887052494 0.0178743671681175 6705.8797359218 14666.7653395379 0.0397848817612941 18.556650263114 334.033364618035 0.00264799764779968 5829993.16474948 6510531.04984221 99.9842239853718 109.855929695401 10233.1508992849 10257.9975816015 0 1413243.81388262 434634.535910693 0 1511.90687089687 176.494364483899 0 2341.18666777887 168.161542819155 0 1795.72377865489 187.68453098491 0 36.0276115574484 23.4809253724319 0 1464080.44266099 288627.90322221 0 180.28065416544 3691.42322322502 0 5772012.11080377 5020677.52565072 0 3217.00802116318 1329.25309632385 0 4233.55992138105 1904.14583982198 0 1498.61545802143 893.139181185216 0 18.4523877314472 64.2584995312477 0 4461315.26166788 1510473.57108193 0 13.9344809607349 770.380805642624 14875354.1908369
"173" 172 6303976.739584 7076286.68194336 0.00000000018313195359232 9223.59314082022 10981.029653249 0.0000102405305789483 13206.7675566331 11105.1171621364 0.0159951942208429 6504.82581147598 14133.7854790827 0.0356022064915539 17.9972105599217 321.859106685688 0.00235097953197583 5832219.12242684 6432448.45326256 99.9904593642161 109.954269658816 10238.4947675052 10257.997707016 0 1476386.26060177 434610.386382051 0 1442.19610297183 170.714480651598 0 2229.92624963347 162.955776172839 0 1710.38544094928 181.874392382165 0 34.2690314183237 22.7508194636987 0 1522768.22089217 288668.506060562 0 180.80964084305 3692.49580850508 0 5797309.50931291 5020495.60975378 0 3150.47369718857 1285.75515778056 0 4170.68347151319 1845.51609603277 0 1476.35815649096 865.638912946364 0 18.1755493468044 62.2679632431835 0 4484687.22676578 1510785.51655679 0 14.0837122126511 771.969714590097 14953424.8414377
"174" 173 6302706.25179553 6985794.83804362 0.000000000183115966616469 8929.29505792341 10538.2396821975 0.00000861875586179866 12808.9053740004 10698.747279753 0.014313558318603 6308.86384092555 13616.5874469584 0.0318592104510843 17.4520611814668 310.041302254133 0.00208726931072718 5834378.18223253 6354233.07068886 99.9960379815048 110.049637896765 10243.6431732954 10257.9978183626 0 1539519.24319352 434587.055333174 0 1384.86159042522 165.09846242651 0 2124.5845055576 157.887873377209 0 1629.58681120931 176.218123158364 0 32.6099340724588 22.0401190971307 0 1581442.5548643 288707.848842558 0 181.312893769111 3693.53496599717 0 5822602.04110983 5020319.85604022 0 3081.14927789607 1243.48811995992 0 4106.24986350919 1788.40714872494 0 1453.54964479771 838.851973957681 0 17.8914441278372 60.329572691196 0 4508068.96659124 1511087.83201655 0 14.2306585775652 773.509283054508 15031495.4920385
"175" 174 6301477.66501687 6895395.89072545 0.000000000182975012019442 8643.1328777617 10104.7695366912 0.00000725381076018189 12421.1932552688 10304.0908897356 0.012808695169487 6117.90115558016 13114.2974960271 0.0285096763449873 16.9209361977584 298.55965685286 0.00185313234675092 5836472.04464773 6275888.77234904 99.9324805244686 110.142110588988 10248.6017540181 10257.9979172194 0 1602643.22133708 434564.518959396 0 1337.61841021903 159.642216906058 0 2025.56263799832 152.954968537668 0 1553.63561747057 170.712524698208 0 31.0564861894568 21.3484223644802 0 1640104.48462739 288746.033589523 0 181.791961103441 3694.5415868627 0 5847889.97920499 5020150.08552887 0 3009.79374662827 1202.4213939473 0 4040.13480802674 1732.79073854404 0 1430.14592641556 812.765109175268 0 17.5995360872343 58.4423302196835 0 4531459.61803393 1511380.76824611 0 14.3752584339896 775.000808298142 15109566.1426392
"176" 175 6300289.78277471 6805086.35471682 0.000000000182960109359105 8364.91676941 9681.59524257147 0.00000610503057858598 12043.441820832 9920.61290766253 0.0114620273238037 5931.84447891724 12626.2346097523 0.0255122543658858 16.4035682435632 287.39868359924 0.00164525355972687 5838502.3788254 6197419.15663418 99.9369458743687 110.231762480689 10253.3758555916 10257.9980049869 0 1665758.74248529 434542.754004785 0 1298.56295493427 154.341795352536 0 1933.02734655449 148.154208255878 0 1482.65972071815 165.354412333434 0 29.6109049505952 20.6753283542304 0 1698755.2050434 288782.955975575 0 182.248454699813 3695.51654363164 0 5873173.58390245 5019986.1233478 0 2937.04066542195 1162.52546042896 0 3972.31133764234 1678.63832348017 0 1406.13745528908 787.364930975754 0 17.299744918293 56.60523015027 0 4554858.32388576 1511664.57129991 0 14.517447567392 776.445562420035 15187636.79324
"177" 176 6299141.43613819 6714862.95923417 0.000000000182945719784601 8094.46167170218 9269.4558112344 0.00000513818128294184 11675.4611448415 9547.89470661986 0.0102569278667813 5750.60026536971 12151.8659902435 0.0228299362196102 15.8996895104669 276.54655445667 0.00146068904647389 5840470.82242349 6118827.78199271 99.940940901457 110.318666876605 10257.970603108 10257.9980829088 0 1728866.2280756 434521.737751099 0 1266.11022635587 149.193380698864 0 1846.96935143735 143.482760131588 0 1416.65200322083 160.140624831672 0 28.2724762229779 20.0204385416762 0 1757395.82661469 288818.716622705 0 182.683996117384 3696.46069028029 0 5898453.10277501 5019827.79865265 0 2863.41895314707 1123.77177717016 0 3902.82456313808 1625.92121924797 0 1381.54019994513 762.637985001487 0 16.992324173974 54.8172637589784 0 4578264.24638558 1511939.48246512 0 14.6571625846722 777.844792209222 15265707.4438408
"178" 177 6298031.4832319 6624722.5012594 0.000000000182931828056556 7831.58698310165 8868.89305999877 0.00000432444522326326 11317.0613139164 9185.60665667981 0.00917851580445759 5574.07497551108 11690.7721085016 0.0204295996937929 15.4090325421943 265.994204353851 0.00129682457839743 5842378.98156737 6040118.06289349 99.9445151476474 110.40289564109 10262.390952488 10257.9981520894 0 1791966.11825036 434501.448007969 0 1238.94291160623 144.193275611666 0 1767.24835841455 138.937819573495 0 1355.50485728871 155.068031998022 0 27.0383312085496 19.3833578974224 0 1816027.47568889 288853.346912866 0 183.100178967671 3697.374862372 0 5923728.77080041 5019674.94455402 0 2789.36937864255 1086.13269012378 0 3831.77270907538 1574.6107150759 0 1356.38893037606 738.570804471488 0 16.6777704199091 53.0774233339582 0 4601676.57635598 1512205.73824901 0 14.794343219904 779.199719126023 15343778.0944415
"179" 178 6296958.8087794 6534661.87859061 0.000000000182918419294249 7576.11628638887 8480.28500890824 0.00000363959260878219 10968.0528890204 8833.48598244476 0.00821347892393845 5402.17530354734 11242.6185231115 0.018281614379089 14.9313308855256 255.734612338401 0.00115133993652416 5844228.43089154 5961293.32293008 99.9477129199282 110.484519201765 10266.6417297831 10257.9982135088 0 1855058.83685214 434481.863103955 0 1215.96936517312 139.337891611668 0 1693.6285009925 134.516615351514 0 1299.03736993565 150.133540871931 0 25.9040551352993 18.7636957889039 0 1874651.23972464 288886.877543481 0 183.498541818183 3698.25987722773 0 5949000.81059973 5019527.39805137 0 2715.25789506996 1049.58135217897 0 3759.29252389138 1524.67817034006 0 1330.732053437 715.149955507505 0 16.3567537800784 51.3847055337162 0 4625094.53945282 1512463.57038087 0 14.9289339230324 780.511539357564 15421848.7450423
"180" 179 6295922.3236352 6444678.0869611 0.000000000182905478969268 7327.87709101928 8103.87359934334 0.00000306318292676467 10628.2473160133 8491.31961871004 0.00734989356018736 5234.80837952892 10807.1340601764 0.0163594405049333 14.4663196602067 245.762251455364 0.00102217287107355 5846020.71365201 5882356.8094705 99.9505738933568 110.563606556562 10270.7276583588 10257.9982680381 0 1918144.79220292 434462.961877595 0 1196.28510716471 134.623740645541 0 1625.80898533053 130.216412779609 0 1247.01882796839 145.334099279532 0 24.8642092386732 18.161066509479 0 1933268.15036254 288919.338537302 0 183.880547772634 3699.1165341773 0 5974269.43278762 5019384.99996695 0 2641.38906755316 1014.0916613676 0 3685.54520067356 1476.09508401273 0 1304.6266290154 692.362069708852 0 16.0300512257156 49.7381137001466 0 4648517.40151586 1512713.20583543 0 15.0608852359889 781.781423993023 15499919.3956431
"181" 180 6294920.96438222 6354768.21774449 0.000000000182892992900202 7086.70062030611 7739.78909051085 0.00000257807151834726 10297.4572261611 8158.92928353413 0.00657710251861363 5071.88191736291 10384.0918154071 0.0146393572188498 14.0137359727809 236.072607701924 0.000907494967200699 5847757.34189268 5803311.70593817 99.9531335192806 110.640225282832 10274.653382204 10257.9983164495 0 1981224.37757871 434444.723669907 0 1179.14571566158 130.047425123692 0 1563.44435051919 126.034518092585 0 1199.18425791075 140.666700718576 0 23.912673892023 17.5750899798251 0 1991879.17392628 288950.75924972 0 184.247573061051 3699.94561474569 0 5999534.83632923 5019247.59489034 0 2568.01338808097 979.638185358366 0 3610.70966948555 1428.83316864043 0 1278.13599561697 670.193878851788 0 15.6985154032194 48.1366604245971 0 4671944.47000972 1512954.86685239 0 15.1901541867511 783.010519161087 15577990.0462439
"182" 181 6293953.69286871 6264929.45523724 0.00000000018288094724667 6852.42159097521 7388.06981504257 0.00000216979352394753 9975.49672773092 7836.16113236182 0.00588555934876216 4913.30435843463 9973.29598664231 0.0131001159698256 13.5733193074259 226.661856433593 0.000805680953235294 5849439.79669328 5724161.13859942 99.9554235460117 110.714441550573 10278.4234772465 10257.9983594295 0 2044297.97173086 434427.128315977 0 1163.93781505407 125.605631329744 0 1506.16454531519 121.968279377992 0 1155.24982514759 136.128385398515 0 23.0429842715646 17.0053919159803 0 2050485.20410976 288981.168381306 0 184.600898713781 3700.74788298266 0 6024797.20903717 5019115.03111634 0 2495.33781568736 946.196113527453 0 3534.97269675186 1382.86438962182 0 1251.32626569931 648.632233312811 0 15.3630283175292 46.5793687389152 0 4695375.09643768 1513188.77098727 0 15.3167049502572 784.199946349544 15656060.6968446
"183" 182 6293019.4958257 6175159.07450619 0.000000000182869328504235 6624.87808942911 7048.67431008887 0.00000182613852034281 9662.18159521092 7522.88008247008 0.00526671400459971 4758.98496480538 9574.57465041647 0.0117226860102382 13.1448117744492 217.526688451947 0.000715286336336804 5851069.52839293 5644908.17965343 99.9574724009989 110.786320134084 10282.0424557116 10257.9983975881 0 2107365.93927133 434410.156137745 0 1150.15974901874 121.29512632254 0 1453.58716787298 118.015086537874 0 1114.92222197452 131.716240197824 0 22.2485323209969 16.4516038426444 0 2109087.05909204 289010.593987913 0 184.941707673878 3701.52408572891 0 6050056.72796293 5018987.16059159 0 2423.53327150992 913.741235156786 0 3458.52238235776 1338.16098576818 0 1224.26402374474 627.664111712543 0 15.0244711898194 45.0652726812014 0 4718808.67728993 1513415.13115557 0 15.4405091307756 785.350802675686 15734131.3474454
"184" 183 6292117.38444881 6085454.43925629 0.000000000182858123499231 6403.91133192713 6721.50827630499 0.00000153695846061265 9357.32950686782 7218.95332911593 0.0047129451912603 4608.83393621848 9187.75878251118 0.0104901038128053 12.727958436141 208.663772959402 0.000635034572163157 5852647.95689331 5565555.86037962 99.9593054166643 110.855924426978 10285.5147923163 10257.9984314644 0 2170428.6308319 434393.7879367 0 1137.40303563317 117.112742401832 0 1405.32932008242 114.172378670163 0 1077.90776004507 127.427406902336 0 21.5227660886128 15.9133642492739 0 2167685.47878036 289039.063486597 0 185.271081205354 3702.27495276685 0 6075313.55991219 5018863.83886054 0 2352.73512056982 882.249818879047 0 3381.5498413896 1294.69556998104 0 1197.01692157063 607.27666813856 0 14.6837336994242 43.5934209382147 0 4742244.6507609 1513634.15565566 0 15.5615450073169 786.464161023155 15812201.9980462
"185" 184 6291246.39397145 5995812.99924242 0.000000000182847319383348 6189.36562668615 6406.41646251367 0.00000129355244776833 9060.76009448043 6924.26150866113 0.00421739225648594 4462.76243459484 8812.69646556871 0.00938709889346878 12.3225073310163 200.070152044123 0.000563784270851861 5854176.47204898 5486107.15611022 99.9609453922349 110.923316462087 10288.8448900631 10257.9984615404 0 2233486.3835439 434378.004986231 0 1125.33603722802 113.055386904556 0 1361.01365749662 110.437633377882 0 1043.91701075225 123.259070273291 0 20.8592757720014 15.3903169483463 0 2226281.12987639 289066.603677149 0 185.590006876352 3703.00119740404 0 6100567.86198327 5018744.92500887 0 2283.05739656321 851.698693710779 0 3304.2357500063 1252.44103377088 0 1169.64891577373 587.457187359905 0 14.3416506135526 42.1628729295073 0 4765682.50026515 1513846.04828778 0 15.6797984856742 787.54107074124 15890272.648647
"186" 185 6290405.58331255 5906232.2886509 0.000000000182836903628878 5981.08822974369 6103.20614737491 0.00000108867065233378 8772.2951240226 6638.68302650384 0.00377393594145103 4320.68267302606 8449.23294282307 0.00840005096645558 11.9282097309026 191.742721767235 0.000500525966041814 5855656.43389399 5406565.00047495 99.9624126577001 110.988556922287 10292.0371095481 10257.9984882423 0 2296539.52113503 434362.789024837 0 1113.69342593361 109.1200287348 0 1320.27518944552 106.808375313415 0 1012.67002101318 119.208467583559 0 20.2519107243928 14.8821124143394 0 2284874.60418339 289093.240742921 0 185.899375971969 3703.70351648453 0 6125819.78191522 5018630.28161308 0 2214.58960783314 822.065143114469 0 3226.75584320522 1211.37065284258 0 1142.22221385515 568.193134351922 0 13.9990290416144 40.7727027471311 0 4789121.74981325 1514051.0083514 0 15.7952619950827 788.582557624593 15968343.2992477
"187" 186 6289594.03463258 5816709.92377507 0.000000000182826864023254 5778.92914363974 5811.66339915594 0.000000916283207483998 8491.75866482788 6362.08593577511 0.00337711900038718 4182.50799909433 8097.2002818956 0.00751681325892637 11.5448203630217 183.677974290957 0.000444367085274979 5857089.17303432 5326932.29017242 99.9637253387866 111.051705159619 10295.0957776149 10257.9985119471 0 2359588.3541081 434348.122248396 0 1102.26120364633 105.303689264056 0 1282.76892813 103.282178699655 0 983.90218023412 115.272891431491 0 19.6949041315208 14.3884081857658 0 2343466.4197654 289119.000261635 0 186.199984974514 3704.38259067544 0 6151069.45868062 5018519.77468322 0 2147.3994685588 793.326835702777 0 3149.28014316872 1171.45813219084 0 1114.79700106689 549.472175448234 0 13.656645719309 39.4220006843885 0 4812561.96173578 1514249.23070367 0 15.9079340164469 789.589624247033 16046413.9498485
"188" 187 6288810.85295674 5727243.60081782 0.000000000182817188664474 5582.74120461238 5531.53220902626 0.00000077118184888921 8218.97693324553 6094.34840693244 0.00302201928095587 4048.1528178672 7756.44342700493 0.00672643001245021 11.1720971314878 175.872697755922 0.000394507667556878 5858475.99117117 5247211.860865 99.9648997807938 111.112819220971 10298.0251350564 10257.9985329926 0 2422633.18010052 434333.987303689 0 1090.87321883631 101.603457234047 0 1248.16398035513 99.8566530316998 0 957.359688585045 111.449673782623 0 19.1827524078009 13.9088666528697 0 2402057.03461272 289143.907228791 0 186.492554281601 3705.03908510742 0 6176317.02298093 5018413.27361489 0 2081.54416539092 765.461944764996 0 3071.96302320044 1132.67746178833 0 1087.42792319722 531.282110651334 0 13.3152003185445 38.1098675413041 0 4836002.73842084 1514440.90590473 0 16.0178195937484 790.563250791791 16124484.6004493
"189" 188 6288055.16581352 5637831.09428979 0.000000000182807865955922 5392.37992646548 5262.54140624505 0.000000649038570875251 7953.77852369477 5835.33941690759 0.00270424975249755 3917.53270570041 7426.79562151875 0.0060191365458817 10.8098014602585 168.323331206555 0.000350240846499217 5859818.16127329 5167406.50635878 99.965950548168 111.171955855971 10300.8293765153 10257.9985516772 0 2485674.28400641 434320.367280957 0 1079.4008678365 98.0164737737535 0 1216.15186660279 96.5294540662324 0 932.80593784777 107.736198234895 0 18.7103630581718 13.443156782337 0 2460646.84197755 289167.986055181 0 186.777721497778 3705.67364929265 0 6201562.59754426 5018310.65113384 0 2017.06556621699 738.44903022448 0 2994.95008177233 1095.00304691265 0 1060.16651987824 513.610934762389 0 12.9753490137842 36.8354195540896 0 4859443.71746767 1514626.22019495 0 16.1249291847072 791.504394911271 16202555.2510501
"190" 189 6287326.12280177 5548470.2548121 0.000000000182798884601039 5207.70331902212 5004.41741435643 0.000000546262422022237 7695.99453401753 5584.91276522438 0.00241990029986158 3790.56447197878 7108.07079210376 0.00538622969969195 10.4576984562393 161.025774563799 0.000310942067527803 5861116.92800421 5087518.98182864 99.9668906186332 111.22917053739 10303.5126563427 10257.9985682646 0 2548711.93811651 434307.245706334 0 1067.74254956807 94.5399244470131 0 1186.45080310442 93.2982858321431 0 910.02479582719 104.12990226269 0 18.273123142931 12.9909544379293 0 2519236.17314103 289191.260577566 0 187.056044711039 3706.28691740868 0 6226806.29769195 5018211.78323972 0 1953.99153183273 712.26697803323 0 2918.37873593371 1058.40974332261 0 1033.06143464353 496.446853880683 0 12.6377080510876 35.5977895908482 0 4882884.56900203 1514805.35555853 0 16.2292780968259 792.413992080491 16280625.9016508
"191" 190 6286622.89520716 5459159.00700766 0.000000000182790233598579 5028.57204924802 4756.85982142032 0.000000459754852725299 7445.45831124616 5342.92943874692 0.00216544558924377 3667.16603389736 6800.09201295062 0.00481986276315552 10.1155564923037 153.97614592005 0.000276051838988887 5862373.50832446 5007551.97882398 99.9677316906038 111.284517490039 10306.0790350149 10257.998582991 0 2611746.40248712 434294.60653508 0 1055.82683033893 91.1710551936139 0 1158.79469785048 90.1608863437286 0 888.812166132609 100.628261271393 0 17.8666939136257 12.5519401678583 0 2577825.31350766 289213.754081312 0 187.328023979023 3706.87950891917 0 6252048.23177411 5018116.54915588 0 1892.34437941897 686.895126406993 0 2842.37128813706 1022.87270754389 0 1006.15596069062 479.778215180128 0 12.3028211477963 34.3961213217934 0 4906324.99619686 1514978.48987239 0 16.3308867043235 793.292956432937 16358696.5522516
"192" 191 6285944.67566359 5369895.34798113 0.000000000182781902237747 4854.84926975622 4519.56534157153 0.000000386937778113905 7202.00568852792 5109.24031411913 0.00193774252918099 3547.25653315554 6502.66949069707 0.00431303982301578 9.78314756152586 147.17020357177 0.000245075587558215 5863589.0916477 4927508.14268165 99.968484191431 111.338049697817 10308.5325153262 10257.9985960653 0 2674777.92506785 434282.434144603 0 1043.60246307802 87.9071590273791 0 1132.94158686441 87.115037295062 0 868.982458920945 97.2287994172365 0 17.487160945432 12.1258007277999 0 2636414.49740847 289235.489298703 0 187.594093964295 3707.45202851432 0 6277288.50144907 5018024.83127723 0 1832.13712702159 662.313161630026 0 2767.04025565686 988.367511723236 0 979.489927413663 463.593560781609 0 11.9711854521233 33.2295735630642 0 4929764.73150743 1515145.79688958 0 16.4297795724408 794.142180654713 16436767.2028524
"193" 192 6285290.67772774 5280677.34522088 0.000000000182773880092849 4686.4004843743 4292.23601362547 0.000000325665712154451 6965.47505842039 4883.68293353743 0.00173398734706828 3430.7563720578 6215.59646086582 0.00385952022411975 9.46024736827932 140.603244753164 0.000217575889180702 5864764.8402911 4847390.07385223 99.9691574204405 111.389818924898 10310.8770445449 10257.998607672 0 2737806.74186743 434270.713326803 0 1031.03172631755 84.7455706358098 0 1108.67518372598 84.1585649768423 0 850.369779403407 93.9290906305987 0 17.1310570533398 11.7122292317187 0 2695003.91183091 289256.488419614 0 187.85462834829 3708.00506639572 0 6302527.20217975 5017936.51511329 0 1773.37423874824 638.501077059359 0 2692.48932169925 954.870163097688 0 953.100037081757 447.881636885016 0 11.643256575646 32.0973209169897 0 4953203.53413736 1515307.44630756 0 16.5259849315528 794.962536357275 16514837.8534532
"194" 193 6284660.13548564 5191503.13454436 0.000000000182766157018198 4523.0937406033 4074.55660142597 0.000000274091143629706 6735.70709684576 4666.10140246598 0.00155165370711851 3317.5870775509 5938.67451222943 0.00345368083197349 9.14663488812198 134.270775198853 0.000193161172836453 5865901.89008871 4767200.306708 99.9697597552112 111.439875744709 10313.1164691223 10257.9986179765 0 2800833.07737505 434259.429280785 0 1018.09636943711 81.6836808344325 0 1085.79307650621 81.2893281405247 0 832.818874725118 90.726745071198 0 16.7951477237856 11.3109232742436 0 2753593.71110363 289276.773111363 0 188.109959213807 3708.53919881961 0 6327764.42358711 5017851.48923389 0 1716.05751050124 615.43928655683 0 2618.80889289951 922.356974458227 0 927.018292260977 432.631333010244 0 11.3194276211836 30.9985487700001 0 4976641.18983557 1515463.60390365 0 16.6195347170582 795.754874826424 16592908.5040539
"195" 194 6284052.30323004 5102370.91867175 0.0000000001827587231435 4364.79942472625 3866.21820822774 0.000000230680879685747 6512.54502511948 4456.32919941839 0.00138849089099413 3207.67143028273 5671.69170835068 0.00309051198318052 8.84209276209661 128.167934854937 0.000171485617690769 5867001.35052751 4686941.32696162 99.9702986574871 111.488269545949 10315.2545709461 10257.9986271249 0 2863857.14465937 434248.567606207 0 1004.78737439626 78.7189231673442 0 1064.11580207338 78.5052275959287 0 816.192094088103 87.6194198399512 0 16.476592666842 10.9215864374072 0 2812184.01084824 289296.364517003 0 188.360368553905 3709.05498803742 0 6353000.24971406 5017769.64521946 0 1660.1825973365 593.108520094571 0 2546.08082456578 890.804677146174 0 901.273668478398 417.831734998132 0 11.0000521384679 29.9324575668442 0 5000077.5076848 1515614.43151897 0 16.7104638310763 796.520026919439 16670979.1546547
"196" 195 6283466.45503372 5013278.96515576 0.000000000182751568868395 4211.39019757639 3666.91935388456 0.000000194152336419028 6295.83459921157 4254.19085108431 0.00124248798651923 3100.93345931316 5414.42471956185 0.00276553777644604 8.54640726462418 122.289558022364 0.000152242788097195 5868064.30525434 4606615.56879843 99.9707807924383 111.535048556232 10317.2950608006 10257.9986352464 0 2926879.1456026 434238.114295455 0 991.102337944305 75.848772669743 0 1043.48507505442 75.8042046125451 0 800.368030339255 84.6048171946782 0 16.1729116312359 10.5439280497529 0 2870774.89351983 289315.283267677 0 188.606095077995 3709.55298262829 0 6378234.7594565 5017690.87760269 0 1605.74019554592 571.489815002863 0 2474.37866183112 860.190409768614 0 875.892199586213 403.472119717438 0 10.6854455266928 28.898262309557 0 5023512.318161 1515760.08714216 0 16.7988097646859 797.258803518804 16749049.8052555
"197" 196 6282901.88437522 4924225.60450136 0.000000000182744684857424 4062.74116733996 3476.34868679529 0.000000163405410158542 6085.42387742722 4059.51674113455 0.0011118355703377 2997.29832768803 5166.65767053488 0.00247473078559039 8.25936793829744 116.630669332228 0.000135158815816782 5869091.81262451 4526225.39992443 99.9712121562714 111.580259867702 10319.2415463167 10257.9986424567 0 2989899.27133967 434228.055726401 0 977.051177623416 73.070756991776 0 1023.75421902998 73.1842321091396 0 785.234180559602 81.6806747168476 0 15.8818128690736 10.177661826078 0 2929366.41932727 289333.549498316 0 188.847348548772 3710.03371792718 0 6403468.0268273 5017615.08381435 0 1552.71981229138 550.564602733928 0 2403.76500115775 830.491623332198 0 850.89604377461 389.541910567862 0 10.3758724752579 27.8951889156276 0 5046945.47268471 1515900.72501913 0 16.8846125700164 797.971996131427 16827120.4558562
"198" 197 6282357.90379221 4836328.41922161 0.000000000182738062035142 3918.7296791714 3294.21151578242 0.000000137527074623241 5881.16346559817 3872.12817246145 0.000994921039536311 2896.69245320507 4928.1631285873 0.00221450166864536 7.98076796261368 111.185985113408 0.000119991741746859 5870084.90589239 4446802.17096196 99.9715980916645 111.623949445537 10321.0975634918 10257.9986488579 0 3050672.09785285 434218.378655355 0 962.639698847807 70.3824443052215 0 1004.79619170026 70.6433229307218 0 770.693101481668 78.8447745494743 0 15.601335875956 9.82250716750114 0 2985907.77162194 289351.182847958 0 189.084302525844 3710.49771602186 0 6429826.53419304 5017542.16413072 0 1501.10921374433 530.314615090354 0 2334.29548386269 801.686179019294 0 826.304897218758 376.030723341936 0 10.0715663438767 26.9224779098087 0 5071398.65607711 1516036.49565221 0 16.9679142244838 798.660376868915 16905191.106457
"199" 198 6281833.84291287 4801271.01725288 0.000000000182731691549309 3779.23686404733 3122.26513626454 0.000000115746981606365 5682.9064453376 3691.89675786095 0.000890300175818289 2799.04347307673 4698.77769182302 0.00198163587520847 7.71040403305124 105.951824802332 0.000106526545292826 5871044.59373847 4415880.04767158 99.971943382412 111.666162152397 10322.866567402 10257.9986545408 0 3005498.20841051 434209.070163395 0 945.354678285849 67.7814916111767 0 986.415345408054 68.1795262009778 0 756.594728544141 76.0949393260817 0 15.3283491965037 9.4781885995272 0 2945662.75110591 289368.202473042 0 189.31709797963 3710.94548611338 0 6509324.40353302 5017472.02126952 0 1451.72096243104 510.722249679432 0 2266.05363890784 773.752311391541 0 802.148327893557 362.928348965653 0 9.77289294467296 25.9793829757664 0 5144076.05926732 1516167.54589367 0 17.0487588111799 799.324698953222 16983261.7570578
"200" 199 6281329.04380717 4766777.06959693 0.000000000182725564680763 3644.15125223395 2961.55969963969 0.000000097416280447927 5490.50878916974 3518.85671711952 0.000796680474505698 2704.28044839704 4478.54491269757 0.00177325654002883 7.4480769728548 100.929679391823 0.0000945723004737438 5871971.86068428 4385405.71699793 99.9722523088656 111.706941767556 10324.5519986048 10257.998659586 0 2959267.47442411 434200.117524759 0 923.576365139033 65.265749581342 0 968.168629780041 65.7909350069962 0 742.599235751308 73.4290407475985 0 15.0555362060934 9.14443695410462 0 2904400.91464894 289384.627056479 0 189.545794336978 3711.37752475986 0 6589346.48559772 5017404.5593986 0 1405.07943695828 491.771360103835 0 2199.22831460199 746.668719147908 0 778.493185211799 350.224796068521 0 9.48071233165008 25.0651742798727 0 5217263.54132076 1516294.0190099 0 17.1271956109654 799.965697058273 17061332.4076586
"201" 200 6280842.86541628 4732304.37977447 0.000000000182719672936455 3513.36347914203 2810.9869908801 0.0000000819885516948595 5303.82959127973 3353.00707389877 0.000712905085451474 2612.33397779449 4267.46354859843 0.00158678873858555 7.19359206463666 96.1198615666177 0.0000839594590856999 5872867.66761241 4354883.52173482 99.9725287013266 111.746331011004 10326.1573177781 10257.998664065 0 2913065.02452358 434191.508342874 0 898.356230564553 62.8331054592533 0 949.681019681023 63.4756903464957 0 728.41897344151 70.8450039878463 0 14.776766529511 8.82098996885278 0 2863114.67169352 289400.474819453 0 189.770345378533 3711.79431619774 0 6669348.65348807 5017339.68516131 0 1360.83453175912 473.44607237583 0 2133.97851302357 720.414613311983 0 755.395753477242 337.910313585793 0 9.1957408936778 24.1791401930102 0 5290466.40283721 1516416.05476662 0 17.2032806299019 800.584087767204 17139403.0582594
"202" 201 6280374.68476437 4697852.06134627 0.000000000182714008076125 3386.76489288172 2669.58774098351 0.0000000690039584070479 5122.73085747353 3194.27384782986 0.000637938803163606 2523.1360939795 4065.43944269255 0.00141992830381578 6.94675872614837 91.5203152558821 0.0000745374967117225 5873732.95226099 4324315.47433787 99.9727759866151 111.784371566267 10327.6859708107 10257.9986680413 0 2866889.98345139 434183.230589415 0 870.56730547732 60.4814428684268 0 930.704795641627 61.2319766454404 0 713.86393722607 68.3408026907646 0 14.4880857619033 8.50759159744573 0 2821804.46626616 289415.763532431 0 189.990629456658 3712.19633264041 0 6749331.51518969 5017277.30797119 0 1318.69243137108 455.73048218447 0 2070.40791543042 694.969669321048 0 732.892734269316 325.975368285862 0 8.91843347239054 23.3205854695941 0 5363684.18874808 1516533.78950871 0 17.2770746150233 801.180569998336 17217473.7088601
"203" 202 6279923.89665735 4663419.26088886 0.000000000182708562108196 3264.24771386863 2536.53158203453 0.0000000580760022930657 4947.07730057402 3042.52678960065 0.000570855729361163 2436.62016296929 3872.30682312811 0.00127061436535228 6.7073901977136 87.1271697316315 0.0000661728539387907 5874568.62967093 4293703.55509152 99.9729972290709 111.821104100936 10329.1413565419 10257.9986715715 0 2820741.50108636 434175.272598387 0 840.929872319963 58.2086474349626 0 911.091748534621 59.058017525259 0 698.820448577067 65.9144542462192 0 14.1872276839751 8.20399136353809 0 2780470.69252846 289430.510524793 0 190.206477609627 3712.58403453771 0 6829295.6602981 5017217.33996773 0 1278.40721949679 438.608697365715 0 2008.57688894102 670.313981626628 0 711.005496624612 314.410623475658 0 8.64904175568117 22.4888295384901 0 5436916.47332269 1516647.35623005 0 17.3486411875179 801.755825374868 17295544.3594609
"204" 203 6279489.91333472 4629005.15712718 0.000000000182703327284854 3145.7052332207 2411.094008044 0.0000000488784295166135 4776.73611712107 2897.59618391033 0.000510826444250328 2352.72077410441 3687.84968861315 0.00113700079526687 6.47530320333164 82.9352938614743 0.0000587468093110198 5875375.59266933 4263049.69730326 99.9731951731784 111.856568288755 10330.5267962443 10257.9986747055 0 2774618.7510226 434167.623059021 0 810.038561746946 56.0126142672931 0 890.767402339109 56.9520709153774 0 683.231383317473 63.5640143351157 0 13.8731638770847 7.90994361674899 0 2739113.71507561 289444.732695276 0 190.417698481609 3712.95787085627 0 6909241.66127207 5017159.69596311 0 1239.77287291829 422.064894659474 0 1948.51266372296 646.428010721119 0 689.743679605971 303.2069141535 0 8.38766352790764 21.6832045180408 0 5510162.85309352 1516756.88464937 0 17.4180453082229 802.310518625577 17373615.0100617
"205" 204 6279072.16416601 4594608.96013195 0.000000000182698296097634 3031.03190130655 2292.6448917732 0.0000000411377131071887 4611.5769110174 2759.28049977207 0.000457109746391941 2271.37370244141 3511.81154516446 0.00101743782261433 6.25031783633786 78.9385451764114 0.0000521541292087777 5876154.71219855 4232355.78196429 99.9733722709995 111.890802824507 10331.8455227037 10257.9986774877 0 2728520.92952313 434160.27100938 0 778.379386179101 53.8912506015778 0 869.71607080871 54.9124278820722 0 667.084709871161 61.2875756222869 0 13.5458450799812 7.62520736560376 0 2697733.8796003 289458.446518194 0 190.624091042525 3713.31827924309 0 6989170.0743661 5017104.29339435 0 1202.61691717302 406.083339462741 0 1890.21680247369 623.292571911487 0 669.107836384379 292.355241743404 0 8.13427858382133 20.9030548099733 0 5583422.94211955 1516862.50125506 0 17.4853522721412 802.845297816138 17451685.6606624
"206" 205 6278670.0952605 4560229.91031741 0.00000000018269346127168 2920.12351780238 2180.62957686314 0.0000000346226831444244 4451.47151324466 2627.35923954159 0.000409041377184493 2192.51581995632 3343.91175941657 0.000910446936313879 6.03225728839712 75.1301903690619 0.0000463012236038498 5876906.83778575 4201623.62805668 99.9735307196231 111.923845445313 10333.1006602437 10257.9986799578 0 2682447.25451815 434153.205828053 0 746.350620815399 51.842483173624 0 847.962491157456 52.9374085960904 0 650.399402036361 59.0832632559674 0 13.2058834982052 7.34954566913142 0 2656331.52576894 289471.668053253 0 190.825460238847 3713.6656862874 0 7069081.44049712 5017051.05226102 0 1166.79480772396 390.648441880461 0 1833.67180673518 600.888791652569 0 649.091772773347 281.846753613223 0 7.88878028540133 20.1477354750801 0 5656696.36776294 1516964.32937679 0 17.5506268266899 803.360794724334 17529756.3112632
"207" 206 6278283.16916623 4525867.27764344 0.000000000182688815761246 2812.87729471806 2074.56144523782 0.0000000291394830361408 4296.29395091781 2501.59722092225 0.000366027723909477 2116.0850803028 3183.8510084465 0.000814706869346908 5.82094780510501 71.5030421410736 0.0000411051334152375 5877632.79782707 4170854.99091865 99.973672482067 111.955732943395 10334.2952213887 10257.9986821506 0 2636396.96492422 434146.417227635 0 714.274455732333 49.8642600359268 0 825.562588651355 51.0253621012539 0 633.218355294831 56.9492346095327 0 12.8543948860128 7.08272561516436 0 2614906.99272106 289484.412950639 0 191.02162342058 3714.00050765297 0 7148976.28583261 5016999.8950763 0 1132.18542089421 375.744770273346 0 1778.84608189443 579.19810654914 0 629.684304763121 271.672742606569 0 7.65099923651602 19.416612214743 0 5729982.76786429 1517062.48922219 0 17.6139325789468 803.857625027337 17607826.961864
"208" 207 6277910.86447223 4491520.36057306 0.000000000182684352743765 2709.19196937527 1974.01045615649 0.0000000245249072958316 4145.92036412216 2381.75139299023 0.000327537435377986 2042.02047785121 3031.31995471484 0.000729034936809073 5.6162185630973 68.0496787696521 0.0000364921845772935 5878333.39999666 4140051.55904402 99.973799315109 111.986501184506 10335.432100219 10257.9986840974 0 2590369.31991528 434139.89524612 0 682.410991668729 47.9545547088776 0 802.592702800063 49.174664679139 0 615.600123146223 54.8836774563246 0 12.4928151221816 6.82451808290616 0 2573460.62501638 289496.696458953 0 191.21241730338 3714.32314828788 0 7228855.12241127 5016950.74680245 0 1098.68675897473 361.357082727768 0 1725.69836870819 558.202246585006 0 610.870827212672 261.824639176424 0 7.42072413590195 18.7090607601579 0 5803281.78839631 1517157.09793486 0 17.675331536942 804.336388602112 17685897.6124648
"209" 208 6277552.67545039 4457188.4851579 0.000000000182680065614372 2608.96795631139 1878.59155517401 0.0000000206406454107347 4000.22889532147 2267.57776611252 0.000293094049988802 1970.26199321803 2886.00806596138 0.000652370627394435 5.41790150623371 64.7626679511378 0.0000323968073946898 5879009.43161812 4109214.95062139 99.9739127937557 112.016185124648 10336.5140651316 10257.9986858257 0 2544363.59845927 434133.630238952 0 650.968883091299 46.1113722805464 0 779.141711089337 47.383717264861 0 597.612875897826 52.8848070854165 0 12.1227670829477 6.5746973571107 0 2531992.77650121 289508.533432724 0 191.397702489624 3714.63400262365 0 7308718.44852022 5016903.53479107 0 1066.21399804973 347.470373559964 0 1674.17953458876 537.883207040333 0 592.633947937455 252.29399821297 0 7.19770987642125 18.0244658375532 0 5876593.08260535 1517248.26964962 0 17.7348839882276 804.797669812289 17763968.2630655
"210" 209 6277208.11176885 4422871.00427152 0.000000000182675947981673 2512.10726508108 1787.96659859438 0.0000000173719945340081 3859.09980356826 2158.82875009406 0.000262273186017176 1900.7506495187 2747.60022739244 0.000583769349522107 5.22583152014954 61.6344745568804 0.0000287611108647412 5879661.65986263 4078346.71850814 99.9740143205526 112.044818818862 10337.5437690326 10257.99868736 0 2498379.09880201 434127.612872894 0 620.111573620744 44.3327450455126 0 755.307298355394 45.6509489483143 0 579.331539221148 50.9508702093358 0 11.7459983661312 6.3330416811011 0 2490503.81124265 289519.938334873 0 191.577364328432 3714.93345463593 0 7388566.74911722 5016858.18873714 0 1034.6944156865 334.069839646823 0 1624.23789055372 518.223289731651 0 574.955369828302 243.072518387198 0 6.98170305706488 17.3622227309037 0 5949916.30843763 1517336.11550993 0 17.79264791046 805.242037591512 17842038.9136663
"211" 210 6276876.69800402 4388567.29638547 0.000000000182671993660284 2418.51374479344 1701.82759302302 0.0000000146208702602597 3722.41526114143 2055.26313832543 0.00023469312344044 1833.42841220399 2615.78944877782 0.000522381468302919 5.03984612897401 58.6577840729733 0.0000255333849422001 5880290.83229626 4047448.34521069 99.9741051568384 112.072435445933 10338.5237386769 10257.9986887221 0 2452415.13803707 434121.834115177 0 589.967933755476 42.6167430026733 0 731.189182054762 43.9748118086025 0 560.83259783665 49.080139198789 0 11.364269647445 6.09933247162028 0 2448994.10540177 289530.925248469 0 191.751314853739 3715.22187815985 0 7468400.49617444 5016814.64059746 0 1004.06775427917 321.140960732458 0 1575.81772945943 499.205045492031 0 557.815373408429 234.152015171256 0 6.7724339189984 16.7217351399646 0 6023251.12981883 1517420.74375526 0 17.8486794084208 805.670045901752 17920109.5642671
"212" 211 6276557.97339295 4354276.76494164 0.000000000182668196667075 2328.09303963861 1619.89806535162 0.0000000123051296731391 3590.05943592615 1956.64400199591 0.000210012887588717 1768.23822963527 2490.27418435842 0.000467448040116825 4.85978562189369 55.8254298155488 0.0000226678170641216 5880897.6770489 4016521.24699258 99.9741864290909 112.099067315875 10339.4563829938 10257.9986899314 0 2406471.05181778 434116.285228044 0 560.635839508663 40.9614713891321 0 706.887376145295 42.3537833761153 0 542.192763885568 47.2709148305768 0 10.9793263214597 5.8733547088137 0 2407464.04703934 289541.507878993 0 191.919492436271 3715.49963694652 0 7548220.14888582 5016772.82454969 0 974.283205006183 308.669480379571 0 1528.86246614344 480.811303107154 0 541.19392839582 225.5244344109 0 6.5696314273632 16.1024162797846 0 6096597.21519646 1517502.25973748 0 17.9030323703853 806.082233812543 17998180.2148679
"213" 212 6276251.49148445 4319998.83747025 0.000000000182664551216018 2240.75254970504 1541.93192070268 0.0000000103566103345245 3461.91854952434 1862.73812132692 0.000187928644954303 1705.12406170602 2370.75760896153 0.000418292790382161 4.68549314259333 53.1303704468285 0.0000201239410128834 5881482.90311558 3985566.77720704 99.9742591408739 112.124745883427 10340.3439997081 10257.998691005 0 2360546.19391343 434110.957761274 0 532.188203889508 39.3650687250421 0 682.498789571772 40.7863684415839 0 523.486367919539 45.5215283066756 0 10.5928420354658 5.65489722484052 0 2365914.0365948 289551.699559517 0 192.081862197748 3715.7670847989 0 7628026.15400505 5016732.67693621 0 945.295825436803 296.641390919532 0 1483.31809839793 463.025191077068 0 525.071918834901 217.181862532842 0 6.37303970598575 15.5036897054969 0 6169954.23608191 1517580.76595901 0 17.9557581503484 806.479125696132 18076250.8654686
"214" 213 6275956.8196513 4285732.96440659 0.000000000182661051710699 2156.4016628559 1467.69981171056 0.00000000871653512799177 3337.88068229584 1773.32350841913 0.000168166464459785 1644.03078381735 2256.95719253344 0.000374306001539524 4.51681439813915 50.5659328687963 0.0000178655084954694 5882047.20090355 3954586.2237764 99.9743241968449 112.14950177278 10341.188769614 10257.998691958 0 2314639.93593385 434105.843541276 0 504.677745525777 37.8257169530973 0 658.116212531506 39.2710940250943 0 504.784581351777 43.8303356391694 0 10.2064075508907 5.44375193465582 0 2324344.48419923 289561.513262568 0 192.238412240093 3716.02456589178 0 7707818.94605656 5016694.13618212 0 917.069453760441 285.043011097844 0 1439.12849985737 445.830081127885 0 509.429476850746 209.116500048927 0 6.18239423205222 14.9249872017545 0 6243321.8703216 1517656.36216187 0 18.0069064933281 806.861231695472 18154321.5160694
"215" 214 6275673.53888591 4251478.61860182 0.000000000182657692741263 2074.95164467252 1396.9938149015 0.00000000733591703905153 3217.83591044423 1688.18531674847 0.000150481998147898 1584.9042543979 2148.59949404351 0.000334943802329195 4.35359786739696 48.1256755382726 0.0000158604595681402 5882591.24234192 3923580.81442758 99.9743824038014 112.173364782368 10341.9927671987 10257.9986928042 0 2268751.66709755 434100.934666652 0 478.139531249028 36.341636291843 0 633.826829370248 37.80651320548 0 486.154275826883 42.1957219242226 0 9.82150475642612 5.23971443511313 0 2282755.81001776 289570.961600989 0 192.389154189621 3716.27241479064 0 7787598.94747011 5016657.14276188 0 889.572892648888 273.860946573656 0 1396.23982254614 429.20963254374 0 494.247541083618 201.320682350026 0 5.997443337105 14.3657504561752 0 6316699.79979655 1517729.14533361 0 18.0565249437715 807.229047748751 18232392.1666702
"216" 215 6275401.24346051 4217235.29449826 0.00000000018265446907945 1996.3155798449 1329.62726045084 0.00000000617427808181272 3101.67636715525 1607.11474252943 0.000134657771438182 1527.69134501677 2045.41876321927 0.000299722136426924 4.19569489438009 45.8033496604012 0.0000140805162416512 5883115.68118867 3892551.72021585 99.9744344796586 112.196363898655 10342.7579675654 10257.9986935553 0 2222880.7938186 434096.223500988 0 452.595416470255 34.9110827907319 0 609.710011895008 36.3912068844296 0 467.656330660103 40.6161033109943 0 9.43947020003629 5.04258428345385 0 2241148.44415834 289580.056833433 0 192.534122963468 3716.51095659719 0 7867366.56888447 5016621.63914518 0 862.776944672456 263.082071246067 0 1354.60329284914 413.147813152626 0 479.50884641978 193.786889549435 0 5.81796150999379 13.8254318491754 0 6390087.70928457 1517799.20974838 0 18.1046586002876 807.583055800481 18310462.817271
"217" 216 6275139.54042159 4183002.50695761 0.000000000182651375670896 1920.40858011072 1265.42337634695 0.00000000519658421393253 2989.29605357573 1529.91490916104 0.000120497504937898 1472.33984728357 1947.16442984132 0.000268204123894034 4.0429594048625 43.5930893422015 0.0000125003157780044 5883621.1536107 3861500.05449139 99.9744810722695 112.218527322396 10343.486243555 10257.9986942221 0 2177026.73945933 434091.702661631 0 428.055305099851 33.5323575420288 0 585.83953397337 35.0237789549253 0 449.347331466798 39.089921609149 0 9.06153947833964 4.85216425389409 0 2199522.82170804 289588.810877005 0 192.673370176891 3716.7405072922 0 7947122.20932645 5016587.56971249 0 836.658650964177 252.693597833936 0 1314.16887087788 397.628844844277 0 465.195679504094 186.507720928058 0 5.6437177545949 13.3034924091314 0 6463485.29065814 1517866.64706235 0 18.1513512719629 807.923724304752 18388533.4678717
"218" 217 6274888.04940236 4148779.79083882 0.000000000182648407632346 1847.14769295904 1204.21884111678 0.0000000043734903843047 2880.59094590065 1456.39777250398 0.000107825870473981 1418.79852559286 1853.59716500506 0.000239999518151767 3.89524806929911 41.4893085430093 0.0000110973879254397 5884108.27830264 3830426.87689715 99.9745227602255 112.239882473879 10344.1793737946 10257.9986948142 0 2131188.94413306 434087.365015634 0 404.51930501776 32.2038025989268 0 562.282110277403 33.7028592479367 0 431.278449358038 37.6156475776511 0 8.68882123569979 4.6682607986474 0 2157879.38338194 289597.235308661 0 192.806965107672 3716.96137376986 0 8026866.25631408 5016554.88072463 0 811.198235212849 242.683046604934 0 1274.88887450421 382.637237656051 0 451.291161592509 179.475910922374 0 5.4744933510949 12.7994030990833 0 6536892.24091312 1517931.54632398 0 18.1966449687948 808.251508273826 18466604.1184725
"219" 218 6274646.40233277 4114566.70032136 0.000000000182645560247492 1776.45178743016 1145.86634215236 0.00000000368092457941347 2775.45909972221 1386.38145209259 0.0000964871437897597 1367.01716851989 1764.48548448147 0.000214761707144951 3.75242046109821 39.4866116862163 0.00000985196236001402 5884577.65673508 3799333.19763369 99.9745600573137 112.260456004039 10344.8390511751 10257.9986953397 0 2085366.86429651 434083.203673718 0 381.981410125583 30.9237963246627 0 539.095214925052 32.4271063598745 0 413.493767807249 36.1917840804775 0 8.32225957751397 4.49068448958862 0 2116218.57614003 289605.341369368 0 192.934995454155 3717.17385394724 0 8106599.08614493 5016523.52027733 0 786.37541610599 233.038209884369 0 1236.72191979899 368.157822694806 0 437.780643407098 172.684344566439 0 5.31010094690903 12.312646053497 0 6610308.26021408 1517993.9940052 0 18.240579433498 808.566849436749 18544674.7690733
"220" 219 6274414.24292215 4080362.8077674 0.000000000182642828959202 1708.24173098306 1090.22510644297 0.00000000309807086335643 2673.80046653042 1319.69493237531 0.0000863408131486184 1316.94649844035 1679.61173211403 0.000192177938943701 3.61433878029862 37.5799463367899 0.0000087463124974193 5885029.87376928 3768219.9772302 99.9745934270641 112.280273822336 10345.4668814689 10257.9986958063 0 2039559.97249611 434079.211978928 0 360.428641174696 29.6907613533093 0 516.330945298331 31.1952030655327 0 396.033246254221 34.8168609670166 0 7.96270603080106 4.3192493083559 0 2074540.8474082 289613.139977536 0 193.057559785648 3717.37823712994 0 8186321.06406608 5016493.43821592 0 762.174202899433 223.747213071336 0 1199.6259924881 354.175700278061 0 424.649252537448 166.126033167513 0 5.1503502012708 11.8427126236256 0 6683733.056343 1518054.07410332 0 18.2831933571269 808.870176777802 18622745.4196741
"221" 220 6274191.22646947 4046167.70331541 0.000000000182640209366705 1642.44033453501 1037.16265291831 0.00000000260736926785163 2575.51695362434 1256.17628878209 0.0000772611135109402 1268.53820103886 1598.76982208629 0.000171968284911449 3.4808679451382 35.7645440724136 0.0000077646953112243 5885465.49781227 3737088.12928404 99.974623284287 112.299361103678 10346.0643887367 10257.9986962206 0 1993767.75718623 434075.383502549 0 339.842542774669 28.5031622697647 0 494.03514186368 30.0058579846967 0 378.93204499469 33.4894369321648 0 7.61090390139067 4.15377290792824 0 2032846.64533355 289620.641731566 0 193.174767960481 3717.5748040788 0 8266032.54437122 5016464.5861046 0 738.581087338926 214.798496903713 0 1163.56055978776 340.676259283612 0 411.882640998069 159.794123381985 0 4.99505814024965 11.3891041089175 0 6757166.34354086 1518111.86816025 0 18.324524087117 809.161906633572 18700816.0702748
"222" 221 6273977.01962012 4011980.99433354 0.000000000182637697222167 1578.97220857346 986.558694234865 0.00000000219446568294613 2480.51254983582 1195.6693780576 0.0000691364534365667 1221.74498723257 1521.76102661877 0.000153884364100746 3.35187578281508 34.0358106774719 0.00000689327607042952 5885885.08101614 3705938.52472874 99.9746499969655 112.317742297296 10346.6330238792 10257.9986965883 0 1947989.72230012 434071.712039119 0 320.202703835567 27.3594998652395 0 472.244792531274 28.8578088954825 0 362.218534286669 32.2081032143329 0 7.26744245532626 3.99407712954589 0 1991136.42032343 289627.856912974 0 193.286743059105 3717.76382709096 0 8345733.87070761 5016436.91718895 0 715.580861222849 206.180773653278 0 1128.4913474656 327.64521546372 0 399.468676234939 153.681915186643 0 4.84407246258269 10.9513331982323 0 6830607.83989232 1518167.45528589 0 18.3646069903075 809.442442810289 18778886.7208756
"223" 222 6273771.29986428 3977802.30437522 0.00000000018263528842326 1517.76389857275 938.297723901884 0.00000000184698783968275 2388.6931583332 1138.02739176165 0.0000618662390036236 1176.52051082083 1448.39849860574 0.000137702273911292 3.22723277694011 32.3894424137472 0.00000611966449452728 5886289.15989405 3674771.99209933 99.9746738967697 112.335441154711 10347.1741642182 10257.9986969148 0 1902225.38698654 434068.191595592 0 301.484831429854 26.2583173684488 0 450.992316524616 27.7498186879856 0 345.917580139918 30.9714790793274 0 6.93283479197447 3.83998737386897 0 1949410.61959439 289634.79549982 0 193.393614330511 3717.94557036614 0 8425425.37623796 5016410.38631441 0 693.161188802304 197.883074896566 0 1094.38387906964 315.068565643862 0 387.39515411139 147.782840395601 0 4.69723963814848 10.5289222384824 0 6904057.27137003 1518220.91226045 0 18.4034765570396 809.712177124362 18856957.3714764
"224" 223 6273573.7553589 3943631.27281137 0.000000000182632979010554 1458.74384324294 892.270040582671 0.00000000155448406248861 2299.9666333806 1083.11168366933 0.0000553604203155587 1132.81938659045 1378.50577921551 0.000123221580702374 3.10681212405024 30.8213870104608 0.00000543285430176251 5886678.25548502 3643589.31957583 99.9746952805553 112.352480737114 10347.689117466 10257.9986972046 0 1856474.28543082 434064.816387546 0 283.66184715087 25.1981988311748 0 430.304974098687 26.6806764023708 0 330.05009156129 29.7782129789589 0 6.60750731675906 3.69133276441542 0 1907669.68730821 289641.467169679 0 193.495517417095 3718.12029008546 0 8505107.38374299 5016384.94989765 0 671.311390536343 189.894739212956 0 1061.2048734581 302.932599811225 0 375.650293612282 142.09046833041 0 4.55441176374733 10.1214036922806 0 6977514.37104947 1518272.31355694 0 18.4411662115114 809.971489517716 18935028.0220772
"225" 224 6273384.08462253 3909467.55419625 0.000000000182630765163167 1401.84227338676 848.37389315963 0.00000000130830376677268 2214.24285091014 1030.78958260194 0.0000495387457130593 1090.59722507514 1311.91401422065 0.000110263659812939 2.9904898413578 29.327771263652 0.00000482312359033926 5887052.87365482 3612391.25850877 99.9747144128261 112.36888342886 10348.1791285825 10257.9986974619 0 1810735.96642055 434061.580832842 0 266.706159856937 24.1777653611549 0 410.203509606534 25.6491991702212 0 314.631979767329 28.6269847177756 0 6.29177569188447 3.54794645139686 0 1865914.06515447 289647.881305186 0 193.592595049701 3718.28823455898 0 8584780.20592166 5016360.56587901 0 650.019888650354 182.205383528638 0 1028.92507147131 291.223923681362 0 364.223737442624 136.598516404938 0 4.41546036074926 9.72832098768061 0 7050978.87752238 1518321.73138327 0 18.4777079503581 810.220748274222 19013098.6726779
"226" 225 6273201.9962156 3874075.73324381 0.000000000182628643194117 1346.99125481216 806.510244116424 0.00000000110111075636679 2131.43362961762 980.935724936965 0.0000443292721141766 1049.81059369226 1248.46364991977 0.0000986683798670389 2.87814464759661 27.9049449551357 0.00000428182207128304 5887413.50549067 3580037.1867773 99.9747315306639 112.384670955366 10348.645380656 10257.9986976903 0 1767483.15903428 434058.479544849 0 250.591271534407 23.1956773686018 0 390.704304292577 24.6542303881881 0 299.675809407634 27.5165034146791 0 5.98588360055755 3.40966532750262 0 1826423.86887443 289654.047002484 0 193.684993609085 3718.44964445578 0 8663206.06435683 5016337.1936714 0 629.27538333273 174.804920393693 0 997.516315343542 279.929438085359 0 353.105518184032 131.300840456931 0 4.28026196682406 9.34922773749619 0 7123312.19489442 1518369.23574673 0 18.513132851316 810.460310359401 19091169.3232787
"227" 226 6273027.20891973 3791228.57661602 0.000000000182626609555527 1294.12420944362 765.999035728754 0.000000000926730498345209 2051.45272861334 933.416145886344 0.0000396676210410331 1010.41701558567 1187.98418567353 0.000088292446833268 2.76965796072883 26.5489712624729 0.00000380127011571848 5887760.62760426 3503806.71941667 99.974746846186 112.399864396755 10349.0889968473 10257.9986978931 0 1819279.13611573 434055.507340057 0 236.010910518701 22.2506203977931 0 371.843339788276 23.6946399032024 0 285.209178910002 26.4455077096397 0 5.69040921671431 3.27633005896057 0 1874532.27886583 289659.973077197 0 193.772864184988 3718.60475296439 0 8694048.58038407 5016314.79421779 0 608.831172301559 167.683451168205 0 966.941866129532 269.036341372596 0 342.282630811823 126.191435875022 0 4.14865271980867 8.98368783262765 0 7151902.39277055 1518414.89449946 0 18.5474709168962 810.690521656678 19169239.9738795
"228" 227 6272859.45264703 3708184.38668421 0.000000000182624660858227 1243.17488592195 726.393861227765 0.000000000779966558551314 1974.21571854099 888.057153399752 0.0000354961847188936 972.374906147055 1130.25455887241 0.0000790076369549574 2.66491370674019 25.2546377616357 0.0000033746500464599 5888094.70244444 3427369.687736 99.9747605491698 112.414484201928 10349.5110247176 10257.9986980731 0 1871490.04616821 434052.659266759 0 223.374109080834 21.3412754152001 0 353.725404777122 22.7693216428694 0 271.312462698766 25.4127631189866 0 5.40709471123583 3.14778472465281 0 1923017.97381017 289665.668070667 0 193.856376165722 3718.75378596069 0 8724682.96603389 5016293.33020741 0 588.532102366648 160.831042143711 0 937.135217141025 258.532102737988 0 331.731532975602 121.264425087884 0 4.0203293648571 8.6312744579479 0 7180301.79295184 1518458.77338611 0 18.5807501928269 810.911717214904 19247310.6244802
"229" 228 6272698.46678312 3625149.4381433 0.000000000182622793839582 1194.07884465891 687.849452443774 0.000000000656445990836634 1899.63990239247 844.701521625489 0.000031763415919359 935.643534014202 1075.07466388699 0.0000706992160785739 2.56379820400313 24.0172604938501 0.00000299590964997338 5888416.17858741 3350917.76447323 99.9747728093992 112.42855020156 10349.9124293159 10257.998698233 0 1923701.9241605 434049.930558025 0 212.355240935864 20.4663631461543 0 336.434492053208 21.8771922471332 0 258.050084452594 24.4170605082138 0 5.13732041867637 3.02387661120979 0 1971499.61214516 289671.140255592 0 193.935723916395 3718.89696215847 0 8755316.48860412 5016272.7657214 0 568.46315763363 154.238058715892 0 908.038461289603 248.404446898093 0 321.431726451784 116.514050376557 0 3.89503030960872 8.29156953543163 0 7208700.86291191 1518500.93608677 0 18.6129963273279 811.12422147032 19325381.275081
"230" 229 6272543.9994799 3542123.31029379 0.000000000182621005350879 1146.77379956257 650.482062404714 0.000000000552485632976388 1827.64436070278 803.218056988244 0.0000284231751643183 900.183043331221 1022.27752707595 0.0000632644866560638 2.46620023318663 22.8329842767279 0.00000265967417686517 5888725.49103464 3274451.55520133 99.9747837788214 112.442081621461 10350.2941065225 10257.9986983748 0 1975914.73382255 434047.316613293 0 202.681889402449 19.6246541297087 0 320.018689912351 21.0171921054096 0 245.458928584618 23.457217249521 0 4.88185351372759 2.90445637607217 0 2019977.41660755 289676.397641868 0 194.011117550988 3719.03449326586 0 8785949.1988045 5016253.06609414 0 548.692739789967 147.895241206638 0 879.608818968529 238.64136606464 0 311.368067913916 111.934679490632 0 3.77256570394735 7.96416417585627 0 7237099.54162826 1518541.4442616 0 18.6442331633764 811.328348477269 19403451.9256818
"231" 230 6272395.80739731 3459105.60129952 0.000000000182619292353713 1101.19952350002 614.375994018959 0.000000000464991851881498 1758.14999981501 763.49644251 0.0000254342038716436 865.954477520828 971.722745012727 0.0000566116150691427 2.37201111089309 21.6986126804912 0.00000236117599140518 5889023.06149364 3197971.63053205 99.9747935932874 112.455097095196 10350.6568947035 10257.9986985008 0 2028128.43874694 434044.812993091 0 194.127012102195 18.814965781339 0 304.497911832984 20.1882864554576 0 233.554269018627 22.5320784482596 0 4.640983364695 2.78937821839339 0 2068451.61495201 289681.447982158 0 194.082775434325 3719.16658413507 0 8816581.14481984 5016234.1978735 0 529.274989655712 141.793682740069 0 851.815630074525 229.231132608873 0 301.529704154398 107.520811588459 0 3.65280281895689 7.64865915213434 0 7265497.76839884 1518580.35759344 0 18.6744831903182 811.52440212918 19481522.5762826
"232" 231 6272253.65540879 3376095.92720143 0.000000000182617651915831 1057.29777713383 579.589111342824 0.000000000391351337216888 1691.0795693657 725.442942448556 0.0000227595363123001 832.919787896538 923.291017661798 0.000050658322759636 2.28112471676169 20.6114668897363 0.00000209617630684857 5889309.29871741 3121478.53148401 99.9748023744942 112.467614679384 10351.0015848074 10257.9986986126 0 2080343.00275786 434042.415412976 0 186.500851711377 18.0361603960012 0 289.871539867875 19.389465803899 0 222.335631780224 21.6405174122737 0 4.41465507708246 2.67849994436099 0 2116922.43403913 289686.298778806 0 194.150916903849 3719.29343294899 0 8847212.37225527 5016216.12877524 0 510.252735964033 135.92481427167 0 824.636770808152 220.162303989086 0 291.908803686621 103.267079548406 0 3.53564866120911 7.34466508153915 0 7293895.48481639 1518617.7338406 0 18.70376806295 811.712676434306 19559593.2268833
"233" 232 6272117.3163909 3293093.9212997 0.00000000018261608120831 1015.01220923821 546.157906819686 0.000000000329376581923846 1626.35769894814 688.976903915039 0.0000203661534968649 801.041851720725 876.879695891868 0.000045331115847861 2.19343754904199 19.5692715922102 0.00000186092004273116 5889584.59875977 3044972.77309138 99.9748102311273 112.479651865207 10351.3289274027 10257.9986987119 0 2132558.38998565 434040.119739418 0 179.645946276112 17.2871419840683 0 276.12259695888 18.6197468120074 0 211.78999522213 20.7814366405261 0 4.20254144632163 2.57168310418055 0 2165390.09730937 289690.95728897 0 194.215759038282 3719.41523135951 0 8877842.9241778 5016198.82765196 0 491.658535735375 130.280380707367 0 798.057543265739 211.423732980679 0 282.500163677497 99.1682547672606 0 3.42104470190074 7.05180280622455 0 7322292.63519519 1518653.62887622 0 18.7321087306848 811.893455719981 19637663.8774841
"234" 233 6271986.57092021 3210099.23319533 0.000000000182614577501344 974.288305628433 514.100825667606 0.000000000277212818280458 1563.91087580604 654.02826111029 0.0000182244360848156 770.284461217901 832.399605049459 0.0000405640674145898 2.10884869122669 18.570074374468 0.00000165206385107865 5889849.34536284 2968454.84778466 99.9748172606672 112.491225595923 10351.6396386027 10257.9986988 0 2184774.56515822 434037.921983653 0 173.430779598494 16.5668550749953 0 263.223353721966 17.8781718709154 0 201.896090508776 19.9537673489884 0 4.0041400092511 2.46879292538407 0 2213854.82084162 289695.430532708 0 194.277511910543 3719.53216470684 0 8908472.84111997 5016182.2644469 0 473.517412256023 124.852432000809 0 772.067531587867 203.004562965189 0 273.300097072107 95.2192449505558 0 3.30895171140413 6.76970321206574 0 7350689.16810093 1518688.09675017 0 18.7595258560393 812.067014956967 19715734.5280849
"235" 234 6271861.20710898 3127111.52837156 0.000000000182613138162107 935.073291674177 483.422456326897 0.000000000233313285719223 1503.66748130233 620.534818890351 0.0000163079606558545 740.612341536967 789.771587678629 0.0000362983640404507 2.02725986769442 17.6121573630607 0.00000146665033144605 5890103.91016436 2891925.22787601 99.9748235500616 112.502352276185 10351.934405073 10257.9986988783 0 2236991.49351847 434035.818298564 0 167.746741942204 15.8742815667136 0 251.137498011168 17.1638100065844 0 192.626065702995 19.1564704806749 0 3.81880984842877 2.36969845377963 0 2262316.81260578 289699.725297086 0 194.3363774648 3719.64441212968 0 8939102.1611823 5016166.4101704 0 455.846976916127 119.633299339654 0 746.660676317578 194.894238360875 0 264.306458915369 91.415099005033 0 3.19935026514617 6.49800762002358 0 7379085.03602517 1518721.18972051 0 18.7860397608856 812.233619922282 19793805.1786857
"236" 235 6271741.02029901 3044130.48728978 0.000000000182611760650589 897.316083878977 454.11548538587 0.000000000196365573887017 1445.55774303493 588.440997861246 0.0000145930165411677 711.991127166458 748.924906368858 0.0000324812303658252 1.9485753716121 16.6939984410761 0.00000130204537501451 5890348.65312373 2815384.36739633 99.9748291773206 112.513047791328 10352.2138868355 10257.9986989477 0 2289209.14101347 434033.804972609 0 162.503364355176 15.2084396942342 0 239.823866170912 16.4757559409778 0 183.948347690117 18.3885356578212 0 3.64583518602628 2.2742724067511 0 2310776.27038489 289703.84814517 0 194.39254708858 3719.7521468094 0 8969730.92009312 5016151.2368542 0 438.659694151477 114.615587482957 0 721.832843246618 187.082494059436 0 255.517785760796 87.7510020839338 0 3.09222910017864 6.23636738523665 0 7407480.19636382 1518752.95832239 0 18.8116707151007 812.393527560478 19871875.8292864
"237" 236 6271625.81288799 2961155.80493661 0.000000000182610442517284 860.967230624623 426.16298353465 0.000000000165266308619591 1389.51373476044 557.696403911384 0.0000130583982314637 684.387361896934 709.795423159943 0.0000290654670313226 1.8727020657282 15.8142253727482 0.00000115591194586859 5890583.92275513 2738832.70355653 99.9748342122008 112.523327517857 10352.4787199826 10257.9986990094 0 2341427.47426854 434031.878426438 0 157.626021024805 14.568382289825 0 229.237968586347 15.8131302027149 0 175.828812296964 17.6489813053843 0 3.48445097589286 2.18239119156469 0 2359233.38137801 289707.805420763 0 194.446201046432 3719.85553609774 0 9000359.15129692 5016136.71752596 0 421.963364434298 109.792161641673 0 697.581499834614 179.559356784572 0 246.933181127833 84.2222762242361 0 2.9875836792453 5.98444395006129 0 7435874.61128525 1518783.45140442 0 18.8364389343408 812.546986172616 19949946.4798872
"238" 237 6271515.39413178 2878187.19035147 0.000000000182609181400617 825.978818647757 399.541888001546 0.000000000139096853217016 1335.46938945489 528.253670377259 0.0000116851918726534 657.768505253902 672.32285320742 0.0000260089754584868 1.79954940332674 14.971546092542 0.00000102618337695261 5890810.05639912 2662270.65870747 99.9748387169101 112.53320633567 10352.7295205794 10257.9986990642 0 2393646.46045608 434030.035209153 0 153.053194792147 13.9531939246131 0 219.333764312739 15.1750795552054 0 168.232145458071 16.9368551288827 0 3.33387277636135 2.09393497339368 0 2407688.32190083 289711.603253889 0 194.49750785839 3719.95474166406 0 9030986.88609982 5016122.82618113 0 405.761348697138 105.156125897991 0 673.905703110257 172.315150087016 0 238.552311219059 80.8243826895703 0 2.88541626693607 5.74190903458011 0 7464268.24737681 1518812.71617069 0 18.8603645346433 812.694235633997 20028017.130488
"239" 238 6271409.57984679 2795224.36576476 0.00000000018260797502294 792.304470996619 374.221696619417 0.000000000117068984820562 1283.36039360682 500.069657137753 0.0000104563703715803 632.10288043321 636.452290902595 0.0000232738566335176 1.72902926897848 14.1647915047585 0.000000911011723534164 5891027.38068025 2585698.63974207 99.9748427474436 112.542698648794 10352.966882313 10257.9986991128 0 2445866.06751008 434028.27199245 0 148.734062874219 13.3619915649537 0 210.064987119005 14.5607748455634 0 161.122860310112 16.2512317135755 0 3.19331792867545 2.00878734087256 0 2456141.25722099 289715.24757061 0 194.546624442639 3720.0499197627 0 9061614.15372241 5016109.53773877 0 390.054705813139 100.700828305856 0 650.803943879361 165.34046995275 0 230.374641802816 77.5529105292604 0 2.78572564633256 5.50844371878189 0 7492661.07638341 1518840.79825609 0 18.8834677598753 812.83550779022 20106087.7810888
"240" 239 6271308.1923112 2712267.06644641 0.000000000182606821189256 759.899257654581 350.168282467012 0.0000000000985283315882878 1233.12423934238 473.102908443161 0.00000935676403108888 607.359699974604 602.130974382205 0.0000208263457466173 1.66105605956257 13.3928314835201 0.000000808764966630389 5891236.21161737 2509117.04028886 99.9748463536797 112.55181839023 10353.1913813499 10257.9986991559 0 2498086.26388062 434026.585568765 0 144.627130573877 12.7939216041377 0 201.385973944255 13.9694122716642 0 154.465932629952 15.5912139386217 0 3.06201977683477 1.92683550699674 0 2504592.34169196 289718.74409492 0 194.593695862888 3720.14122128153 0 9092240.98143842 5016096.82802767 0 374.841385349694 96.4198384176178 0 628.275286611748 158.626199312881 0 222.399841715731 74.4035833841773 0 2.6885127295248 5.28373899790039 0 7521053.07432738 1518867.74174084 0 18.9057687932951 812.9710265288 20184158.4316895
"241" 240 6271211.06003075 2629315.0401522 0.000000000182605717784174 728.719632725459 327.345273285915 0.0000000000829278027272585 1184.70018636844 447.313023839104 0.00000837282273235233 583.509047017293 569.307484886132 0.0000186362828558811 1.59554662842197 12.6545561391638 0.000000717997420544395 5891436.85497746 2432526.24133388 99.9748495801648 112.560579037905 10353.4035772791 10257.9986991942 0 2550307.01844644 434024.972846829 0 140.69822014587 12.2481582524715 0 193.25267584416 13.4002127369049 0 148.227576245031 14.9559322569294 0 2.93924403438219 1.84797021103158 0 2553041.71904873 289722.098356062 0 194.638855557968 3720.22879193971 0 9122867.39471233 5016084.67375281 0 360.11689602341 92.3069351790182 0 606.318870229017 152.16350080153 0 214.627606149219 71.3722560898279 0 2.59377826000417 5.06749551540396 0 7549444.22138049 1518893.58920669 0 18.9272877749098 813.10100807201 20262229.0822903
"242" 241 6271118.01748073 2546368.04637557 0.000000000182604662768469 698.723445931433 305.711603757088 0.0000000000697957816150392 1138.02914557054 422.662716660707 0.00000749233428820473 560.521817967579 537.934366659081 0.0000166764859963268 1.53242011069154 11.9489465995692 0.000000637414591813566 5891629.60669605 2355926.60967144 99.9748524670415 112.568993633706 10353.6040089138 10257.9986992282 0 2602528.30071616 434023.430846642 0 136.919727369076 11.7239046065863 0 185.622430842732 12.8524195169725 0 142.375068807413 14.3445420910441 0 2.82428307672433 1.77208535743468 0 2601489.52335548 289725.315697541 0 194.68222689378 3720.31277253248 0 9153493.41724933 5016073.05245755 0 345.875836519621 88.3561151142668 0 584.932480622976 145.94379027666 0 207.057151342847 68.4549022563046 0 2.50151603451475 4.85942257197161 0 7577834.50222275 1518918.38180605 0 18.9480449292062 813.225661339654 20340299.7328911
"243" 242 6271028.90502315 2463425.85630336 0.000000000182603654178005 669.86985047745 285.225736314038 0.0000000000587423195853126 1093.05374487485 399.114873453734 0.00000670442996706574 538.369754938359 507.964384395662 0.0000149227634750819 1.47159802591134 11.2749771685817 0.00000056587469948801 5891814.75295374 2279318.5005028 99.9748550500308 112.577074786752 10353.7932002138 10257.9986992584 0 2654750.08050203 434021.956697907 0 133.269243742182 11.2203895676149 0 178.454993966802 12.3252998251062 0 136.877541845018 13.7562255801328 0 2.71647416463025 1.69907826464643 0 2649935.87887209 289728.401278187 0 194.723922424586 3720.39329895674 0 9184119.07113691 5016061.94251179 0 332.110926167346 84.5615689923895 0 564.113818258501 139.958754705624 0 199.687663296354 65.6476226575009 0 2.41171909209886 4.65923881193482 0 7606223.9051477 1518942.15927021 0 18.9680603743638 813.345187986632 20418370.3834919
"244" 243 6270943.56868667 2380488.25234081 0.000000000182602690120894 642.119252668559 265.846151266394 0.0000000000494414750274922 1049.71827776975 376.632546931987 0.00000599940187168827 517.025420394057 479.350514277075 0.0000133535073918224 1.41300420252317 10.6316168980555 0.000000502366383277288 5891992.5705236 2202702.25743558 99.9748573610332 112.584834689029 10353.9716600416 10257.9986992852 0 2706972.327806 434020.547635875 0 129.728382996216 10.7368666774197 0 171.712828616189 11.8181439071582 0 131.70620424672 13.1901905699839 0 2.61520346903016 1.62884952782124 0 2698380.90082187 289731.360079326 0 194.764044689643 3720.47050240435 0 9214744.37697332 5016051.32308076 0 318.813510025525 80.9176730887489 0 543.860168005059 134.20034194978 0 192.518180895059 62.9466404395831 0 2.32437820343748 4.46667184815687 0 7634612.42187749 1518964.95996438 0 18.9873541237292 813.459782689354 20496441.0340926
"245" 244 6270861.85992987 2297555.02740467 0.000000000182601768774354 615.433326562169 247.528605480146 0.0000000000416123768663945 1007.96858772045 355.181185516886 0.00000536850207905377 496.462140220522 452.048781566945 0.0000119492465630552 1.35656460547516 10.0179054230683 0.00000044598422384224 5892163.32716588 2126078.21079352 99.9748594287916 112.592285133223 10354.1398777304 10257.998699309 0 2759195.01303765 434019.200996769 0 126.282849661499 10.2726152585697 0 165.360224764869 11.3302627782409 0 126.833665909992 12.6456680868874 0 2.51988934689952 1.56130267067709 0 2746824.69667799 289734.196913136 0 194.802688192084 3720.54450958858 0 9245369.35391005 5016041.17409045 0 305.974682967346 77.4189978754634 0 524.167423106125 128.660735074315 0 185.547250409968 60.3482890710225 0 2.23947724197967 4.28145730665696 0 7663000.0477224 1518986.8209519 0 19.0059461610676 813.569633481364 20574511.6846934
"246" 245 6270783.63556341 2214625.9849631 0.0000000001826008883837 589.774930891858 230.229923240345 0.0000000000350226442225654 967.752126196881 334.72595638281 0.00000480394380290863 476.654032305926 426.014853578122 0.0000106926491096999 1.30220742699752 9.43286380719252 0.00000039592946179805 5892327.28170225 2049446.67995332 99.9748612788866 112.59943751589 10354.2983285846 10257.9986993301 0 2811418.10663407 434017.914216294 0 122.921086152113 9.82693767813798 0 159.364399637819 10.8609896034312 0 122.234781975839 12.1219138786337 0 2.43000190074477 1.49634436544012 0 2795267.36593294 289736.916423699 0 194.839938471219 3720.61544276936 0 9275994.01978115 5016031.47621647 0 293.584496007098 74.0602873181002 0 505.03109607334 123.332368113016 0 178.77328333884 57.849019737055 0 2.15699810601751 4.10333943298563 0 7691386.78087163 1519007.7780023 0 19.0238562949959 813.674921790585 20652582.3352942
"247" 246 6270708.75754278 2131700.93862441 0.00000000018260004725966 565.10806921842 213.907921576223 0.0000000000294776073814145 929.017894630987 315.232080326124 0.0000042987671966088 457.575977952575 401.204465869612 0.00000956822376019385 1.24986300196312 8.87550700906578 0.000000351494002198774 5892484.68434955 1972807.9730578 99.9748629341786 112.606302852448 10354.4474731238 10257.9986993489 0 2863641.57893786 434016.68482574 0 119.633699467411 9.39915853951039 0 153.69534323978 10.4096786858235 0 117.886534347147 11.6182072850836 0 2.34505951574375 1.43388428041374 0 2843709.00106921 289739.52309382 0 194.875873139462 3720.68341993682 0 9306618.39121339 5016022.21085464 0 281.632317458758 70.8364528141562 0 486.446128273068 118.207914622489 0 172.194489002741 55.445395971042 0 2.07691985446625 3.9320706751738 0 7719772.62218074 1519027.86564373 0 19.0411041501102 813.77582271127 20730652.985895
"248" 247 6270637.09276065 2048779.71148276 0.000000000182599243775636 541.397901224249 198.518980825385 0.0000000000248099271005272 891.71634353733 296.666754243366 0.00000384670541511174 439.203572190028 377.575869037012 0.00000856202173041007 1.19946365852477 8.34490886830499 0.000000312044498475034 5892635.77706694 1896162.38566904 99.9748644152497 112.612891792803 10354.5877534341 10257.9986993655 0 2915865.40043161 434015.51044796 0 116.413867024329 8.98862563261152 0 148.324807652519 9.97570354833458 0 113.767256465173 11.1338490972765 0 2.26461037196309 1.37383478700106 0 2892149.68872159 289742.021252257 0 194.910563688554 3720.74855500624 0 9337242.48365946 5016013.36009073 0 270.10760144039 67.7425804234719 0 468.406266616653 113.280265911671 0 165.80865390393 53.1340834430266 0 1.99921574559521 3.76741087998883 0 7748157.57521676 1519047.11721848 0 19.0577092096665 813.872505293011 20808723.6364957
"249" 248 6270568.5129723 1965862.13629883 0.000000000182598476366731 518.610664682447 184.021521447594 0.0000000000208813557803976 855.799424354718 278.996687218855 0.00000344218243742383 421.51314930904 355.086692823998 0.00000766163187684665 1.15094379945887 7.84012006774364 0.000000277022490982393 5892780.79363092 1819510.20278766 99.9748657404099 112.619214624575 10354.7195982621 10257.9986993803 0 2968089.54123836 434014.388795962 0 113.256020525924 8.59470740054663 0 143.227416387174 9.5584581698972 0 109.857484198712 10.6681629371426 0 2.1882521616947 1.31611115685857 0 2940589.5095139 289744.415074816 0 194.944074502903 3720.81095784492 0 9367866.31151792 5016004.90668986 0 258.999207530498 64.7739117118405 0 450.904908797207 108.542545147764 0 159.613440926756 50.9118565761206 0 1.92385734530676 3.60912783612309 0 7776541.64567019 1519065.56489144 0 19.0736906987395 813.965132580464 20886794.2870965
"250" 249 6270502.89459063 1882948.05507366 0.000000000182597743527095 496.713651009549 170.375100346732 0.0000000000175754547660731 821.220516487304 262.18896476013 0.00000308020624841186 404.481746926582 333.695046058348 0.00000685594294001354 1.10423979564757 7.36019787447596 0.000000245931940101488 5892919.95997385 1742851.69819033 99.9748669260493 112.625281288279 10354.8434213903 10257.9986993934 0 3020313.97106291 434013.317669037 0 110.155797071718 8.21679267507963 0 138.380116156893 9.1573556919187 0 106.139535345854 10.2204938137852 0 2.11562194279579 1.26063136686595 0 2989028.53914411 289746.708591246 0 194.976464128841 3720.8707344573 0 9398489.88821613 5015996.83406729 0 248.295784220823 61.9258417932766 0 433.934863871076 103.988092696933 0 153.606304587152 48.7755916705591 0 1.8508134001674 3.45699673985074 0 7804924.84121388 1519083.23970308 0 19.0890675893466 814.053861887677 20964864.9376973
"251" 250 6270440.11851621 1800037.31849636 0.000000000182597043807679 475.675208057259 157.538744885673 0.0000000000147925547772567 787.934352125302 246.212332545282 0.00000275628794074003 388.087068957238 313.361150512177 0.00000613496348100205 1.05928987590967 6.90424935630442 0.000000218329877915806 5893053.49446337 1666187.13368946 99.9748679869044 112.631101389857 10354.9596194003 10257.9986994051 0 3072538.65940106 434012.294949465 0 107.110427852112 7.85429122987089 0 133.761393554883 8.77182704831339 0 102.596908814793 9.79020659446467 0 2.04638205729253 1.207315891977 0 3037466.8491834 289748.905690921 0 195.007786552753 3720.9279871377 0 9429113.22623747 5015989.12626362 0 237.986219278655 59.1939235395573 0 417.488021353438 99.6104505813768 0 147.784373897546 46.7222596132966 0 1.78004826045044 3.31079962700494 0 7833307.17147507 1519100.17161315 0 19.1038586198963 814.138845024628 21042935.5882981
"252" 251 6270380.07006135 1717129.78634553 0.000000000182596375815254 455.464666073049 145.474091585477 0.0000000000124504781241382 755.897060001699 231.034982040694 0.00000246643553166336 372.307507165016 294.044522597247 0.00000548980811886366 1.01603419607866 6.4713577330699 0.000000193825963775033 5893181.60798701 1589516.76069488 99.9748689360783 112.636684204342 10355.0685762494 10257.9986994154 0 3124763.57482948 434011.318601094 0 104.117501031964 7.5066314210401 0 129.35231656644 8.40132202565154 0 99.2150834785079 9.37668718782706 0 1.98023861598048 1.15608787475004 0 3085904.50716547 289751.01012418 0 195.038090277907 3720.98281450375 0 9459736.33723363 5015981.76793415 0 228.059053383869 56.5738497496322 0 401.556068384544 95.4033745725845 0 142.144706232734 44.7489315503432 0 1.71152536272368 3.17032583988042 0 7861688.64753502 1519116.38951095 0 19.1180821991125 814.220228346597 21121006.2388988
"253" 252 6270322.6387443 1634225.32694494 0.000000000182595738209742 436.052330187225 134.143604905906 0.0000000000104794902005399 725.066075837313 216.625971732601 0.00000220706709046518 357.122097054199 275.705782205128 0.00000491250416909994 0.974414708012389 6.06063036097728 0.000000172072550400716 5893304.50429921 1512840.81926384 99.9748697853266 112.642038691415 10355.1706607381 10257.9986994246 0 3176988.68511463 434010.386665436 0 101.175389194371 7.17326051510949 0 125.135636829753 8.0453076555329 0 95.9808295959142 8.97934074963778 0 1.91692539866618 1.10687288252838 0 3134341.57765111 289753.025509364 0 195.067419793755 3721.0353116854 0 9490359.23207576 5015974.74431934 0 218.502939514054 54.0614556634843 0 386.130141476118 91.3608159520835 0 136.684164053439 42.8527703316494 0 1.64520555436818 3.03537136143002 0 7890069.28189169 1519131.92126948 0 19.1317564325819 814.298153034494 21199076.8894996
"254" 253 6270267.71816769 1552224.47959278 0.000000000182595129702596 417.409467226429 123.510544260368 0.00000000000882042140055612 695.400104859907 202.955539405874 0.00000197497085504931 342.510499408611 258.30705015293 0.00000439590287091623 0.934375106135664 5.67120928975763 0.000000152760233152922 5893422.3802122 1436993.33726684 99.9748705451887 112.647173503912 10355.2662262256 10257.9986994327 0 3227411.85186325 434009.497259303 0 98.2828487676159 6.85364456130087 0 121.095513785389 7.70326760740649 0 92.8819972305572 8.59759100510969 0 1.85619896536513 1.05959881832471 0 3181111.30390583 289754.955336568 0 195.095816096739 3721.08557042496 0 9521883.36347787 5015968.04122714 0 209.306912945219 51.6527180114251 0 371.200794560958 87.4769146344796 0 131.399403596351 41.0310272854691 0 1.58104694665073 2.90573857130503 0 7919282.10789186 1519146.79377427 0 19.1448991164504 814.372755243114 21277147.5401004
"255" 254 6270215.20579184 1512942.87412235 0.000000000182594549053078 399.508357215368 113.685285419434 0.00000000000742407149715573 666.859129740289 189.997610199647 0.00000176728193554118 328.453004200441 241.815140254097 0.00000393362753394652 0.895860843051841 5.30235010834154 0.000000135615397755745 5893535.42575916 1400687.06516203 99.9748712250644 112.652096995039 10355.3556137501 10257.99869944 0 3192365.83770878 434008.648569369 0 95.2604751719882 6.54726994772372 0 117.212154601036 7.37470254253708 0 89.9034049959548 8.23088064396393 0 1.79774811694305 1.01419598153307 0 3148824.27594378 289756.802970647 0 195.123315994151 3721.13367915596 0 9596160.17255059 5015961.64499191 0 200.518236705125 49.3437667223015 0 356.76091869194 83.7460032256201 0 126.287908402925 39.2810441218397 0 1.51901870306951 2.78123641363616 0 7988004.07780342 1519161.03294655 0 19.1575277065968 814.444166218001 21355218.1907012
"256" 255 6270165.00248612 1474022.0924725 0.000000000182593995060354 382.322538872558 104.724731512385 0.0000000000062488335479147 639.404378754597 177.738489019259 0.00000158143360892297 314.930514908981 226.212622388148 0.00000351996512953824 0.85881908443877 4.95369976352601 0.000000120394777161433 5893643.82444502 1364709.42137219 99.9748718333742 112.65681722959 10355.4391552772 10257.9986994464 0 3156604.24190656 434007.838840614 0 91.9966897980757 6.25365090327811 0 113.448828692524 7.05912961801671 0 87.0168800068326 7.87867076685881 0 1.74097451560752 0.97059699521396 0 3115869.01932323 289758.571656253 0 195.14994937837 3721.17972313794 0 9670794.32138079 5015955.54238739 0 192.162856568101 47.1309414867111 0 342.81090316522 80.1626014024757 0 121.349816278045 37.6002502964676 0 1.45912511182239 2.66168019776297 0 8057059.52916344 1519174.6637819 0 19.1696595692092 814.512512495421 21433288.8413019
"257" 256 6270117.01275737 1435102.76083135 0.000000000182593466569063 365.826397995432 96.5342549330875 0.00000000000525969612385694 612.998318047424 166.162406653221 0.00000141512922315388 301.924544709925 211.479426649554 0.00000314980375476189 0.823198700231635 4.62483240016439 0.000000106882423584848 5893747.75344118 1328727.99087228 99.9748723776514 112.661341992631 10355.5171769359 10257.9986994521 0 3120845.8528709 434007.06638447 0 88.5681289819097 5.97231745403593 0 109.774527963756 6.75608248497193 0 84.1986386084063 7.54044088338896 0 1.68537867485634 0.928736810011806 0 3082910.56307032 289760.264521628 0 195.175737490701 3721.22378455775 0 9745426.27107301 5015949.72068806 0 184.205531744876 45.0107009896344 0 329.34906683302 76.7214159153442 0 116.58453212111 35.9861630117613 0 1.4013604325358 2.5468916096288 0 8126116.1189694 1519187.71037952 0 19.1813120888148 814.57791605245 21511359.4919027
"258" 257 6270071.14473638 1396184.80520418 0.000000000182592962469925 349.995049719756 89.031856881885 0.00000000000442718375762625 587.604603174047 155.249043477026 0.000001266313454792 289.417192608113 197.589691698033 0.00000281856865744028 0.788950194946418 4.31517182269738 0.0000000948866045744349 5893847.38378912 1292742.97609511 99.9748728646369 112.665678798574 10355.5899965697 10257.9986994571 0 3085090.56129391 434006.329579707 0 85.0374591528811 5.70281224107493 0 106.167826675495 6.46511049033306 0 81.4322469511452 7.21568802118271 0 1.63062417999835 0.888552585845234 0 3049948.99200745 289761.884582607 0 195.200695362144 3721.26594263601 0 9820056.08619751 5015944.16767586 0 176.61567579341 42.9795989330749 0 316.369964048351 73.4173315412966 0 111.990128256382 34.4363829735476 0 1.34570107634787 2.43669838781706 0 8195173.82061713 1519200.195973 0 19.1925025265358 814.640494464921 21589430.1425035
"259" 258 6270027.31006059 1357268.1552992 0.000000000182592481698204 334.804329819782 82.146367963221 0.00000000000372649461413111 563.18803442611 144.974789073471 0.00000113314719292024 277.391121433755 184.51336791169 0.00000252216633262894 0.756025643913184 4.02403322967992 0.0000000842371154563779 5893942.88059318 1256754.57253915 99.9748733003618 112.669834899762 10355.6579217493 10257.9986994616 0 3049338.26214487 434005.626870191 0 81.4556081259264 5.44469054746328 0 102.614733835443 6.18577796000976 0 78.7069737431338 6.90392592585669 0 1.57650012357218 0.849983586587471 0 3016984.38515981 289763.434746351 0 195.224833925113 3721.30627372652 0 9894683.82868346 5015938.87162329 0 169.366628136934 41.0342842431006 0 303.86530112916 70.2454029612842 0 107.563668847267 32.9485905810305 0 1.29211004988222 2.33093403520235 0 8264232.61008753 1519212.142959 0 19.2032478940658 814.700361054846 21667500.7931043
"260" 259 6269985.42375987 1318352.74440668 0.000000000182592023232203 320.230788429191 75.8157865571163 0.00000000000313675249248722 539.714513956772 135.313836916436 0.00000101398479557288 265.829536724977 172.217610620919 0.00000225693389982352 0.724378632244001 3.75065936690757 0.0000000747828594189216 5894034.40320508 1220762.96802848 99.974873690222 112.67381729467 10355.7212481964 10257.9986994656 0 3013588.85439758 434004.95676268 0 77.8637050212257 5.19752039397714 0 99.1069135960438 5.91766351532578 0 76.0164252696491 6.60468429809101 0 1.52289008795842 0.812971079937871 0 2984016.81726193 289764.91781491 0 195.248161699342 3721.34485141077 0 9969309.55800606 5015933.82127676 0 162.435064159643 39.1715017962242 0 291.82465314452 67.2008470123864 0 103.301463627673 31.5205422927096 0 1.24054041927436 2.22943754475571 0 8333292.46537549 1519223.57292472 0 19.2135648593709 814.757625030524 21745571.443705
"261" 260 6269945.40414085 1279438.50927213 0.000000000182591586091732 306.251678410878 69.9859971627469 0.00000000000264039378536152 517.151008500319 126.238957797822 0.000000907353700059459 254.716168365829 160.667764469955 0.0000020195937194872 0.693964202469223 3.49424588213375 0.0000000663897025714298 5894122.10540693 1184768.34233895 99.9748740390452 112.677632736029 10355.780258971 10257.9986994692 0 2977842.2407745 434004.317824592 0 74.2947138030273 4.96088245666173 0 95.6402877673655 5.66035951317204 0 73.3574735004752 6.31750816878599 0 1.46974799159359 0.777458256794311 0 2951046.35987239 289766.33648871 0 195.270685982363 3721.38174659035 0 10043933.3313575 5015929.00583985 0 155.800442417026 37.3880918007226 0 280.236084075436 64.2790363457174 0 99.199287429441 30.1500676516228 0 1.19093828356352 2.13205317886754 0 8402353.36602906 1519234.50667471 0 19.2234696767412 814.81239162364 21823642.0943058
"262" 261 6269907.17267594 1240525.3899613 0.000000000182591169336627 292.844950256815 64.6094455484023 0.00000000000222261050262262 495.465509871939 117.722292309224 0.000000811935597501137 244.035251130955 149.828372029921 0.00000180721149121222 0.664738798679875 3.25396730401772 0.000000058938498436403 5894206.13558625 1148770.86683179 99.9748743511529 112.681287738592 10355.8352236285 10257.9986994723 0 2942098.32757117 434003.708681841 0 70.7748289810172 4.73437018866397 0 92.2138562000124 5.41347143126606 0 70.7293513066704 6.04195721295229 0 1.41707774191985 0.743390141879392 0 2918073.08225745 289767.693369897 0 195.292413834628 3721.41702757555 0 10118555.203761 5015924.41495692 0 149.444635901471 35.6809907207685 0 269.086562169287 61.4754924570694 0 95.25252721147 28.8350660163709 0 1.1432447564608 2.03863022454898 0 8471415.29283997 1519244.9642566 0 19.2329781429771 814.864762220602 21901712.7449066
"263" 262 6269870.65390303 1201613.32976083 0.000000000182590772065426 279.989233351705 59.6445761056309 0.00000000000187099642079313 474.627012553523 109.735582173899 0.000000726552428162518 233.771513645765 139.663468221326 0.00000161716508203916 0.636660236284269 3.0289843620712 0.000000052323646457747 5894286.63688859 1112770.70458226 99.9748746304064 112.684788585888 10355.8863984851 10257.9986994751 0 2906357.0244479 434003.128016897 0 67.3245151737771 4.51758945217108 0 88.8289272708452 5.17661759435222 0 68.1330622320666 5.77760544412392 0 1.36492015244727 0.710713556871989 0 2885097.05193213 289768.990965183 0 195.313352574715 3721.45076016043 0 10193175.2281914 5015920.03869858 0 143.35146118947 34.0472285011222 0 258.362438287744 58.7858825921721 0 91.4563513875607 27.5735051095306 0 1.09739824380588 1.94902289276214 0 8540478.22754381 1519254.96498302 0 19.2421055545879 814.914834473983 21979783.3955074
"264" 263 6269835.77529965 1162702.27498949 0.000000000182590393413676 267.663836841652 55.0543210470067 0.00000000000157502305962348 454.605463749716 102.251035659509 0.000000650147274078051 223.910153787173 130.137681748466 0.00000144710199714148 0.609687630927289 2.81847229707776 0.0000000464511069834803 5894363.74741699 1076768.01008493 99.9748748802694 112.688141339078 10355.9340258102 10257.9986994776 0 2870618.24434406 434002.574566315 0 63.9596737265973 4.31015888049318 0 85.4882131571458 4.94942837378078 0 65.5706865555686 5.52404032101113 0 1.313337529594 0.679377003006087 0 2852118.33519274 289770.231689671 0 195.333510420203 3721.48300772413 0 10267793.4556362 5015915.86754299 0 137.506547954768 32.4839313067055 0 248.049559144557 56.20601066545 0 87.8057499108621 26.3634167580991 0 1.05333494182711 1.86308999662888 0 8609542.15273573 1519264.527461 0 19.2508667122765 814.962702452697 22057854.0461081
"265" 264 6269802.46721326 1123792.17497183 0.000000000182590032553018 255.848722851744 50.806322252759 0.00000000000132592858750146 435.371761849246 95.2410310720376 0.000000581777767998286 214.436837925748 121.215857728048 0.00000129492470941555 0.583781398842126 2.6216107717937 0.0000000412377516604715 5894437.60033087 1040762.92974093 99.9748751038299 112.691351841304 10355.9783349422 10257.9986994798 0 2834881.90327687 434002.047119401 0 60.6921876358819 4.11170915335356 0 82.1955113753544 4.73154629316807 0 63.0451370267941 5.28086286542729 0 1.26240837995266 0.649330681524556 0 2819136.99734107 289771.417868616 0 195.352896572555 3721.51383127721 0 10342409.9351852 5015911.89236585 0 131.896854491897 30.9883160537258 0 238.133754003826 53.7318184735021 0 84.2957065576123 25.202897462677 0 1.0109911719323 1.78069500797769 0 8678607.05160396 1519273.6696056 0 19.2592758749164 815.008456710742 22135924.6967089
"266" 265 6269770.66272156 1084882.98180669 0.000000000182589688689311 244.524506696818 46.871448353153 0.00000000000111625826077645 416.897701124953 88.6789124955142 0.000000520597628359896 205.33767368841 112.864070448836 0.00000115874955989784 0.558903178195519 2.43760983312848 0.0000000366094696638306 5894508.32406802 1004755.60173849 99.9748753038606 112.694425727548 10356.0195417588 10257.9986994817 0 2799147.92031118 434001.544515469 0 57.5308562232103 3.92188337459239 0 78.9550834949879 4.52262514817969 0 60.5596823307313 5.04768667988204 0 1.21221705557861 0.620526364552431 0 2786153.10288789 289772.551741678 0 195.371521504634 3721.54328957411 0 10417024.7140603 5015908.10441975 0 126.510678569766 29.5576932684088 0 228.600745587302 51.3593757065811 0 80.9211673896889 24.0901037123544 0 0.970302881641083 1.70170570335374 0 8747672.90801054 1519282.40867257 0 19.2673468005841 815.052184454064 22213995.3473097
"267" 266 6269740.29756747 1045974.65033046 0.000000000182589361061771 233.672437731794 43.2238640775187 0.000000000000939773133458854 399.155965577845 82.5388080800207 0.000000465851075213904 196.599206926401 105.049392101845 0.00000103689432870192 0.535015822269874 2.26570368499645 0.0000000325006210874066 5894576.04243804 968746.156438684 99.9748754828376 112.697368428742 10356.0578495257 10257.9986994835 0 2763416.21742756 434001.06564258 0 54.4817804030805 3.74033659221626 0 75.7714520192413 4.32233000736518 0 58.1177912922452 4.82413794851274 0 1.16285041566057 0.592917398949722 0 2753166.71566176 289773.635464603 0 195.389396979344 3721.57143915754 0 10491637.8376619 5015904.49532461 0 121.337352253019 28.1894634664692 0 219.436449820449 49.0848799676299 0 77.677146860128 23.0232519936405 0 0.931207080243034 1.62599417489501 0 8816739.70634211 1519290.76127134 0 19.2750927216229 815.093969606346 22292065.9979105
"268" 267 6269711.31005353 1007067.13800615 0.000000000182589048941572 223.274381940026 39.8405933529175 0.000000000000791239417130935 382.120102452325 76.7957407712223 0.000000416862341898547 188.208408670548 97.7400337088283 0.000000927854890032256 0.512083363274314 2.10515410039925 0.0000000288529903892727 5894640.87478486 932734.716667626 99.9748756429743 112.700185178968 10356.0934494402 10257.998699485 0 2727686.7194062 434000.609435503 0 51.548923125617 3.56673549276242 0 72.6491063534723 4.13033687022843 0 55.7229073496843 4.60985505545803 0 1.11439304008423 0.566458658913041 0 2720177.89888904 289774.671112269 0 195.406536067745 3721.59833443873 0 10566249.349612 5015901.05705237 0 116.367036764684 26.8811148516232 0 210.627123042098 46.9046528988593 0 74.558779923091 22.000616973635 0 0.893642509407304 1.55343670061637 0 8885807.43147289 1519298.74338844 0 19.2825263515527 815.133892928091 22370136.6485112
"269" 268 6269683.64093292 968160.404716018 0.00000000018258875163038 213.312820126076 36.7006263776833 0.000000000000666197700534231 365.764481880615 71.4260380878962 0.000000373024496896606 180.152655254631 90.9058666573225 0.000000830280331802129 0.49007095527424 1.95526371076671 0.0000000256146670939634 5894702.93615783 896721.397872186 99.9748757862587 112.702881023042 10356.1265206562 10257.9986994864 0 2691959.35387237 434000.174873571 0 48.7344955744061 3.40075862480179 0 69.5923605847606 3.9463320444114 0 53.3783394697613 4.40448788973471 0 1.06692512815683 0.541106455135592 0 2687186.71501577 289775.66068192 0 195.422953026394 3721.62402778333 0 10640859.2917392 5015897.7819108 0 111.590844590972 25.6302250083242 0 202.159149090373 44.8151331137602 0 71.5612466655393 21.0205281847909 0 0.857548561907749 1.4839134953743 0 8954876.06894608 1519306.37041241 0 19.2896599387465 815.172032144049 22448207.299112
"270" 269 6269657.23335915 929254.412834522 0.000000000182588468459708 203.770818940472 33.7854354779194 0.00000000000056095504762008 350.064303402004 66.406881866966 0.000000333797162569089 172.41973152636 84.5178496488658 0.000000742967877976364 0.468944886037249 1.81536102660828 0.0000000227398427432975 5894762.33738127 860706.308568217 99.9748759144603 112.705460819563 10356.1572314762 10257.9986994876 0 2656234.05107285 433999.760979735 0 46.0392698226006 3.24209555750297 0 66.6051777792698 3.77001238261792 0 51.087127381108 4.2076981096676 0 1.02051949658585 0.516818574429646 0 2654193.225932 289776.606094386 0 195.438663355361 3721.64856954308 0 10715467.704128 5015894.6625364 0 107.000381264915 24.4344545529672 0 194.019520424098 42.8128788976237 0 68.6799426168523 20.081371291592 0 0.822867615988416 1.41730881987824 0 9023945.60472976 1519313.65714321 0 19.2965052133609 815.208461990152 22526277.9497128
"271" 270 6269632.03275857 890349.126984 0.000000000182588198789215 194.632025524585 31.0780519338425 0.00000000000047236949091992 334.995548761866 61.7167106566072 0.000000298695065871248 164.997807599128 78.5485408356819 0.00000066483740468117 0.44867251025082 1.6848135293064 0.0000000201876788154529 5894819.18525778 824689.550580336 99.9748760291682 112.707929249936 10356.1857394828 10257.9986994887 0 2620510.74393125 433999.366818083 0 43.4628885985436 3.09044704068644 0 63.6911370800539 3.60108455828059 0 48.8520163378205 4.01915833446377 0 0.975241418922535 0.493554173906253 0 2621197.49266521 289777.509197939 0 195.453683534182 3721.67200815812 0 10790074.6251035 5015891.69187567 0 102.587926320268 23.2915483491384 0 186.195527630003 40.8945599868355 0 65.9103688391286 19.1815842346333 0 0.789543472379999 1.35351069057152 0 9093016.02547233 1519320.61782187 0 19.3030734613498 815.243254365374 22604348.6003135
"272" 271 6269607.98676529 851444.513977342 0.000000000182587942005844 185.880654381407 28.5629871977847 0.000000000000397791483363854 320.534968510884 57.3351505279792 0.00000026728381541327 157.875432251629 72.9720097628827 0.000000594922040758573 0.429222231722109 1.56302528494188 0.0000000179219035898367 5894873.5826665 788671.219337082 99.9748761318045 112.710290822712 10356.2121921177 10257.9986994896 0 2584789.36800596 433998.991492579 0 41.004043258704 2.94552473428384 0 60.8533915276993 3.43926491934248 0 46.675424767286 3.83855198101881 0 0.931148024543907 0.471273761812048 0 2588199.57531971 289778.371770108 0 195.468030934729 3721.69439020485 0 10864680.0912212 5015888.86317563 0 98.3463348749514 22.1993334688689 0 178.674830887327 39.0569559137795 0 63.2481572245617 18.3196564542984 0 0.757521689187657 1.29241082723971 0 9162087.31851491 1519327.26614447 0 19.3093755283141 815.27647840268 22682419.2509143
"273" 272 6269585.04515557 812540.542878281 0.000000000182587697522976 177.501462665449 26.2264536393145 0.000000000000335022412109466 306.660076120603 53.242755345323 0.000000239176347651437 151.041530029551 67.7635068031384 0.000000532360257675782 0.410563496978724 1.4494283126763 0.0000000159104797796509 5894925.62866224 752651.404187905 99.9748762236365 112.71254987796 10356.2367275709 10257.9986994905 0 2549069.86129778 433998.634145824 0 38.6607511187797 2.80705056057639 0 58.094534694569 3.28427949961647 0 44.559341976734 3.66557327659494 0 0.888286060840525 0.449939202795558 0 2555199.53322947 289779.195519481 0 195.481723830209 3721.71576044347 0 10939284.1372788 5015886.16997448 0 94.2687325074927 21.1557143077036 0 171.445754237738 37.296956143359 0 60.6891746624908 17.4941289547942 0 0.726751001673968 1.23390466769935 0 9231159.47178398 1519333.61527607 0 19.315421795235 815.308200539558 22760489.9015151
"274" 273 6269563.15972962 773637.184704625 0.000000000182587464778855 169.479746872594 24.0555492138814 0.000000000000282179058160046 293.349101852007 49.4213516935648 0.000000214024394597314 144.485378524123 62.8999021554461 0.00000047637687829725 0.392666729797556 1.34349387935082 0.0000000141247789800072 5894975.4186658 716630.188719912 99.9748763058041 112.714710595717 10356.2594749215 10257.9986994912 0 2513352.16440783 433998.29395676 0 36.4304190787087 2.67475690910145 0 55.4167586190789 3.1358633040713 0 42.5054492910932 3.49992646113122 0 0.846694969937876 0.429513613004572 0 2522197.42445489 289779.982089327 0 195.494781004818 3721.73616191398 0 11013886.7962755 5015883.60608431 0 90.3488158619441 20.1586741373622 0 164.496851514229 35.6115519597068 0 58.2293693848702 16.7035904986148 0 0.697181172626364 1.17789108014856 0 9300232.47412195 1519339.67787851 0 19.3212222653712 815.338484660481 22838560.5521159
"275" 274 6269542.28427315 734734.412551153 0.000000000182587243236099 161.801322480466 22.0385989706303 0.000000000000237692250490559 280.580995061423 45.8537443549556 0.000000191517344538171 138.196609507865 58.3593109972162 0.000000426280541068836 0.375503336256586 1.2447227562121 0.0000000125394853025363 5895023.04451945 680607.650971804 99.9748763793238 112.71677699842 10356.2805549049 10257.9986994919 0 2477636.22035564 433997.970139949 0 34.3100354558067 2.54838606144785 0 52.8217312231844 2.99376043605842 0 40.5150260304441 3.34132592924094 0 0.806404735646289 0.409961382027672 0 2489193.30599151 289780.733058568 0 195.507221832986 3721.75563596172 0 11088488.0993976 5015881.16558564 0 86.5805583114562 19.2062707668922 0 157.817225226527 33.9978379165061 0 55.8648838468242 15.9466782868138 0 0.668764548234182 1.12427242353268 0 9369306.31516231 1519345.46611799 0 19.3267865270648 815.367392134834 22916631.2027166
"276" 275 6269522.37446987 695832.201543885 0.000000000182587032380559 154.452506648854 20.1649850574145 0.000000000000200246090420921 268.335400716794 42.5236928932504 0.000000171377488377266 132.165197367973 54.1210636823187 0.000000381453119291337 0.35904567249318 1.15264444200467 0.0000000111321482659041 5895068.59462676 644583.863703052 99.9748764451046 112.718752957099 10356.30008047 10257.9986994925 0 2441921.97452125 433997.661943911 0 32.2963044121614 2.42768985686928 0 50.3106178008307 2.85772379236091 0 38.5889659919688 3.18949588985681 0 0.767436400819814 0.391248130068547 0 2456187.2336552 289781.449944401 0 195.519066116932 3721.77422230672 0 11163088.0759801 5015878.8428149 0 82.9581735669499 18.2966340242436 0 151.396498082289 32.453008378835 0 53.5920446455888 15.2220763369572 0 0.641455900963092 1.07295443023481 0 9438380.98544304 1519350.99168517 0 19.3321237781646 815.394981919685 22994701.8533174
"277" 276 6269503.38781377 656930.52860354 0.00000000018258683172016 147.420112325063 18.424684500868 0.00000000000016871605161261 256.592627108857 39.4160784926887 0.000000153355196339439 126.38144320287 50.1659180816038 0.000000341338985400688 0.343266999129565 1.0668226703747 0.00000000988272866156253 5895112.15409439 608558.894707738 99.9748765039633 112.720642197666 10356.3181570015 10257.998699493 0 2406209.37480637 433997.368649427 0 30.3856238651351 2.3124297334064 0 47.8842379602775 2.7275145777213 0 36.7278978269669 3.04416982439707 0 0.72980496664155 0.373340637087286 0 2423179.26166314 289782.134204973 0 195.530333801124 3721.79195911472 0 11237686.7534507 5015876.63235168 0 79.4763202980197 17.4279660708419 0 145.224521860305 30.9743520125893 0 51.4072594660776 14.5285128983886 0 0.615210996475706 1.02384601179831 0 9507456.47665363 1519356.26581583 0 19.337242883956 815.421310665334 23072772.5039182
"278" 277 6269485.28357482 618029.372743063 0.000000000182586640784477 140.691425306199 16.8086915818292 0.000000000000142172101941839 245.333650521884 36.5165730006319 0.000000137228292349609 120.835977122719 46.4756383644406 0.000000305443618455584 0.328141489798884 0.98684449494939 0.00000000877355060755961 5895153.80478243 572532.806856968 99.9748765566267 112.722448303122 10356.3348830936 10257.9986994935 0 2370498.37131242 433997.08956892 0 28.5743047911907 2.20237606453069 0 45.5428997536388 2.60290247415137 0 34.9320578158314 2.90509067573156 0 0.69351645096787 0.356206871106405 0 2390169.44303233 289782.787240262 0 195.541045116848 3721.80888302014 0 11312284.1572868 5015874.52901399 0 76.1297522924534 16.5985363981139 0 139.29176208056 29.5592537122393 0 49.3071532481993 13.864761356443 0 0.589988472102333 0.976859336733471 0 9576532.78150529 1519361.29929762 0 19.3421523300315 815.446432749262 23150843.154519
"279" 278 6269468.02270131 579128.714867261 0.000000000182586459123457 134.254193214213 15.308604751915 0.000000000000119824879084359 234.540080227208 33.8117715748819 0.000000122797407429714 115.519741007431 43.033163822577 0.000000273323261698397 0.313644181862455 0.912324732845434 0.00000000778887018647144 5895193.62546533 536505.658406126 99.9748766037471 112.724174720691 10356.35035084 10257.9986994939 0 2334788.91649449 433996.82404459 0 26.8585444148699 2.09730806695555 0 43.286564976165 2.48366512393102 0 33.201416654971 2.77201027115858 0 0.658570914728155 0.339815912926818 0 2357157.82915769 289783.410395117 0 195.551220293811 3721.82502920677 0 11386880.3109155 5015872.5278443 0 72.9134991088176 15.8066811368726 0 133.589020403414 28.205188732626 0 47.2884699204135 13.229637479967 0 0.565748468858739 0.931909624119346 0 9645609.89402751 1519366.10249349 0 19.3468602815499 815.470400395928 23228913.8051197
"280" 279 6269451.56776292 540228.53772756 0.000000000182586286306682 128.096615241709 13.9165269107041 0.000000000000101005691513998 224.194142151936 31.2891752383005 0.00000010988383006019 110.423980462894 39.8225866669279 0.000000244580137875909 0.299750953942248 0.842905424975718 0.00000000691468093315011 5895231.6919235 500477.503179681 99.9748766459091 112.72582476588 10356.3646461687 10257.9986994943 0 2299080.96520022 433996.571447332 0 25.2344450854304 1.99701361967745 0 41.1148982531082 2.36958791392724 0 31.5357171071402 2.64468908168394 0 0.62496335462012 0.324137925706369 0 2324144.46966669 289784.004960962 0 195.56087946242 3721.84043145293 0 11461475.2356325 5015870.62410132 0 69.8228849393596 15.0508016945465 0 128.107385991613 26.90972024218 0 45.3480551826278 12.6219982736568 0 0.542452393565583 0.888915060246572 0 9714687.80969632 1519370.68535482 0 19.3513745995146 815.493263743771 23306984.4557205
"281" 280 6269435.88290834 501328.826384432 0.000000000182586121922841 122.207321298403 12.6253449918687 0.0000000000000851612440642864 214.27867653921 28.9369514665846 0.0000000983284621238356 105.540243668566 36.8288473211076 0.00000021886012537241 0.286438524157976 0.778247971964774 0.00000000613862471215024 5895268.07701 464448.390380539 99.9748766836331 112.727401625408 10356.3778494693 10257.9986994946 0 2263374.47424347 433996.331175967 0 23.6981863712292 1.90128869963783 0 39.027151515174 2.26046401933249 0 29.9343853924528 2.52289627083724 0 0.592681662838245 0.30914416417331 0 2291129.41287978 289784.572177004 0 195.570042743062 3721.85512216307 0 11536068.9504905 5015868.81325421 0 66.8532728562222 14.3293604997769 0 122.838503139584 25.6704998235267 0 43.4829512428731 12.0407422128671 0 0.520064223749732 0.847796824017316 0 9783766.52543789 1519375.0574307 0 19.3557028120484 815.5150708921 23385055.1063213
"282" 281 6269420.93377265 461213.492761836 0.000000000182585965578521 116.575363815264 11.4281280830146 0.000000000000071818411167597 204.777101404392 26.7441018288763 0.0000000879882277289523 100.860363378282 34.0379477822062 0.000000195844764945089 0.273684398407331 0.718038783913893 0.00000000544966533413515 5895302.85080599 427291.732292338 99.974876717387 112.728908364106 10356.3900357483 10257.9986994949 0 2230101.98818464 433996.102655478 0 22.2461100838632 1.8099373754283 0 37.0223769698155 2.15609385022865 0 28.3966945404211 2.40640907698379 0 0.561710436611895 0.294806893492053 0 2260365.53548171 289785.113233168 0 195.578729955527 3721.86913244589 0 11609444.9618601 5015867.0909693 0 64.0002531727212 13.6408809590834 0 117.774225483378 24.485261190525 0 41.6902744129143 11.4848062965892 0 0.498548815615164 0.808478864475282 0 9851719.84239085 1519379.22789054 0 19.3598521795477 815.535868017022 23463125.7569221
"283" 282 6269406.68746834 382938.135618623 0.000000000182585816898294 111.190178560732 10.2853653336292 0.0000000000000605810589956438 195.673407415168 24.6994500568525 0.0000000787353284623132 96.3764543985154 31.4356637087214 0.000000175249602061279 0.261466864152405 0.661956799338018 0.00000000483802605213625 5895336.08067648 354780.019406252 99.9748767475886 112.730347927373 10356.4012749366 10257.9986994951 0 2273165.22529173 433995.885337131 0 20.9152981741618 1.72277070829844 0 35.1007340973574 2.05628502507125 0 26.9227668747431 2.29501278373042 0 0.53205309489464 0.281099387260179 0 2300295.03364282 289785.629271112 0 195.586960766505 3721.88249214088 0 11644645.9234694 5015865.45311101 0 61.2462580802992 12.9839391730108 0 112.906184135961 23.3518198896698 0 39.9670622347465 10.953165907394 0 0.477869904481954 0.770887895397282 0 9884333.15984308 1519383.20553187 0 19.363829672215 815.555699410821 23541196.4075228
"284" 283 6269393.11258816 304475.274437114 0.000000000182585675525218 106.041514969087 9.1721508689051 0.0000000000000511166396755138 186.95213333291 22.7899129078167 0.000000070455468626455 92.0809014923288 29.0053437008576 0.000000156820236620175 0.249764955979612 0.609618602682176 0.00000000429503350346293 5895367.83137394 282092.51542646 99.9748767746117 112.731723145755 10356.4116312004 10257.9986994954 0 2316605.3780633 433995.678699212 0 19.7254843332852 1.63960485898919 0 33.2661890116264 1.96085201210544 0 25.515644461652 2.18850031971106 0 0.503777385602768 0.267995875594675 0 2340573.23158116 289786.12138614 0 195.594755444428 3721.8952298691 0 11679658.0946884 5015863.89574741 0 58.5794147479849 12.3571496685722 0 108.224620877488 22.268069230448 0 38.3098604478012 10.4448329025667 0 0.457984653416968 0.734953252997485 0 9916771.9717728 1519386.99879514 0 19.3676419305095 815.574607557321 23619267.0581236
"285" 284 6269380.1790697 226013.403845991 0.000000000182585541118495 101.119511550736 8.09725187066712 0.0000000000000431446674559551 178.598344624236 21.0037039232164 0.0000000630463192398307 87.9663488447729 26.7319868113663 0.000000140328904114463 0.238558425702914 0.56068134787631 0.00000000381298288063792 5895398.16513011 209403.699673383 99.9748767987908 112.733036739007 10356.4211626739 10257.9986994956 0 2360045.43385883 433995.482243605 0 18.6555304665049 1.5602634615955 0 31.5214682143535 1.86961582069749 0 24.1774185671107 2.08667191408287 0 0.476929489927022 0.255471500625967 0 2380851.24690189 289786.590628908 0 195.602135184676 3721.907373078 0 11714669.9607427 5015862.41512437 0 56.0013758013705 11.7591832912864 0 103.720502517073 21.231976781856 0 36.7154714406712 9.95885397079842 0 0.438853622335966 0.700606773923438 0 9949210.75920981 1519390.61577677 0 19.3712952569677 815.592633198414 23697337.7087244
"286" 285 6269367.85812111 147552.722874914 0.000000000182585413352356 96.4147032035629 7.06713633827463 0.0000000000000364292052392221 170.597622745329 19.3308131438183 0.0000000564163342379497 84.0256947850125 24.6028530921323 0.000000125571840723179 0.227827728305012 0.514857806900272 0.00000000338503600982133 5895427.1417391 136713.389633485 99.9748768204252 112.734291319753 10356.429922367 10257.9986994958 0 2403485.15124548 433995.295494158 0 17.6876975912981 1.4845779367294 0 29.8672319402055 1.78240389407513 0 22.9085956005852 1.98933497681411 0 0.451520270427029 0.243502302745375 0 2421129.33757769 289787.038006938 0 195.609121608572 3721.91894808166 0 11749681.5328848 5015861.00765334 0 53.51289377717 11.188769565716 0 99.3858942326202 20.2415831563186 0 35.1810864077011 9.49431006178447 0 0.420442494993645 0.667782757599439 0 9981649.52092109 1519394.06424088 0 19.3747956532607 815.609815393714 23775408.3593252
"287" 286 6268822.67669001 69630.8956571494 0.000000000182585291915389 91.9179657960424 6.08641281199634 0.0000000000000307714188836394 162.936052168304 17.7626683991656 0.0000000504835571316748 80.2520853963287 22.6070325080289 0.000000112366627164051 0.217554004537982 0.471905279085162 0.00000000300511895123999 5894953.187686 64519.012718364 99.9748768397828 112.735489397424 10356.4379589973 10257.9986994959 533.445492843877 2446386.82575628 433995.117995701 0.0000239865681010344 16.8070707974966 1.41238711382823 0.0000000921988248774948 28.302599439821 1.69904996442177 0.0000000317548085155433 21.7085000146736 1.89630393695522 0.0000000000849911514789131 0.427534464003682 0.232065201065878 501.63096026616 2460910.14806323 289787.464486267 0.0000000000000101458837226313 195.615736278261 3721.92998010409 0 11784692.8218415 5015859.66990388 0 51.1139995893423 10.6446938494965 0 95.2137285391497 19.295000365919 0 33.7042035673085 9.05031561521383 0 0.402720958775957 0.636417912693686 0 10014088.2557428 1519397.35163196 0 19.3781488604302 815.626191584945 23853479.0099259
"288" 287 6234614.14883135 25615.7442769531 0.000000000182585176509822 87.597040852609 5.17578382529011 0.0000000000000260041022472621 155.599412712582 16.2922562250511 0.0000000451746730634452 76.6385167091822 20.7355988318832 0.000000100550078754121 0.207717878154494 0.431629307962261 0.00000000266784145699295 5862821.63648434 23737.9481614004 99.9748768571032 112.736633380199 10356.4453176684 10257.9986994961 34730.805580329 2455382.58984839 433994.949313003 0.0145211177030353 15.9903066865243 1.34353707007091 0.000543548781156213 26.8252179885246 1.61939392858689 0.000187207239218139 20.5753272357795 1.80740010391972 0.000000500236861840615 0.404932012246769 0.221137976701691 32659.6145300618 2469276.36748982 289787.870992888 0.000000000585472513215757 195.622000362552 3721.94049331755 0 11819703.8377747 5015858.39859581 0 48.8041481914364 10.1257961196389 0 91.1976544360497 18.390410412544 0 32.282574762418 8.6260178994773 0 0.385661978643818 0.606451311311024 0 10046526.9626786 1519400.48508595 0 19.3813603851762 815.64179765264 23931549.6605267
"289" 288 6172781.93353497 9423.48983485184 0.000000000182585066850178 83.3928788815881 4.37470102323336 0.0000000000000219865073601666 148.569171951505 14.9158290826953 0.0000000404240746708379 73.1758608119351 18.983782468885 0.0000000899761662028334 0.198293501338842 0.393938001365215 0.000000002368418055057 5804711.66221808 8735.19763630107 99.9748768726008 112.737725556532 10356.4520411022 10257.9986994962 96552.4191224795 2436556.16898255 433994.789028803 0.0744725770876695 15.2038200466763 1.27788177354281 0.00543375212907162 25.4300640395395 1.54328173863377 0.00187147459426799 19.5052241314193 1.7224515453248 0.00000499226937364184 0.383627924849403 0.210699258347532 90794.829410957 2451863.05926377 289788.258414286 0.0000000115197904803179 195.627934105283 3721.95051088304 0 11854714.5901441 5015857.19058441 0 46.5824536026558 9.63097582029433 0 87.3319006368291 17.526064046457 0 30.9141570458861 8.22059642937629 0 0.369241140008684 0.577824349489599 0 10078965.6409883 1519403.47144213 0 19.3844355249441 815.656667976394 24009620.3111275
"290" 289 6100787.96210981 3466.71118077039 0.000000000182584962662936 79.2905426756972 3.68837819312908 0.0000000000000186001525064011 141.824718456215 13.6316037805373 0.0000000361730522834593 69.8539658067923 17.3493139025021 0.0000000805142131470551 0.18925193790476 0.358799851152869 0.00000000210260022238698 5737043.7694565 3215.79097084664 99.9748768864674 112.73876806371 10356.4581711426 10257.9986994963 168536.338959422 2407494.94412413 433994.636743313 0.183837439574936 14.4361723877059 1.21528226321193 0.020183023861834 24.1105953269109 1.47056531419451 0.00695136905322555 18.4931726897006 1.64129298917109 0.0000185108433862266 0.363512111756334 0.200728510985383 158486.821236914 2424965.25566072 289788.627600908 0.0000000652341101654717 195.633556229186 3721.96005498939 0 11889725.0877323 5015856.04285662 0 44.4477363730515 9.15918568287452 0 83.6111781474593 16.700279772371 0 29.5970781947243 7.83326249992173 0 0.353436183362985 0.550480716270246 0 10111404.2902471 1519406.31725438 0 19.3873793874551 815.670835492766 24087690.9617282
"291" 290 6025056.11060535 1275.33241633747 0.000000000182584863686644 75.295105241902 3.10652038375832 0.0000000000000157453087213452 135.347319108166 12.4376805410379 0.000000032369070172567 66.6636049338728 15.8297752340483 0.000000072047285222811 0.180567070996592 0.326177155430856 0.0000000018666162647475 5665858.8124639 1185.11126961366 99.9748768988748 112.739762889545 10356.4637491181 10257.9986994964 244258.666336438 2374668.95878844 433994.49207439 0.334489710263268 13.6863725987302 1.15560538055313 0.0493005271579614 22.8604897653054 1.40110237247485 0.0169799214002622 17.5343237804278 1.56376563411164 0.0000451357615889387 0.344478927541853 0.191206011878387 229694.783419553 2394577.63281906 289788.979367608 0.000000217340360300977 195.638883812829 3721.96914689148 0 11924735.3387482 5015854.95253235 0 42.3984964940381 8.7094221670324 0 80.030592776269 15.9114419202147 0 28.3296057399395 7.46325828142725 0 0.338226589986439 0.524366327898924 0 10143842.9103883 1519409.02880236 0 19.3901969064175 815.68433175206 24165761.612329
"292" 291 5947949.54544888 469.168128401355 0.000000000182584769671657 71.4160259026267 2.61533495968091 0.0000000000000133380302008351 129.121084560069 11.3314664745621 0.000000028965117299346 63.5969520967502 14.4218664221699 0.0000000644707449566093 0.172217015810294 0.296007936396478 0.00000000165711780064059 5593379.12309444 437.879647484643 99.9748769099763 112.740711892601 10356.4688155516 10257.9986994965 321356.210492955 2340458.36970485 433994.35465714 0.515858141245524 12.9563555473142 1.09872321627658 0.0956327697385848 21.6741667454072 1.33475621279014 0.0329375162307634 16.624396996154 1.48971690897317 0.0000873972491191831 0.326435884556729 0.182112819593486 302196.429455885 2362905.52601776 289789.314495043 0.00000053991604169568 195.643932439583 3721.97780694723 0 11959745.3508722 5015853.91686156 0 40.4329477101835 8.28072129113216 0 76.5855668583689 15.1579981994251 0 27.1101192581785 7.1098556723508 0 0.323593214086093 0.499429242907904 0 10176281.5017302 1519411.61210222 0 19.3928928541694 815.697186973214 24243832.2629298
"293" 292 5870337.6081263 172.597311010325 0.00000000018258468037971 67.6621387979397 2.20142288391868 0.0000000000000113076551211278 123.132817476149 10.309667427591 0.0000000259191263353959 60.6475071151181 13.1213949078431 0.0000000576909586174947 0.164183863292224 0.268206083700057 0.00000000147113225125203 5520422.29073846 162.818046269737 99.9748769199096 112.741616824645 10356.4734097543 10257.9986994966 398959.605777532 2305738.77142973 433994.224143309 0.718005890903451 12.2484825682837 1.04451284435582 0.160468491798591 20.5468393029563 1.27139549632462 0.0552680170990565 15.7597206665814 1.41900022694625 0.000146385839853563 0.309304377470915 0.173430742313793 375174.213203727 2330760.26685876 289789.633731016 0.00000111393335659711 195.648716406298 3721.98605465313 0 11994755.1312763 5015852.93321957 0 38.5490703032321 7.87215662797899 0 73.2717747649617 14.4384571989 0 25.9370875430093 6.77235512664775 0 0.309517982290288 0.475619575246329 0 10208720.0649909 1519414.07291696 0 19.3954718515944 815.709430096516 24321902.9135306
"294" 293 5792540.09693863 63.4950804311387 0.000000000182584595583463 64.040284265264 1.85288184103083 9.59470228174398e-15 117.371567076344 9.36843829549243 0.0000000231934537774014 57.8098763211843 11.9234669215358 0.0000000516241390529262 0.156452992148807 0.242666508679859 0.00000000130602066247394 5447289.12745603 61.4712141859741 99.9748769287976 112.742479350253 10356.4775694715 10257.9986994966 476749.030487333 2270832.26408833 433994.100200607 0.932458949151613 11.564775378535 0.99285615164991 0.243842918444837 19.474426769558 1.21089403405545 0.0839835561177211 14.9371648604791 1.35147474888792 0.000222042997940459 0.293018058581287 0.165142307418337 448327.363948511 2298440.36130286 289789.93779176 0.00000202280047662995 195.653248921343 3721.99390867829 0 12029764.6866339 5015851.99910203 0 36.7446637924256 7.48283802098778 0 70.0850916242432 13.7513859795837 0 24.8090504529049 6.45008452457375 0 0.295983657042849 0.452889410883968 0 10241158.6012951 1519416.41676636 0 19.3979383758564 815.721088834174 24399973.5641313
"295" 294 5714647.54515859 49.6844520846683 0.000000000182584515066032 60.5551385892527 1.55948616578427 8.14910086801298e-15 111.828160234148 8.50355615918327 0.0000000207544147358302 55.0795416078637 10.8227078389605 0.0000000461953102184613 0.149012353589505 0.219270951914647 0.00000000115944026093253 5374064.84607141 50.2989698038926 99.9748769367501 112.743301062554 10356.4813306206 10257.9986994966 554633.928895144 2235831.00137202 433993.982512032 1.15229470292814 10.9067317550832 0.943639697448487 0.344856191702959 18.4534385756942 1.15313058603706 0.118774207236127 14.1540522609243 1.28700515930368 0.000313461476298186 0.277520752002896 0.157230732805522 521570.70847909 2266029.39744427 289790.227363184 0.00000334740746231199 195.657542273488 3722.00138689718 0 12064774.0231292 5015851.11211981 0 35.0173940146393 7.11191052585006 0 67.0215534453421 13.0954077959838 0 23.724604795728 6.14239810396297 0 0.282973654756429 0.431192729194626 0 10273597.1121724 1519418.64893648 0 19.4002967664346 815.732189718847 24478044.2147321
"296" 295 5636742.63056103 48.6724082951297 0.000000000182584438620543 57.2094477464534 1.3125511493089 6.92870055467356e-15 106.494788326031 7.71057525295464 0.0000000185718666455696 52.4526569367019 9.81345941285134 0.0000000413373805982038 0.141851845974971 0.197893139732143 0.00000000102931121249932 5300827.27033674 51.3206021476551 99.9748769438657 112.744083495332 10356.4847271208 10257.9986994966 632531.601746179 2200817.45436926 433993.870775203 1.37198197884719 10.2753464983942 0.89675458097568 0.461951938023855 17.4808640427869 1.09798867206007 0.159103929522124 13.4080736342338 1.22546145502458 0.00041914608907374 0.262764496663486 0.14967989994903 594826.461065525 2233605.4011658 289790.503102056 0.00000516257663961188 195.661607969952 3722.00850642099 0 12099783.1464615 5015850.26999397 0 33.364833483391 6.75855341216439 0 64.0773266811724 12.4691999467908 0 22.6823935544458 5.84867545206131 0 0.2704719089889 0.410485329088578 0 10306035.5995532 1519420.77448889 0 19.4025512298682 815.742758150271 24556114.8653329
"297" 296 5558838.22697051 47.7580323952269 0.000000000182584366049687 54.0043533176433 1.10472026414505 5.89801754342167e-15 101.36467254518 6.98495117395292 0.0000000166188367524442 49.9258834924023 8.88993785775823 0.0000000369903140618923 0.134962811774318 0.178402900227778 0.000000000913787111514239 5227588.57802243 52.2121991399935 99.9748769502326 112.744828132102 10356.4877907962 10257.9986994966 710429.154682567 2165804.30337544 433993.764701733 1.58716553102234 9.67118895219771 0.852096308500084 0.593140724604186 16.5540799787543 1.04535639269981 0.204287529234811 12.6972169544285 1.16671874547998 0.000537221501807879 0.248707914222602 0.142474328523909 668082.480485631 2201180.73888029 289790.765637153 0.00000753467752644584 195.665456847375 3722.01528362787 0 12134792.0618498 5015849.47055103 0 31.784495161666 6.42197916207996 0 61.2486854301288 11.8714917434144 0 21.6810978168794 5.56832055266912 0 0.258462769800426 0.390724759449091 0 10338474.065762 1519422.79826946 0 19.4047058435373 815.752818440075 24634185.5159337
"298" 297 5480934.2701656 46.9671677726703 0.00000000018258429716531 50.939640067557 0.929800874051002 5.0271791769855e-15 96.4317935735284 6.32213967169714 0.0000000148711887739793 47.4962565362154 8.04635958215997 0.000000033100387916277 0.128337634372724 0.160669422916179 0.000000000811228782159615 5154348.77729579 53.0297987135982 99.9748769559293 112.745536412756 10356.4905513409 10257.9986994966 788326.632324918 2130791.50317367 433993.664016601 1.79449982258268 9.09445840986386 0.809564660150091 0.736178341516998 15.6707732998573 0.995126259611742 0.253552063155076 12.0197080530794 1.11065706329095 0.000665596797102215 0.23531485004261 0.135599152418973 741338.793743099 2168755.3944588 289791.015570361 0.0000105201624982204 195.669099160369 3722.02173419196 0 12169800.7740349 5015848.71171826 0 30.2738606032482 6.10143246670273 0 58.5319947371299 11.3010625834705 0 20.7194308645281 5.30076088251064 0 0.246930931776071 0.371870253369036 0 10370912.5135095 1519424.72491684 0 19.406764558747 815.762393854906 24712256.1665344
"299" 298 5403030.78375803 46.2468253119191 0.000000000182584231787995 48.0140030899767 0.782581035513014 4.2910356789975e-15 91.6906787424173 5.71767228347325 0.0000000133073246144025 45.1610805746234 7.27703745169319 0.0000000296195289804447 0.121969423382463 0.144563745020198 0.000000000720181020215681 5081107.95640488 53.7394775727856 99.9748769610268 112.746209738278 10356.493036329 10257.9986994966 866223.992354916 2095779.08859044 433993.568457569 1.99147202542942 8.54505760022952 0.769063555749822 0.888703870427055 14.8288780672797 0.947195034066368 0.306084391747185 11.3739623254608 1.05716118405957 0.000802091855480299 0.2225532730115 0.129040096974578 814595.346464053 2136329.43922625 289791.253477738 0.0000141648242381231 195.672544651554 3722.02787311138 0 12204809.2872789 5015847.99151929 0 28.830403166123 5.79618921510506 0 55.9236987232988 10.7567401177809 0 19.7961339706583 5.04544655146542 0 0.23586138454381 0.353882665746291 0 10403350.9458861 1519426.55887065 0 19.4087312033194 815.771506657938 24790326.8171351
"300" 299 5325127.7164374 45.6149915609364 0.000000000182584169746688 45.2252716342376 0.658674190738501 3.66841255149794e-15 87.1362383561866 5.16721204080485 0.0000000119079174473974 42.9178487425994 6.57645168829705 0.0000000265047194796913 0.115851775123727 0.129960576495973 0.000000000639351945174548 5007866.13076199 54.3832626639249 99.9748769655879 112.746849473977 10356.4952712612 10257.9986994967 944121.268233471 2060767.02465717 433993.477774613 2.17625292059772 8.02265444939105 0.730500919808095 1.04834348113662 14.0265253354715 0.901463572781403 0.361066928415237 10.7585462635098 1.00612045430275 0.000944531412754316 0.210394403658425 0.122783457296647 887852.155880781 2103902.86613482 289791.479910537 0.0000185035980406558 195.675802606811 3722.03371473514 0 12239817.6053599 5015847.30806976 0 27.4516069687095 5.50555547693786 0 53.4203124845035 10.2373985001886 0 18.9099735325103 4.80184948164476 0 0.225239380673007 0.336724413829171 0 10435789.3663589 1519428.30437937 0 19.4106094838566 815.780178148862 24868397.4677359
"301" 300 5247225.07457838 45.0396149415323 0.000000000182584110878314 42.5705951478902 0.554388453823549 3.14148135491985e-15 82.7636415112575 4.66659323387678 0.0000000106556728680221 40.7641816398731 5.93930047947952 0.0000000237174654159204 0.109978593146151 0.116739598372072 0.000000000567594669747553 4934623.36776248 54.9427574915597 99.9748769696689 112.747456951601 10356.4972796353 10257.9986994967 1022018.43655825 2025755.3275966 433993.39172938 2.34757219474314 7.52673330954715 0.693788546411993 1.21278677828918 13.2620034188357 0.857836680250412 0.417703934577542 10.1721469798046 0.957428626636695 0.00109081337709378 0.198812027226697 0.116816077521102 961109.186069754 2071475.72622366 289791.695396189 0.00002356076519418 195.678881898852 3722.03927278912 0 12274825.7315662 5015846.65957326 0 26.1349822384415 5.22886648431094 0 51.0184168918345 9.74195671110112 0 18.0597392307472 4.56946262105016 0 0.215050416794579 0.320359420366799 0 10468227.7787701 1519429.96550795 0 19.4124029877985 815.788428702399 24946468.1183367
