"time" "POP.S1" "POP.S2" "POP.S3" "POP.E1" "POP.E2" "POP.E3" "POP.A1" "POP.A2" "POP.A3" "POP.I1" "POP.I2" "POP.I3" "POP.H1" "POP.H2" "POP.H3" "POP.R1" "POP.R2" "POP.R3" "POP.D1" "POP.D2" "POP.D3" "POP.Sv1" "POP.Sv2" "POP.Sv3" "POP.Ev1" "POP.Ev2" "POP.Ev3" "POP.Av1" "POP.Av2" "POP.Av3" "POP.Iv1" "POP.Iv2" "POP.Iv3" "POP.Hv1" "POP.Hv2" "POP.Hv3" "POP.Rv1" "POP.Rv2" "POP.Rv3" "POP.Dv1" "POP.Dv2" "POP.Dv3" "POP.Sw1" "POP.Sw2" "POP.Sw3" "POP.Ew1" "POP.Ew2" "POP.Ew3" "POP.Aw1" "POP.Aw2" "POP.Aw3" "POP.Iw1" "POP.Iw2" "POP.Iw3" "POP.Hw1" "POP.Hw2" "POP.Hw3" "POP.Rw1" "POP.Rw2" "POP.Rw3" "POP.Dw1" "POP.Dw2" "POP.Dw3" "VAX"
"1" 0 8375588.98984994 19390389.8031044 5889017.29389153 138939.689572335 213210.830653627 37818.0125673964 181892.279260003 180937.564618909 20670.2366761431 89588.734560897 230284.173151339 46007.9461501251 249.306756825015 5319.36694017483 6688.08571898084 3379000 6830952.26153157 1272778.42499583 0 0 0 0 0 500 0 0 0 0 0 0 0 0 0 0 0 0 0 0 500 0 0 0 0 0 0 0 0 0 0 0 0 0 0 0 0 0 0 0 0 0 0 0 0 1311586.93009301
"2" 1 8352733.69882479 19340150.6154149 5702694.45795477 137926.774194554 225592.527912318 37972.4265626346 177883.484109341 177464.187023361 20225.5286239934 87614.2533672875 225863.510757005 45018.1120985661 243.82652904536 5218.87769029038 6544.88598745598 3408855.63643737 6876718.46957939 1241594.79772185 1.32653760574528 85.8116227859474 332.297955968757 0 0 180027.115655011 0 0 98.5135546459277 0 0 3.1501779159938 0 0 2.25793064392208 0 0 0.191617859948743 0 0 39466.2623739254 0 0 0.00178476258012514 0 0 0 0 0 0 0 0 0 0 0 0 0 0 0 0 0 0 0 0 0 1249130.73819979
"3" 2 8330068.24145745 19289811.6476501 5516812.33357131 136900.245939058 236105.693227789 37914.3528110687 174184.609857823 175163.128561911 19829.527578614 85792.4197807189 222934.890896978 44136.6904169151 238.795214558074 5155.42631338525 6418.43794495771 3438072.062931 6921752.9138702 1210015.49644678 2.62481939891172 170.299479658987 657.846453423702 0 0 359110.811876307 0 0 372.043362893227 0 0 23.4210536002637 0 0 16.7873421905739 0 0 1.42189932570937 0 0 78670.8024149494 0 0 0.0268276653252855 0 0 0 0 0 0 0 0 0 0 0 0 0 0 0 0 0 0 0 0 0 1186674.21771917
"4" 3 8307568.6893975 19239327.2388636 5331367.672771 135884.186961689 245088.004965023 37682.8446706359 170762.991861729 173791.412478245 19468.3625590684 84107.1452453291 221189.070426857 43332.8069863137 234.162323528323 5121.03556839779 6303.7881949148 3466697.92708967 6966323.23792744 1178054.03100061 3.89712054809942 253.999770460595 977.357358356791 0 0 537747.79916751 0 0 793.454008397306 0 0 73.7691742490426 0 0 52.8750069220119 0 0 4.47008058111565 0 0 118120.64081875 0 0 0.128202690264849 0 0 0 0 0 0 0 0 0 0 0 0 0 0 0 0 0 0 0 0 0 1124217.69723855
"5" 4 8285214.78184151 19188664.093513 5146359.4120841 134895.505521304 252812.340052736 37309.0285685946 167591.61453778 173153.10422912 19131.2111373089 82545.1235783096 220376.678109789 42582.3731765908 229.886327033895 5109.30944924093 6197.09775733953 3494776.94272438 7010641.14260348 1145718.59632749 5.1454696778388 337.332042641151 1291.32280730814 0 0 715934.066906863 0 0 1340.30932746087 0 0 163.524776616988 0 0 117.208492348766 0 0 9.89052083159548 0 0 157825.574881473 0 0 0.383235672601088 0 0 0 0 0 0 0 0 0 0 0 0 0 0 0 0 0 0 0 0 0 1061761.17675793
"6" 5 8262989.32032811 19137798.8702752 4961788.45623667 133945.626598357 259499.247185744 36817.7380221524 164647.831259183 173090.239387269 18809.656576112 81095.2004709409 220296.66831107 41866.6549597333 225.932630499407 5115.12405018324 6095.40378449849 3522348.7170215 7054873.22843313 1113013.24561142 6.3716914082924 420.622357400502 1600.06498597625 0 0 893664.828496235 0 0 1993.99799291141 0 0 299.162388767899 0 0 214.428499951843 0 0 18.0615707686103 0 0 197797.414679364 0 0 0.886195435450926 0 0 0 0 0 0 0 0 0 0 0 0 0 0 0 0 0 0 0 0 0 999304.656277312
"7" 6 8240877.67978473 19086716.2421417 4777657.29648673 133041.80756633 265327.005734307 36228.8101072036 161912.38278631 173475.505466467 18497.1794275496 79747.890029078 220787.006957321 41171.1413064814 222.27201857437 5134.37867094294 5996.43151406506 3549449.3903757 7099149.73912149 1079938.7644452 7.57743927881739 504.121907800424 1903.77520716683 0 0 1070934.68434152 0 0 2739.02794238285 0 0 484.917743547051 0 0 347.571045869332 0 0 29.2245446604104 0 0 238049.433294846 0 0 1.74259277973737 0 0 0 0 0 0 0 0 0 0 0 0 0 0 0 0 0 0 0 0 0 936848.135796693
"8" 7 8218867.41151899 19035407.3319831 4593969.71236511 132188.162172006 270439.756154232 35558.1163059925 159368.644697704 174206.325776242 18188.7547739735 78495.0041048394 221717.141897035 40484.6477227154 218.879461608369 5163.7950263171 5898.44564640064 3576112.13382349 7143571.62715532 1046493.35538126 8.76422135594371 588.022007768907 2202.54461677983 0 0 1247737.74323453 0 0 3562.4549665882 0 0 723.282189946331 0 0 518.421836617976 0 0 43.5148219876057 0 0 278595.941387712 0 0 3.06475039020979 0 0 0 0 0 0 0 0 0 0 0 0 0 0 0 0 0 0 0 0 0 874391.615316073
"9" 8 8196947.9205215 18983868.4535022 4410730.54119559 131386.453704133 274954.056833126 34818.3805721039 157002.053206917 175200.088221242 17880.5341096802 77329.3694899738 222981.930463399 39798.6081796108 215.733203825524 5200.75568887558 5800.13326333514 3602367.53645347 7188216.24916694 1012673.16958697 9.9334201824054 672.466124241782 2496.3882227709 0 0 1424067.7099844 0 0 4453.41987728063 0 0 1015.3974215459 0 0 727.799195793893 0 0 60.9865623621364 0 0 319451.963433071 0 0 4.96839547933851 0 0 0 0 0 0 0 0 0 0 0 0 0 0 0 0 0 0 0 0 0 811935.094835454
"10" 9 8175110.20145143 18932100.0949159 4227945.50214257 130636.709386604 278964.186928901 34019.8303466984 154799.666928134 176390.287084549 17569.5935219689 76244.612069081 224496.729016698 39106.5146134146 212.814066210379 5243.17377808279 5700.51141835588 3628243.90979009 7233141.96871914 978472.717683022 11.0863084494379 757.559556772866 2785.26372186885 0 0 1599917.94556815 0 0 5402.77196958582 0 0 1361.37093946753 0 0 975.780176212369 0 0 81.6323557595307 0 0 360632.99548693 0 0 7.57005600220992 0 0 0 0 0 0 0 0 0 0 0 0 0 0 0 0 0 0 0 0 0 749478.574354835
"11" 10 8153346.62193061 18880106.0993173 4045621.06531216 129937.694075685 282546.429872498 33170.7141486915 152749.833744932 177723.407434439 17253.7347660419 75234.992740041 226193.427643831 38403.474156674 210.104915451191 5289.38802760734 5598.85437628769 3653767.5285319 7278391.8704954 943885.182804966 12.2240613844287 843.377208906179 3069.08620090686 0 0 1775281.50415831 0 0 6402.76233247335 0 0 1760.52727797924 0 0 1261.88062909964 0 0 105.398781630241 0 0 402154.829956701 0 0 10.9850980750024 0 0 0 0 0 0 0 0 0 0 0 0 0 0 0 0 0 0 0 0 0 687022.053874215
"12" 11 8131650.74546404 18827893.0098865 3863764.35979255 129287.270553716 285762.498141489 32277.7089165921 150841.940668284 179156.435741595 16931.3302424661 74295.2842097516 228017.281852939 37685.8640880697 207.59026412886 5338.07920617213 5494.6371222195 3678962.82107354 7323996.72541415 908902.650479615 13.3477665410073 929.96975714288 3347.73944204682 0 0 1950151.14965041 0 0 7446.79607382311 0 0 2211.60472355471 0 0 1585.1962050155 0 0 132.198512199689 0 0 444033.438457801 0 0 15.3262936383954 0 0 0 0 0 0 0 0 0 0 0 0 0 0 0 0 0 0 0 0 0 624565.533393596
"13" 12 8110017.18201555 18775469.5311234 3682383.11166709 128682.681238098 288662.355146639 31346.2502814588 149066.220070903 180654.809658052 16601.1977809199 73420.6755573103 229924.303201157 36951.0531252734 205.255960064906 5388.20149997639 5387.48990226975 3703852.52672621 7369977.43067232 873516.280700177 14.4584318611801 1017.36869848026 3621.08494420622 0 0 2124519.3551145 0 0 8529.22640673367 0 0 2712.91494445315 0 0 1944.5167704131 0 0 161.920070588885 0 0 486284.895548445 0 0 20.702743472672 0 0 0 0 0 0 0 0 0 0 0 0 0 0 0 0 0 0 0 0 0 562109.012912977
"14" 13 8088441.46303161 18722846.0938531 3501485.61157638 128120.761308028 291286.492683674 30380.7952835411 147413.604335661 182190.765441492 16262.5023782111 72606.7006429372 231879.156016444 36197.1827127924 203.088952314298 5438.92743009989 5277.16272860469 3728457.82473719 7416346.97419132 837716.423160952 15.5569922679941 1105.59038387156 3888.96887874624 0 0 2298378.28429662 0 0 9645.18524270539 0 0 3262.46835845722 0 0 2338.41626658182 0 0 194.43542721476 0 0 528925.344561281 0 0 27.2191279113103 0 0 0 0 0 0 0 0 0 0 0 0 0 0 0 0 0 0 0 0 0 499652.492432357
"15" 14 8066919.94027827 18670034.5168319 3322092.27716272 127598.09387416 293667.699416454 29385.1098751147 145875.6200812 183742.056749815 15914.682746967 71849.1860101435 233853.526772493 35423.0035335718 201.077120103292 5489.60532742906 5163.49899045771 3752798.43832117 7463111.95578433 801736.675392683 16.6443149563989 1194.63911755757 4151.22720399287 0 0 2470708.18915775 0 0 10790.3629533515 0 0 3858.06681489086 0 0 2765.31914067868 0 0 229.605558047057 0 0 571727.006233269 0 0 34.9752365148146 0 0 0 0 0 0 0 0 0 0 0 0 0 0 0 0 0 0 0 0 0 438451.621820184
"16" 15 8045449.69598273 18617047.7181234 3178359.97912075 127111.133441799 295832.568124869 28384.101718568 144444.303430714 185290.863958722 15557.7496146256 71144.2091524412 235824.735947465 34628.5394648119 199.209135130776 5539.72327818692 5046.54010616641 3776892.72765309 7510273.88079422 773852.185665108 17.7212040982523 1284.50977312362 4407.69156517795 0 0 2607353.04933653 0 0 11939.2287690116 0 0 4496.65659262669 0 0 3223.03659870684 0 0 267.240986006487 0 0 606419.935247598 0 0 44.0652143081177 0 0 0 0 0 0 0 0 0 0 0 0 0 0 0 0 0 0 0 0 0 420963.235371439
"17" 16 8024028.46799538 18563899.4873422 3035141.14031727 126656.29480744 297802.684628682 27395.9651779552 143112.137677297 186822.935147968 15193.0190527519 70488.0678112062 237774.644733777 33816.719827093 197.474359615854 5588.88088013377 4926.78176014367 3800757.76894425 7557830.17743688 745614.618605025 18.7884048150845 1375.18983037782 4658.20784659103 0 0 2743461.4458052 0 0 13072.923280545 0 0 5172.81570200988 0 0 3707.68235966276 0 0 307.010250536286 0 0 641457.096528849 0 0 54.5734863739715 0 0 0 0 0 0 0 0 0 0 0 0 0 0 0 0 0 0 0 0 0 403614.201904601
"18" 17 8002654.58527614 18510604.300578 2892329.41766464 126230.018322696 299595.587339875 26417.1938872783 141872.005947711 188326.894897027 14821.8143066546 69877.2566608128 239688.775323489 32990.4899083603 195.862768365888 5636.76664513585 4804.71491970788 3824409.42441761 7605775.01422181 716989.838993337 19.8466066666816 1466.6609946318 4902.64823845742 0 0 2879140.85643691 0 0 14194.2730971263 0 0 5881.3374021123 0 0 4215.5244248435 0 0 348.597623235761 0 0 676876.720850252 0 0 66.572247084072 0 0 0 0 0 0 0 0 0 0 0 0 0 0 0 0 0 0 0 0 0 386265.168437763
"19" 18 7981326.91195589 18457177.1694452 2749930.98680725 125828.817395102 301225.539685453 25444.8657332681 140717.155051534 189793.690288877 14445.172859343 69308.4495029945 241555.605822207 32152.1589449892 194.364888866903 5683.13999425561 4680.72393239895 3847862.40475888 7654099.95428549 687970.968096693 20.8964467403588 1558.90047852859 5140.90687611283 0 0 3014386.35221003 0 0 15305.5257393912 0 0 6617.79562327017 0 0 4743.39035174182 0 0 391.736969206162 0 0 712689.292810589 0 0 80.1230457205591 0 0 0 0 0 0 0 0 0 0 0 0 0 0 0 0 0 0 0 0 0 368916.134970924
"20" 19 7960044.79510694 18403633.509437 2607952.32451274 125449.314069366 302704.19796688 24476.5680518503 139641.165912038 191216.113521806 14063.9032647968 68778.4847029441 243365.962664116 31303.5266216444 192.971751907245 5727.81584612135 4555.10795916869 3871130.32994417 7702794.51847294 658551.12333135 21.9385126352467 1651.88209115016 5372.89484011898 0 0 3149192.7977532 0 0 16408.4392612321 0 0 7378.40904368105 0 0 5288.56982919439 0 0 436.202888104949 0 0 748904.854133297 0 0 95.2785096250988 0 0 0 0 0 0 0 0 0 0 0 0 0 0 0 0 0 0 0 0 0 351567.101504086
"21" 20 7938808.02576846 18349989.0501584 2466400.26183597 125088.259297925 304041.052707524 23510.3346710672 138637.93405871 192588.488886953 13678.6277108465 68284.3555811555 245112.622219758 30445.9778080133 191.674858845549 5770.65460891317 4428.09692530768 3894225.77709012 7751846.55447962 628723.278320436 22.9733447871806 1745.57693884286 5598.53664163632 0 0 3283554.78627992 0 0 17504.3530382206 0 0 8159.94043363599 0 0 5848.74253106212 0 0 481.804193667231 0 0 785533.176032952 0 0 112.08357726776 0 0 0 0 0 0 0 0 0 0 0 0 0 0 0 0 0 0 0 0 0 334218.068037247
"22" 21 7917616.7935434 18296259.7355721 2325282.054917 124742.551329346 305243.92161957 22544.5830105174 137701.648942355 193906.323155665 13289.824286707 67823.200225339 246789.865834483 29580.5766381543 190.466146694341 5811.55104975967 4299.8673656078 3917160.3383736 7801242.64856798 598480.106254266 24.0014392679604 1839.95420047299 5817.76677264023 0 0 3417466.55526135 0 0 18594.2582654781 0 0 8959.59430691191 0 0 6421.90475654584 0 0 528.377285494623 0 0 822583.954100362 0 0 130.576778962429 0 0 0 0 0 0 0 0 0 0 0 0 0 0 0 0 0 0 0 0 0 316869.03457041
"23" 22 7896471.65425221 18242461.659149 2184605.45754393 124409.244251049 306319.26174566 21578.0692338988 136826.780587135 195166.085937843 12897.8555910353 67392.2949160514 248393.200284527 28708.1301864979 189.337965528331 5850.42737775113 4170.5531029568 3939944.66477815 7850968.38390162 567813.851427745 25.0232498823991 1934.98160361507 6030.52749043882 0 0 3550921.90480563 0 0 19678.8461324652 0 0 9774.9475983532 0 0 7006.31974244902 0 0 575.78168055723 0 0 860066.964373068 0 0 150.791090974532 0 0 0 0 0 0 0 0 0 0 0 0 0 0 0 0 0 0 0 0 0 299520.00110357
"24" 23 7875373.50407879 18188611.0228017 2044378.87563198 124085.549504993 307272.327388451 20609.8352451685 136008.070283857 196365.103566287 12502.9964623342 66989.049542795 249919.222720728 27829.2501903567 188.283062964318 5887.23005675719 4040.25542119682 3962588.50433663 7901008.46782765 536716.129856719 26.0391899699072 2030.62563841702 6236.76710036416 0 0 3683914.03708473 0 0 20758.5600682365 0 0 10603.8859802926 0 0 7600.47201715117 0 0 623.895979611019 0 0 897992.284366387 0 0 172.754595473817 0 0 0 0 0 0 0 0 0 0 0 0 0 0 0 0 0 0 0 0 0 282170.96763673
"25" 24 7854323.53212817 18134724.0422269 1904611.42039764 123768.843875392 308107.65640506 19639.1835615885 135240.512435474 197501.213537571 12105.455081117 66610.9986622484 251365.180866 26944.4000192605 187.294553154297 5921.91888535168 3909.05109354672 3985100.76870997 7951347.13577211 505177.826968362 27.0496355893277 2126.85230703613 6436.4381182132 0 0 3816435.48962193 0 0 21833.6261229497 0 0 11444.5431644439 0 0 8203.02389445665 0 0 672.613905898034 0 0 936370.436657298 0 0 196.491393295043 0 0 0 0 0 0 0 0 0 0 0 0 0 0 0 0 0 0 0 0 0 264821.934169892
"26" 25 7833323.21466343 18080816.9535057 1765313.15694445 123456.662931222 308828.971925879 18665.6343010795 134519.353375009 198572.842243956 11705.3900794542 66255.8009160491 252729.071946853 26053.9327574949 186.365915366862 5954.46969912829 3776.99848784011 4007489.54727279 8001968.06375023 473188.831402587 28.0549261399381 2223.62692821724 6629.49659843741 0 0 3948477.88702455 0 0 22904.0910719027 0 0 12295.2667990642 0 0 8812.7910299462 0 0 721.842221033014 0 0 975212.659471654 0 0 222.021810504144 0 0 0 0 0 0 0 0 0 0 0 0 0 0 0 0 0 0 0 0 0 247472.900703055
"27" 26 7812374.285521 18026905.9672343 1626495.50677323 123146.700623029 309439.363409516 17688.8825867672 133840.080463496 199578.881367423 11302.9314828805 65921.2336611248 254009.48537672 25158.1378167339 185.490976046597 5984.87061909834 3644.14525362661 4029762.15338878 8052854.51759944 440737.601011407 29.0553665278007 2320.9143935483 6815.90097831231 0 0 4080031.53139587 0 0 23969.8647981796 0 0 13154.566860382 0 0 9428.7054298672 0 0 771.497460227785 0 0 1014531.36520243 0 0 249.362950088698 0 0 0 0 0 0 0 0 0 0 0 0 0 0 0 0 0 0 0 0 0 230123.867236217
"28" 27 7791478.69354683 17973007.1964037 1488171.20099525 122836.805872426 309941.653860264 16708.8121810453 133198.408068768 200518.429143207 10898.1798612996 65605.1860637213 255205.273454991 24257.2390461184 184.663884930149 6013.11400801934 3510.52815521783 4051925.191333 8103989.65342292 407811.19891709 30.0512303233291 2418.67970689027 6995.61207854561 0 0 4211085.43806775 0 0 25030.707812011 0 0 14021.1015087987 0 0 10049.8053133838 0 0 821.504987861649 0 0 1054340.14197104 0 0 278.529104586735 0 0 0 0 0 0 0 0 0 0 0 0 0 0 0 0 0 0 0 0 0 212774.833769378
"29" 28 7770638.60206908 17919136.6697905 1350354.87404501 122524.977945875 310338.270229516 15725.4537610589 132590.276664799 201390.88837841 10491.2219864769 65305.6586557966 256315.676117977 23351.4295828033 183.879114462164 6039.19973706144 3376.17867829166 4073984.56278996 8155356.40798815 374394.686042092 31.0427600206247 2516.88775838654 7168.59247045133 0 0 4341626.74325711 0 0 26086.2693429353 0 0 14893.6474453211 0 0 10675.2138651678 0 0 871.797184583502 0 0 1094654.36044055 0 0 309.531898156374 0 0 0 0 0 0 0 0 0 0 0 0 0 0 0 0 0 0 0 0 0 195425.800302539
"30" 29 7749856.3650282 17865310.3063955 1213063.93619323 122209.360080785 310631.300063232 14738.9505052469 132011.843895383 202195.933263958 10082.1448827243 65020.7589335468 257340.278699583 22440.9031260637 183.131445805477 6063.13436852295 3241.12809176845 4095945.51044725 8206937.54383206 340470.233038894 32.0301690368189 2615.50337717256 7334.80605986529 0 0 4471639.82689495 0 0 27136.1189797885 0 0 15771.0650739847 0 0 11304.1142651161 0 0 922.31129393804 0 0 1135492.08100322 0 0 342.380591205825 0 0 0 0 0 0 0 0 0 0 0 0 0 0 0 0 0 0 0 0 0 178076.7668357
"31" 30 7729134.50240578 17811543.8779769 1076637.84598852 121888.235685571 310822.663246148 13749.594521047 131459.475965105 202933.389396963 9671.03378416201 64748.6971171412 258278.859232499 21525.8493905542 182.415954685215 6084.92746434536 3105.40673626958 4117812.65922808 8258715.79110201 306107.012420664 33.0136436342754 2714.49158112983 7494.21838432633 0 0 4600787.03415612 0 0 28179.7102900433 0 0 16652.2940137562 0 0 11935.7464714493 0 0 972.989133857571 0 0 1176784.18247623 0 0 377.08223299896 0 0 0 0 0 0 0 0 0 0 0 0 0 0 0 0 0 0 0 0 0 161136.927364999
"32" 31 7708475.68442782 17757852.9955899 951337.942439668 121560.022245483 310914.123487759 12764.5596941235 130929.741228765 203603.230732643 9258.09180002341 64487.7829932722 259131.384568818 20606.7204581166 181.728001659747 6104.59166342937 2969.08618270172 4139590.04775865 8310673.85638745 274213.464839447 33.9933443498023 2813.81757006061 7646.79706392016 0 0 4718808.84047977 0 0 29209.64553413 0 0 17536.1081623139 0 0 12569.2316595171 0 0 1023.76219555204 0 0 1215622.10781561 0 0 413.641675104056 0 0 0 0 0 0 0 0 0 0 0 0 0 0 0 0 0 0 0 0 0 157783.929819001
"33" 32 7687882.71451715 17704253.0920719 829180.24699335 121223.265645136 310907.329362819 11790.8564472659 130419.403237188 204205.554252793 8843.91456373484 64236.4224899583 259897.978139919 19684.8420934743 181.063221438738 6122.14202630968 2832.37537645887 4161281.16148162 8362794.45737567 242522.85853907 34.9694075046315 2913.44677061712 7792.51683629145 0 0 4833691.0463513 0 0 30218.7190362803 0 0 18420.5579935664 0 0 13203.1724813537 0 0 1074.51791148181 0 0 1254272.31493935 0 0 452.060437014341 0 0 0 0 0 0 0 0 0 0 0 0 0 0 0 0 0 0 0 0 0 157776.179392194
"34" 33 7667358.51352521 17650759.4063214 707599.667457155 120876.634776598 310803.845604467 10828.2483138649 129925.414068196 204740.561171846 8429.15499460096 63993.114391798 260578.896036895 18761.6675686279 180.417512742399 6137.59557350712 2695.501848949 4182888.96377883 8415060.350422 210260.705461248 35.9419466192089 3013.34486985908 7931.36400365009 0 0 4948000.5703945 0 0 31206.998905692 0 0 19303.6410419773 0 0 13836.1336439634 0 0 1125.14072049401 0 0 1293508.86993847 0 0 492.335706809214 0 0 0 0 0 0 0 0 0 0 0 0 0 0 0 0 0 0 0 0 0 157776.179392194
"35" 34 7646906.10362148 17597386.9675533 586631.698980335 120518.915757945 310605.18403427 9875.29351494821 129444.907302379 205208.538565066 8014.34579191649 63756.4468802762 261174.503628266 17838.3825691045 179.78702771005 6150.97083587419 2558.64950157548 4204415.92835632 8467454.35753532 177383.302964423 36.9110538814319 3113.47784790374 8063.33512424615 0 0 5061703.74518547 0 0 32175.783955371 0 0 20183.6547563336 0 0 14466.8948218095 0 0 1175.53344801407 0 0 1333374.91858321 0 0 534.460803244169 0 0 0 0 0 0 0 0 0 0 0 0 0 0 0 0 0 0 0 0 0 157776.179392194
"36" 35 7626528.59480087 17544150.5821453 466335.657501103 120149.007432303 310312.819105832 8930.94197467128 128975.191950711 205609.851148916 7599.90616343884 63525.0945428874 261685.26509862 16915.9201702348 179.168162838045 6162.28770054325 2421.96137040047 4225864.06630902 8519959.38280629 143830.884982617 37.8768013695554 3213.81199446469 8188.43508253374 0 0 5174743.08107143 0 0 33126.005457395 0 0 21059.1795980729 0 0 15094.4385423217 0 0 1225.61614961835 0 0 1373929.54616938 0 0 578.42576679269 0 0 0 0 0 0 0 0 0 0 0 0 0 0 0 0 0 0 0 0 0 157776.179392193
"37" 36 7606229.16974283 17491064.8194987 346799.607921089 119765.915450464 309928.212486378 7994.50862012872 128513.745469243 205944.92684705 7186.17253064451 63297.8149326124 262111.725078063 15995.029181112 178.557548605818 6171.56707062331 2285.55087888805 4247234.95761377 8572558.43508365 109514.861893637 38.8392424729131 3314.31393556161 8306.67501795175 0 0 5287032.33496152 0 0 34058.2524817014 0 0 21929.0131139832 0 0 15717.9029316544 0 0 1275.32195713844 0 0 1415260.55050566 0 0 624.218004894807 0 0 0 0 0 0 0 0 0 0 0 0 0 0 0 0 0 0 0 0 0 157776.179392193
"38" 37 7586011.07170045 17438144.0005968 228175.773954382 119368.748114382 309452.820791282 7065.65704897413 128058.207897244 206214.25330245 6773.42250569308 63073.4456807321 262454.504203118 15076.3275126717 177.952040855639 6178.83084204396 2149.51047160316 4268529.77615332 8625234.63962059 74282.3420540952 39.7984130168343 3414.95064374487 8418.07129448433 0 0 5398421.09801338 0 0 34972.7871407752 0 0 22792.1188560711 0 0 16336.5451023429 0 0 1324.5939145188 0 0 1457519.92949082 0 0 671.822640183737 0 0 0 0 0 0 0 0 0 0 0 0 0 0 0 0 0 0 0 0 0 157776.179392194
"39" 38 7565877.59147028 17385389.125543 112654.261001767 118956.711209329 308888.109761258 6144.6322440427 127606.375468021 206418.369762369 6361.89872011572 62850.9013499207 262714.288788469 14160.3552157414 177.348711435205 6184.10173886917 2013.92019591722 4289749.3174585 8677964.73510365 38446.2922160679 40.7543325081323 3515.68945602319 8522.64454230906 0 13.0606081602859 5506721.07013242 0 0.000102373628248627 35869.3107134424 0 0.0000000224915728982949 23647.5751057983 0 0.0000000116136834126921 16949.704400739 0 0.000000000165754556204213 1373.38180259192 0 6.51913580927926 1500393.73085715 0 3.05902512537736e-15 721.22285189446 0 0 0 0 0 0 0 0 0 0 0 0 0 0 0 0 0 0 0 0 0 160260.800041421
"40" 39 7545832.05579055 17332840.1436849 71936.4686298786 118529.103479645 308235.525628819 5278.94477000523 127156.194642571 206557.861861309 5952.60541652849 62629.1704955948 262891.82418712 13249.347540015 176.744839518058 6187.40322534512 1879.12815951548 4310894.02374686 8730745.16137711 26445.5049748632 41.707005256314 3616.49808580551 8620.42286857791 0 13.0225299459493 5540232.64523454 0 0.0363492534132675 36700.2782983295 0 0.0020448642743827 24492.9686007173 0 0.00105588019174975 17555.6510898636 0 0.000015030348075041 1421.54442376563 0 6.5199545751405 1519442.09084772 0 0.0000000611573863817084 772.399145678342 0 0 0 0 0 0 0 0 0 0 0 0 0 0 0 0 0 0 0 0 0 261460.51736316
"41" 40 7525877.81689585 17280497.4692843 71736.9674277898 118085.311422733 307496.613747489 4527.44330939731 126705.756169535 206633.359667481 5549.40423348656 62407.3127402189 262987.912304066 12351.8997455023 176.137903005701 6188.75951672484 1746.48448128234 4331964.00844718 8783552.95889551 28591.5441250768 42.6564214696311 3717.34463483615 8711.4767748726 0 12.9832037859442 5533243.03330735 0 0.0667132479658875 37406.8241727733 0 0.00742664318193883 25320.1730608971 0 0.00383479995481351 18148.5605537851 0 0.0000544459311035255 1468.59413904253 0 6.52071623405833 1524352.27408856 0 0.000000453438362687489 825.320580185561 0 0 0 0 0 0 0 0 0 0 0 0 0 0 0 0 0 0 0 0 0 417454.616302732
"42" 41 7506018.24284218 17228374.3276345 71645.1969972564 117624.804298777 306672.900310232 3894.72721757388 126253.289213048 206645.535648996 5157.17144926162 62184.4558810536 263003.409007813 11478.8654838404 175.525570064781 6188.19557893064 1617.68630357597 4352959.07963657 8836371.85226414 30625.6152756339 43.6025583004595 3818.1976057819 8795.95737026552 0 12.944042565545 5526164.56158461 0 0.0921168892183214 37984.347281605 0 0.0152161752519273 26119.0560268381 0 0.00785698016439397 18721.1702214954 0 0.000111265392255533 1513.92456324703 0 6.52260431143692 1529381.78507283 0 0.00000142346584766616 879.935151960327 0 0 0 0 0 0 0 0 0 0 0 0 0 0 0 0 0 0 0 0 0 573595.91750428
"43" 42 7486256.70749457 17176483.6517812 71553.6905021593 117147.130234687 305765.939660665 3361.97193157596 125797.155610662 206595.100602401 4779.72048314807 61959.7930619678 262939.218948511 10638.7326882973 174.905690888653 6185.73705670102 1494.04679272918 4373878.76252637 8889185.74408714 32512.9648486666 44.5453808463294 3919.02591372214 8874.09285083117 0 12.9050560016229 5519106.44779662 0 0.113336787556149 38451.6854069268 0 0.0246726399035285 26881.6583914682 0 0.0127398928518982 19267.7753003652 0 0.000179956185165209 1557.06471123117 0 6.52596118854788 1534563.97749745 0 0.00000314380720498379 936.1707576283 0 0 0.0000336337120321756 0 0 6.75146858258966e-17 0 0 -2.20997181714342e-25 0 0 -1.18672087165375e-25 0 0 -5.78813742050322e-27 0 0 0.00000726916918263893 0 0 3.70212631927781e-36 729737.218664925
"44" 43 7466596.58054588 17124838.0716525 71462.4701127782 116651.912834033 304777.318564057 2913.32502001579 125335.844338301 206482.801752511 4419.67739196814 61732.580047223 262796.293139559 9837.34645309037 174.276289797116 6181.41026570878 1376.45552615385 4394722.32110165 8941978.72377894 34259.7793857957 45.4848431113909 4019.79889711815 8946.16620760567 0 12.8662535833101 5350504.97251945 0 0.131026861801904 38727.3366358935 0 0.0352092712977136 27599.335609833 0 0.0181805573088324 19782.1797013241 0 0.000256165592538149 1597.50364915253 0 6.53101744254012 1504821.47345318 0 0.00000572862343180406 993.939155505804 0 0 161565.429571245 0 0 97.3826898796824 0 0 3.53366626655357 0 0 1.89752442969987 0 0 0.0923683546455722 0 0 35069.7030118096 0 0 0.000346268553270712 689140.480729122
"45" 44 7447041.21779459 17073449.9042003 71371.5577190534 116138.848239327 303708.660075041 2535.44674801574 124867.966226917 206309.42139462 4078.72808592228 61502.1326192278 262575.627229517 9078.45928802057 173.635557723345 6175.24219579893 1265.4689733518 4415488.77867329 8994735.07662629 35873.062777936 46.4208889182228 4120.48632877138 9012.49650510785 0 12.8276445645939 5182344.99097183 0 0.145737607952174 38749.0404722999 0 0.0463653607770256 28254.6402191922 0 0.0239410833477302 20251.8777304618 0 0.000336501848082119 1634.19825150225 0 6.53791524574163 1475000.83051696 0 0.00000924621412767317 1053.12304814191 0 0 322713.121817331 0 0 367.792325119874 0 0 26.3317800931423 0 0 14.1397608702176 0 0 0.686970898857509 0 0 70354.0008115043 0 0 0.00522638771790637 648543.742416719
"46" 45 7427593.95204057 17022331.1446145 71280.9748949031 115607.70194003 302561.625864133 2217.10972820674 124392.248893473 206075.775854166 3757.82364322193 61267.82408186 262278.260178029 8364.18810910688 172.981845043195 6167.26052008493 1161.38530007375 4436176.93774623 9047439.2925926 37360.3144543133 47.353452787733 4221.05842687404 9073.423967582 0 12.7892379577143 5014628.79687836 0 0.157932585018522 38556.8886991706 0 0.0577826923171985 28832.7465191606 0 0.0298365035802282 20666.2428758448 0 0.000418350538990376 1666.27061486989 0 6.54672779192083 1445086.14790262 0 0.0000137293846623668 1113.56820641466 0 0 483442.447094916 0 0 782.424269397543 0 0 82.857665118385 0 0 44.4932916382534 0 0 2.15757852380345 0 0 105859.713327338 0 0 0.0249792229652615 607947.004104317
"47" 46 7408258.08502727 16971493.4596173 71190.7428742531 115058.305194795 301337.916238434 1948.86498037405 123907.531836946 205782.714654602 3457.34560599904 61029.0828450629 261905.273196766 7695.38215528819 172.313654658332 6157.49360587808 1064.304273362 4456785.39898049 9100076.07487117 38729.2816182131 48.2824607777183 4321.48586623529 9129.29858991816 0 12.7510425281268 4847359.0063142 0 0.168002164372674 38184.7833062461 0 0.069186261312415 29323.7706013261 0 0.0357248174248894 21018.1907186622 0 0.000499724964153597 1693.1467119089 0 6.55747493052878 1415058.63049207 0 0.000019183744981789 1175.09403807673 0 0 643752.427152102 0 0 1316.9002322007 0 0 183.288596668958 0 0 98.4231570356989 0 0 4.76388125372105 0 0 141596.280109812 0 0 0.074591032444898 567350.265791915
"48" 47 7389036.87991914 16920948.1814903 71100.8825293319 114490.551517424 300039.269500718 1722.76026502827 123412.761658666 205431.119741173 3177.24026366137 60785.3900706863 261457.788761492 7071.92187718175 171.629635273911 6145.97052344137 974.175660959479 4477312.57936752 9152630.34824355 39987.7680717135 49.2078312855635 4421.73978967218 9180.47142953137 0 12.7130667900147 4680538.49315934 0 0.17627512623585 37661.4159431 0 0.0803683340042533 29721.7294134209 0 0.0414987600801211 21303.4328290477 0 0.000579142905991993 1714.49064343754 0 6.57013586282227 1384897.51720857 0 0.0000255944114597283 1237.50347161828 0 0 803641.798033531 0 0 1950.56966898232 0 0 334.390536868243 0 0 179.56257464766 0 0 8.67535307577538 0 0 177575.028874989 0 0 0.172191961370301 526753.527479512
"49" 48 7369933.55426332 16870706.3026978 71011.414350279 113904.393276325 298667.460863847 1532.10307221157 122906.987410348 205021.904726031 2917.12701419541 60536.2773812162 260936.969651311 6492.96012837044 170.928574872767 6132.72105183369 890.838053134108 4497756.7296181 9205087.26724 41143.4893967101 50.1294758150373 4521.79181950943 9227.28808250701 0 12.6753190022493 4514170.342317 0 0.183028417207429 37011.091696992 0 0.0911753248037081 30023.6918971815 0 0.0470790265361972 21519.8683331938 0 0.000655525613055353 1730.15128471319 0 6.58465938268525 1354580.80696054 0 0.0000329313797369495 1300.59066496656 0 0 963109.055289239 0 0 2665.92223650779 0 0 540.233868612192 0 0 290.097277477961 0 0 13.9906900336479 0 0 213808.599514466 0 0 0.337871670552745 486156.78916711
"50" 49 7350951.27341765 16820778.471095 70922.3584260083 113299.8384045 297224.300997721 1371.26114858731 122389.356064395 204556.014121252 2676.3854147579 60281.3246287318 260344.017972502 5957.11592317082 170.209394375852 6117.77568117307 814.049844139544 4518115.95079064 9257432.22411362 42203.9654338039 51.0472997085955 4621.61406915547 9270.08390693986 0 12.6378071647896 4348257.81824903 0 0.188495361924811 36254.4220456286 0 0.10149701223858 30229.0887441323 0 0.052408703153098 21667.0891719091 0 0.000728115157185219 1740.11912986524 0 6.60097209940151 1324085.8193472 0 0.0000411538098984173 1364.14695286734 0 0 1122152.4839631 0 0 3448.0935678888 0 0 802.777612802053 0 0 431.079229616588 0 0 20.7535993013772 0 0 250310.495534866 0 0 0.592754384097876 445560.050854707
"51" 50 7332093.14443132 16771174.9857183 70833.7344262947 112676.947210306 295711.634268421 1235.49454933202 121859.108108105 204034.422541502 2454.22476322384 60020.1577248873 259680.174143729 5462.62931169177 169.471141490095 6101.16561111999 743.513815745713 4538388.21018105 9309650.85661266 43176.4425962257 51.9612028462003 4721.17915467367 9309.18063489392 0 12.60053901552 4182804.34681683 0 0.19287257649809 35408.9079686357 0 0.111257692013053 30339.1528487465 0 0.0574486994799887 21745.979038206 0 0.00079640695965333 1744.49150712049 0 6.61898500657957 1293389.62057301 0 0.0000502134243434858 1427.96537413275 0 0 1280770.17537027 0 0 4284.44939381708 0 0 1122.34508070822 0 0 602.682044242513 0 0 28.9655869196015 0 0 287094.740015913 0 0 0.958284039400999 404963.312542304
"52" 51 7313362.21036846 16721905.7931467 70745.5615850495 112035.829302829 294131.336746325 1120.81449565167 121315.573250878 203458.133840405 2249.73924905962 59752.4465265521 258946.715796879 5007.48413500367 168.712984723884 6082.92274466996 678.896462527062 4558571.35648625 9361729.05556905 44067.8400817843 52.8710803113626 4820.4602063497 9344.88408833179 0 12.5635220275159 4017813.50898902 0 0.196325778085628 34489.4297287343 0 0.120408950581616 30356.4683474557 0 0.0621740168387865 21758.3901451951 0 0.000860094959602733 1743.4447187354 0 6.63859868531651 1262469.33863378 0 0.0000600571766743095 1491.84404980246 0 0 1438960.03209948 0 0 5164.23621790614 0 0 1498.00914816119 0 0 804.407869937894 0 0 38.5962570538614 0 0 324175.618016976 0 0 1.45568034495346 364366.574229902
"53" 52 7294761.44506868 16672980.4844325 70657.8586847956 111376.640627412 292485.314043857 1023.86467794614 120758.166252989 202828.180171023 2061.95140559407 59477.902781323 258144.956581302 4589.50474148358 167.934207581282 6063.0796772529 619.843077922692 4578663.13423899 9413652.97226431 44884.7147593222 53.7768230243742 4919.43088014062 9377.48275034334 0 12.526763406738 3853289.04539073 0 0.198994670173831 33508.6585482586 0 0.128923771474505 30284.6083186549 0 0.0665707050834436 21706.8835428923 0 0.00091902713831019 1737.21180892714 0 6.65970740053352 1231302.38883836 0 0.0000706293330998257 1555.58865095371 0 0 1596719.7622663 0 0 6078.2876786747 0 0 1927.90355224046 0 0 1035.25455222158 0 0 49.5915831426695 0 0 361567.489640106 0 0 2.10553112096841 323769.835917499
"54" 53 7276293.74828039 16624408.2926474 70570.6440422605 110699.580416474 290775.498680826 941.819571773971 120186.382950261 202145.621201549 1889.84663883542 59196.2781695315 257276.245165608 4206.43284127884 167.134203066432 6041.66968964939 565.989612778717 4598661.19766193 9465409.025297 45633.2403997715 54.6783183485013 5018.06536832964 9407.24699070869 0 12.4902700901887 3689234.87145472 0 0.200997127011727 32477.4086150279 0 0.136791655581564 30127.8406171242 0 0.0706333429238618 21594.5182712465 0 0.000973168914875895 1726.06465121633 0 6.68220235274756 1199866.62781135 0 0.0000818731064038189 1619.01416415207 0 0 1754046.86325077 0 0 7018.77356702412 0 0 2409.4771833725 0 0 1293.85218449418 0 0 61.8806181006537 0 0 399284.660023919 0 0 2.92749007816332 283173.097605097
"55" 54 7257961.94125495 16576198.0908243 70483.935495006 110004.888652483 289003.848025055 872.302853736636 119599.79614925 201411.542699693 1732.39840207848 58907.3622824662 256341.963435973 3855.98354011017 166.312467945785 6018.72671710939 516.971198842395 4618563.12374224 9516983.90793669 46319.199744851 55.5754506631434 5116.33841159114 9434.42886278301 0 12.4540487443655 3525655.10330124 0 0.20243255091901 31404.9202720981 0 0.144014863832068 29890.9050943071 0 0.0743630978069299 21424.6916799018 0 0.00102257516253293 1710.30050500027 0 6.70597404655988 1168140.4392125 0 0.0000937318287448682 1681.9460058377 0 0 1910938.59478621 0 0 7978.99763584129 0 0 2939.68868758299 0 0 1578.5676064541 0 0 75.3805890486601 0 0 437341.304452704 0 0 3.94007387103665 242576.359292694
"56" 55 7239768.76272084 16528358.3906508 70397.7503894811 109292.843164564 287172.341390728 813.314766406053 118998.05197779 200627.055703988 1588.58891461326 58610.9808248818 255343.525441439 3535.89145510694 165.468597732716 5994.28533776438 472.42907951365 4638366.42461229 9568364.59421706 46947.9832920517 56.468101903727 5214.22530858569 9459.26220023499 0 12.4181057642798 3362554.09352969 0 0.203384860472601 30299.1108772412 0 0.150605178886698 29578.826666536 0 0.0777660537931776 21201.0054424376 0 0.00106736622266432 1690.2308250236 0 6.73091423691636 1136102.77843304 0 0.000106149903415552 1744.22078296428 0 0 2067391.94224612 0 0 8953.21875542795 0 0 3515.17054707828 0 0 1887.59251284585 0 0 90.001163024891 0 0 475751.427607561 0 0 5.16051360226651 201979.620980292
"57" 56 7221716.86514046 16480897.341575 70312.1055696659 108563.756957275 285282.977249346 763.172030407504 118380.866075853 199793.295295711 1457.42392376036 58306.9937388529 254282.375830905 3243.9435722408 164.602281418853 5968.38074629859 432.01542396509 4658068.55965405 9619538.34542654 47524.5964922694 57.3561520897745 5311.70192657569 9481.96308509856 0 12.3824472727843 3201060.736022 0 0.203924962169598 29166.848440799 0 0.156581374840979 29196.7739167401 0 0.0808519050201716 20927.1642073191 0 0.00110770934903662 1666.17291498867 0 6.75691731284672 1104004.39597267 0 0.000119073463880367 1805.68663387616 0 0 2222279.31096487 0 0 9936.43676483043 0 0 4132.35504895572 0 0 2219.01109671987 0 0 105.647683311718 0 0 514257.635565216 0 0 6.60467029931168 162778.433733301
"58" 57 7203808.81150987 16433822.73052 70227.0173675967 107817.975698441 283337.770530432 720.458681607677 117748.020101737 198911.419405454 1337.943333927 57995.2934829451 253159.988334214 2978.00290454719 163.713296652964 5941.04872714258 395.396713061209 4677666.94643055 9670492.71582232 48053.6706326244 58.2394798010174 5408.74471077497 9502.73046404347 0 12.3470791203595 3071583.38343102 0 0.20411277234251 28033.7676505599 0 0.161967237718081 28750.6126354967 0 0.0836329335699168 20607.3723555839 0 0.00114380430097128 1638.48386088358 0 6.7838812913481 1079203.46438643 0 0.000132450835646705 1866.20371556964 0 0 2345193.60801841 0 0 10904.625044591 0 0 4786.8194867843 0 0 2570.44843275351 0 0 122.203988194362 0 0 545495.49998282 0 0 8.28691349140853 162775.244862011
"59" 58 7186047.07242899 16387141.9822028 70142.5015957653 107055.875292109 281338.749898123 683.983802108433 117099.358032179 197982.607185886 1229.22867947572 57675.8032098792 251977.863691127 2736.02512528467 162.80150460641 5912.32561257585 362.256017304137 4697158.97156959 9721215.55876522 48539.4779320731 59.1179626516036 5505.33069466167 9521.74694539632 0 12.3120068853523 2942503.64203075 0 0.203998955157342 26917.8783855538 0 0.166789967432845 28248.1769741214 0 0.0861231843116287 20247.2451162116 0 0.00117587184123063 1607.63759088829 0 6.81170851353424 1054091.75915019 0 0.000146232845092857 1925.64758628069 0 0 2467754.44678787 0 0 11841.163608375 0 0 5471.82248636242 0 0 2938.28450669744 0 0 139.494341707507 0 0 577067.361917819 0 0 10.2194197562863 162775.244862012
"60" 59 7168434.02357045 16340862.1600676 70058.573540422 106277.859261056 279287.954429084 652.745269030518 116434.782935465 197008.05795868 1130.4083712153 57348.4751771691 250737.528311048 2516.07024560825 161.866845567077 5882.24825957586 332.294513870075 4716542.00073257 9771695.03151667 48985.9484903288 59.9914777219638 5601.43750769296 9539.17966693275 0 12.2772358746782 2813821.3316374 0 0.203626412410667 25817.8390426397 0 0.171078880616637 27696.8981983416 0 0.0883377950961355 19852.1089447409 0 0.00120414448794621 1574.08033285457 0 6.84030613016215 1028654.51649864 0 0.000160373022939368 1983.91097783947 0 0 2589963.18652193 0 0 12748.6014146174 0 0 6180.98777697302 0 0 3319.09535925746 0 0 157.353793651626 0 0 608982.457618891 0 0 12.4117848134458 162775.244862013
"61" 60 7150971.9433576 16294989.9672256 69975.2479538856 105484.356749392 277187.431579288 625.900583886795 115754.253439912 195988.989272501 1040.66051832923 57013.2890077178 249440.531801365 2316.30889563603 160.909334024032 5850.85399558214 305.232182796722 4735813.38820938 9821919.60079121 49396.6887472617 60.859901976222 5697.04338481178 9555.18121561158 0 12.2427711245265 2685538.9898723 0 0.203031482859069 24732.6203993249 0 0.174864453358843 27103.3152961392 0 0.090292502468648 19426.6507451306 0 0.00122885979975876 1538.20149262932 0 6.86958635976672 1002878.70468807 0 0.000174827695126799 2040.90193730339 0 0 2711818.4274807 0 0 13629.0212546599 0 0 6908.8534144078 0 0 3709.94801041022 0 0 175.642272678405 0 0 641248.631690189 0 0 14.8713486439004 162775.244862012
"62" 61 7133663.01100337 16249531.7483057 69892.5390484201 104675.819746856 275039.233087376 602.740392745169 115057.78101842 194926.636490998 959.214551658855 56670.2503523563 248088.446443089 2135.02593756326 159.929055051298 5818.18061591093 280.808091624802 4754970.48571131 9871878.04593622 49775.0014663976 61.7231126397461 5792.12717107463 9569.89060899788 0 12.2086174017513 2557659.36813752 0 0.202245029151181 23661.4488838915 0 0.178177512735313 26473.2025280918 0 0.0920032242087309 18975.0092931106 0 0.00125025478078112 1500.34211866692 0 6.89946663183148 976752.170481669 0 0.000189556015866021 2096.54178641021 0 0 2833318.51448787 0 0 14484.1224366959 0 0 7650.72220736324 0 0 4108.32014067873 0 0 194.240382780275 0 0 673873.173464693 0 0 17.6035531535537 162775.244862013
"63" 62 7116509.30474386 16204493.4909691 69810.4604901254 103852.721947514 272845.414759109 582.669169274771 114345.425989884 193822.249346004 885.351148057547 56319.3889203906 246682.862804006 1970.62029728938 158.926158608475 5784.26627731533 258.780139170811 4774010.65125216 9921559.46556109 50123.9046464711 62.5809875881888 5886.66833374994 9583.43420701862 0 12.1747792050094 2430185.49805867 0 0.201293232845281 22603.7695515843 0 0.181048722441136 25811.6595507009 0 0.0934857937331331 18500.8398332402 0 0.00126856242247605 1460.8008578585 0 6.92986957409484 950263.450532406 0 0.000204519928462386 2150.76364334768 0 0 2954461.47001662 0 0 15315.2767826242 0 0 8402.55856689998 0 0 4512.04470087863 0 0 213.046516353126 0 0 706862.989099168 0 0 20.6121922381304 162775.244862012
"64" 63 7099512.80059358 16159880.829132 69729.0253958027 103015.55521683 270608.030037631 565.185050563343 113617.295902884 192677.093318804 818.401877107588 55960.7576835098 245225.39149666 1821.60417807818 157.900857636933 5749.14955515715 238.92468978812 4792931.25633991 9970953.27754949 50446.1522010259 63.4334056494863 5980.64696059591 9595.92670504174 0 12.1412607671812 2303120.76643927 0 0.200198419483472 21559.1991951867 0 0.183508068911556 25123.2158662319 0 0.0947556947506713 18007.3889446777 0 0.00128400827722179 1419.84082463873 0 6.96072296776273 923401.558789096 0 0.000219684107852143 2203.51076715973 0 0 3075244.91899355 0 0 16123.5950368888 0 0 9160.86986559127 0 0 4919.24620380594 0 0 231.973544625022 0 0 740224.7957396 0 0 23.8996922675569 162775.244862013
"65" 64 7082675.37099271 16115699.0447649 69648.2463278824 102164.829769534 268329.133025732 549.867626960004 112873.540511964 191492.443623566 757.747506436559 55594.4304014152 243717.655520902 1686.59928852008 156.853420698833 5712.86924915975 221.035813369647 4811729.69465668 10020049.2280888 50744.2515716389 64.2802469896768 6074.04377727413 9607.47196260008 0 12.1080660567231 2176469.01020905 0 0.198979563501626 20527.5083285654 0 0.18558463508869 24411.8846920503 0 0.0958279444450698 17497.5331527216 0 0.00129680907828617 1377.69312304847 0 6.99195958578396 896155.814492198 0 0.000235015853972383 2254.73562707428 0 0 3195665.99345907 0 0 16909.9568945642 0 0 9922.64819095986 0 0 5328.30944672858 0 0 250.947204370924 0 0 773965.277824154 0 0 27.4672580344898 162775.244862012
"66" 65 7065998.78436923 16071953.073015 69568.1352949738 101301.068846115 266010.766873669 536.36159546224 112114.352229951 190269.59053821 702.816402188016 55220.5018446026 242161.297048631 1564.33328228945 155.784173338081 5675.46457368145 204.924514203592 4830403.38714345 10068837.3858675 51020.4849996727 65.121393311798 6166.84013365475 9618.16400861778 0 12.0751987815157 2050234.62514539 0 0.197652952090512 19508.575455263 0 0.187306271205662 23681.2592705245 0 0.0967169234820085 16973.8479601755 0 0.00130717066764701 1334.56311948763 0 7.02351702653685 868515.609054596 0 0.000250484976278589 2304.39841772173 0 0 3315721.22388842 0 0 17675.0721805497 0 0 10685.2640185529 0 0 5737.82241546315 0 0 269.903154429804 0 0 808091.300703841 0 0 31.3151181688358 162775.244862012
"67" 66 7049484.70393441 16028647.5031371 69488.7037463103 100424.811907622 263654.974753327 524.370911994496 111339.958593419 189009.827513235 653.082283362841 54839.084083326 240557.962289572 1453.6347597431 154.693486661477 5636.97476342672 190.417854379956 4848949.79126628 10117308.1575586 51276.9228868717 65.9567282820517 6259.01803513209 9628.08765474524 0 12.0426623895634 1924422.70265619 0 0.196232434326809 18502.3924456775 0 0.188699565905132 22934.525242304 0 0.0974363610959718 16438.616716055 0 0.00131528797385809 1290.63123182689 0 7.05533750793413 840470.242204049 0 0.000266063675377226 2352.4667255054 0 0 3435406.40198033 0 0 18419.4815297142 0 0 11446.4562634539 0 0 6146.57094218989 0 0 288.78671273375 0 0 842610.062688567 0 0 35.4425639939099 162775.24486201
"68" 67 7033134.68818237 15985786.5863526 69409.9625768408 99536.606335819 261263.779778962 513.644346558359 110550.625713173 187714.462701929 608.061600327848 54450.3081870853 238909.316166091 1353.42743298779 153.581783483004 5597.43947381317 177.35784119923 4867366.40366047 10165452.2734659 51515.4467341078 66.7861376046571 6350.56011107703 9637.31956538581 0 12.0104600748988 1799039.22240622 0 0.194730000136249 17509.0120810972 0 0.189789639170694 22174.562317966 0 0.0979992281689025 15893.903490051 0 0.00132134384931923 1246.05949383499 0 7.0873675978739 812008.602207895 0 0.000281726376774545 2398.91402299566 0 0 3554716.38842335 0 0 19143.621947015 0 0 12204.2224605106 0 0 6553.47973392426 0 0 307.549836085538 0 0 877529.393286617 0 0 39.8481950253178 162775.24486201
"69" 68 7016950.18988374 15943374.2362199 69331.9221219821 98637.0123487073 258839.200571822 503.973014109794 109746.649651699 186384.804082732 567.311508813295 54054.3199777026 237217.023378022 1262.72561639088 152.449525088064 5556.89828408952 165.600677839997 4885650.76910362 10213260.8058613 51737.7584814685 67.6095094434079 6441.44965252586 9645.92867680302 0 11.9785947778614 1674091.23671632 0 0.193155893911619 16528.5659555591 0 0.190600186225788 21403.9336536625 0 0.0984177598977204 15341.5454573883 0 0.00132550950434545 1200.99084271539 0 7.11955803344124 783118.982521271 0 0.0002974496325923 2443.7196715964 0 0 3673644.92809196 0 0 19847.8118676576 0 0 12956.834411321 0 0 6957.62077470784 0 0 326.151567239638 0 0 912857.928470335 0 0 44.52990085347 162775.24486201
"70" 69 7000932.55679782 15901414.0363618 69254.5921625924 97726.5972226707 256383.237812254 495.18080123735 108928.357405777 185022.165662289 530.426740071557 53651.2805132929 235482.756297459 1180.62726015927 151.297213459542 5515.39091769065 155.015536104642 4903800.48411243 10260725.160406 51945.4004843091 68.4267345500213 6531.6705929038 9653.97711293328 0 11.9470691909027 1549587.23396033 0 0.191518998026561 15561.2314581038 0 0.191153426047265 20624.9545925853 0 0.0987034292089323 14783.2021701569 0 0.00132794441268856 1155.55351606141 0 7.15186340993339 753788.630040438 0 0.000313211943097284 2486.86787929558 0 0 3792184.28703318 0 0 20532.2926917491 0 0 13702.7668006864 0 0 7358.17499374159 0 0 344.556087990446 0 0 948605.543655186 0 0 49.4850230903651 162775.24486201
"71" 70 6985083.03221623 15859909.2457672 69177.9819284235 96805.9321921846 253897.867306215 487.119232430905 108096.106668647 183627.869936378 497.037214202833 53241.3659711245 233708.198100845 1106.30863806437 150.125391343495 5472.95733157169 145.483650140739 4921813.19985409 10307837.0721093 52139.7686529671 69.2377063767293 6621.20749890209 9661.52078117824 0 11.9158857625703 1425537.49483618 0 0.189827038702981 14607.2145776683 0 0.19147011718444 19839.7301842509 0 0.0988669549269149 14220.3824497429 0 0.00132879660152025 1109.86342405014 0 7.18424194686207 724003.339815422 0 0.000328993626484218 2528.34712810189 0 0 3910324.89646179 0 0 21197.2505424053 0 0 14440.6596445852 0 0 7754.41210052537 0 0 362.73170669164 0 0 984783.746591174 0 0 54.710440004387 162775.24486201
"72" 71 6969402.75418333 15818862.7997814 69102.1000934056 95875.5991920771 251385.061350982 479.665723547297 107250.27491317 182203.228253299 466.806094479602 52824.7622706656 231895.017776926 1039.02001674492 148.934625451386 5429.63706059229 136.897616750039 4939686.63249374 10354588.6282095 52322.1208119897 70.0423215660206 6710.04561767387 9668.60974049043 0 11.8850466982511 1301954.65856122 0 0.188086674342761 13666.7786895898 0 0.191569610306356 19050.1317890766 0 0.0989183289070673 13654.4276178574 0 0.00132820311470773 1064.02261724341 0 7.21665531882299 693746.901619866 0 0.00034477672965611 2568.15031901506 0 0 4028054.78620134 0 0 21842.7899221884 0 0 15169.3480010583 0 0 8145.70653914653 0 0 380.651689889183 0 0 1021406.22381177 0 0 60.2025233299017 162775.24486201
"73" 72 6953892.75805514 15778277.3224875 68831.327904212 94936.1782490152 248846.754985834 472.703035437472 106391.26828229 180749.562911287 439.426189557545 52401.669452471 230044.898250729 978.077647724858 147.725521135485 5385.46997332989 129.160034118207 4957418.5599602 10400972.2386277 52344.8545904531 70.8404797415531 6798.17081404175 9675.28909226616 0 11.8545539694745 1179318.44443925 0 0.186303786422303 12740.2191032615 0 0.191469893091263 18257.8894847028 0 0.0988668392148113 13086.577729959 0 0.00132629060609567 1018.12515266459 0 7.24906828684157 663225.003771774 0 0.000360544824138084 2606.27353798882 0 0 4145090.49110092 0 0 22468.9777407532 0 0 15887.7655456847 0 0 8531.48570979333 0 0 398.291642834641 0 0 1058413.65920978 0 0 65.9573368677823 162775.244862011
"74" 73 6938553.97610122 15738155.1277664 61612.1217655538 93988.2533037341 246284.864254501 462.379759831042 105519.512624328 179268.190802931 414.556505491813 51972.2972627289 228159.515567366 922.722544481778 146.498708543845 5340.49572440667 122.161174761094 4975006.82991556 10446980.6543261 47058.0944414391 71.6320838887804 6885.5696086912 9681.59892144925 0 11.8244093147081 1073653.70991471 0 0.184483515482234 11836.7516430238 0 0.191187645430437 17464.8638975892 0 0.0987210986304763 12518.1664140562 0 0.00132317577785913 972.273510715799 0 7.28144857750103 640217.156963505 0 0.000376282944581319 2642.71643597467 0 0 4252161.29017163 0 0 23070.694930591 0 0 16594.7795677107 0 0 8911.14136421458 0 0 415.625252100434 0 0 1093175.22425392 0 0 71.970567253464 162775.24486201
"75" 74 6923387.23873283 15698498.2264495 52711.4849257605 93032.4101231797 243701.282331538 445.138914686478 104635.451833611 177760.423050179 391.672671528441 51536.8643359578 226240.538427501 871.787559208465 145.254840523686 5294.75375081533 115.726610904998 4992449.36309341 10492606.9648684 40444.0079694051 72.4170404885715 6972.22917243239 9687.57210925404 0 11.7946142447321 972485.918042215 0 0.182630392871905 10964.9391469872 0 0.190738311281542 16673.7714086045 0 0.0984890817512938 11951.1406711652 0 0.00131896603285578 926.622483872159 0 7.31376663634747 618696.951064727 0 0.000391977457489249 2677.48346497157 0 0 4356475.26785312 0 0 23643.1808685457 0 0 17288.7081378375 0 0 9283.77033224857 0 0 432.611728921486 0 0 1127734.00664487 0 0 78.2373911701318 162775.244862011
"76" 75 6908393.275889 15659308.3332095 43834.5516606854 92069.2335170301 241097.87320458 421.466077238667 103739.547665734 176227.567146137 370.254752789047 51095.5981040181 224289.630913265 824.115417498201 143.994592755339 5248.28335087903 109.683716535528 5009744.15497189 10537844.5929117 33799.9564648773 73.1952595743223 7058.137314301 9693.23255096827 0 11.7651700478166 871801.207564885 0 0.180748440958581 10123.7965310813 0 0.19013616721122 15887.3013425749 0 0.0981781603838474 11387.428109535 0 0.00131376007656795 881.325166805576 0 7.34599541807758 596672.141763186 0 0.000407615950288987 2710.58484323621 0 0 4460341.66024594 0 0 24187.1796470643 0 0 17967.8938170075 0 0 9648.48259461632 0 0 449.210892345262 0 0 1162783.77446612 0 0 84.7523750156297 162775.24486201
"77" 76 6893572.71825391 15620586.8727448 34987.4492929974 91099.3069496952 238476.472279192 392.56417492908 102832.276968811 174670.923704729 349.884129561166 50648.7334323996 222308.448351474 778.774352894209 142.718659798912 5201.12358123923 103.895636341366 5026889.27908051 10582687.2949062 27127.9666163545 73.9666548731554 7143.28248273719 9698.59631736068 0 11.7360777943675 771622.623155303 0 0.178841244795349 9310.6789353174 0 0.189394393979467 15107.6541195222 0 0.0977951405071788 10828.6059085915 0 0.00130764851238122 836.50494911233 0 7.37811020117769 574102.641404056 0 0.000423187135098666 2742.0358881612 0 0 4563731.76329711 0 0 24704.3768728719 0 0 18631.006546311 0 0 10004.5639301425 0 0 465.391068118081 0 0 1198361.51385524 0 0 91.5095497029747 162775.244862011
"78" 77 6878926.09879365 15582334.9867219 26172.8573118619 90123.2110841336 235838.883771051 359.450585953109 101914.130207204 173091.785778124 330.236413577337 50196.5118931006 220298.636444886 735.042339897944 141.427753166784 5153.31324015162 98.2585080826672 5043882.88912486 10627129.1583346 20425.4817563797 74.7311438894007 7227.65375962175 9703.67348453201 0 11.7073383421432 671998.03063451 0 0.176912017310331 8523.42119264128 0 0.188525150106448 14336.5807759046 0 0.0973463002595307 10275.9291462962 0 0.00130071444659058 792.258144863468 0 7.41008840545425 550939.627604372 0 0.00043868075437605 2771.85590023512 0 0 4666595.45904469 0 0 25196.1626893705 0 0 19277.0144870665 0 0 10351.4602573272 0 0 481.128265794933 0 0 1234517.56891653 0 0 98.5025401102921 162775.244862012
"79" 78 6864453.85433391 15544553.5406289 17395.5098842614 89141.5229327803 233186.879823169 322.986980897214 100985.609466169 171491.436977573 311.06403428648 49739.1807818446 218261.828880547 692.368334379584 140.12259856732 5104.89081050501 92.6951294465804 5060723.22123874 10671164.600073 13687.7763165389 75.4886479962454 7311.24085671246 9708.46960031905 0 11.678952341403 573000.640281922 0 0.174963653078068 7760.27788474678 0 0.187539641887113 13575.4691720055 0 0.0968374260908939 9730.39258940415 0 0.00129303405374448 748.659389005866 0 7.44190942646579 527109.155821932 0 0.000454087496067875 2800.06729857053 0 0 4768855.19038036 0 0 25663.6615619397 0 0 19905.1253668269 0 0 10688.746138053 0 0 496.404606658088 0 0 1271329.61456535 0 0 105.72466308789 162775.244862011
"80" 79 6850156.32725332 15507243.0905944 8665.76582465382 88154.8149288046 230522.199299054 283.90662732433 100047.226712042 169871.150002157 292.181755450647 49276.9922611548 216199.64545729 650.340036325634 138.803933533751 5055.89441629309 87.1497153819589 5077408.59581864 10714788.3362426 6904.47724473459 76.2390925083485 7394.03411059408 9712.98688410465 0 11.6910916704087 474754.467780272 0 0.172998881713394 7019.88624822346 0 0.186448191290426 12825.4182197169 0 0.096273847823254 9192.7838971849 0 0.00128467711774627 705.766257858709 0 7.50131094539892 502486.536226299 0 0.00046939891513315 2826.69491879133 0 0 4870376.93075783 0 0 26107.7417562143 0 0 20514.7347743396 0 0 11016.0970127745 0 0 511.206946310216 0 0 1308931.75810963 0 0 113.169006578527 162775.244862011
"81" 80 6836033.76732444 15465695.2315777 3184.74558873662 87163.653821044 227843.571672909 243.94551718537 99099.5023762017 168232.13152838 273.46854046058 48810.2026629053 214113.621945211 608.688041670323 137.472505551178 5006.36006370761 81.5884620946878 5093937.41890313 10754724.6518587 2607.39353118112 76.9824067332354 7476.02446970854 9717.22525558195 0 4708.7282001415 376037.068839605 0 3.14526511399964 6300.28597212265 0 0.267286888319691 12087.2774422794 0 0.138015483192099 8663.71197637605 0 0.00187924680054942 663.621740197005 0 3272.50330562654 474826.406693112 0 0.000486092792433071 2851.76543639014 0 11.7549566186634 4969182.31324963 0 0.0000719867410060351 26528.8640936595 0 0.0000000172770036837349 21105.3764926848 0 0.00000000676425456757425 11333.2625301772 0 0.0000000000569601966406337 525.525561604798 0 5.86741646125682 1347036.63654291 0 4.24131051139692e-16 120.828492330913 162775.24486201
"82" 81 6822086.33303612 15368815.0778175 1170.4346764347 86168.6004801885 225082.883191725 207.130887870114 98142.9636836396 166573.554966622 254.962908087634 48339.0716650762 212002.706321155 567.498085743445 136.129069766773 4956.258761385 76.0329701320651 5110308.18354119 10755237.8951313 1022.12819977288 77.7185240237866 7557.20315192695 9721.18417527596 0 65221.2889180937 341055.399946219 0 78.8505094528592 5630.16482114571 0 3.56603052847962 11362.5804075722 0 1.84134519115366 8144.27603153079 0 0.0261307711811344 622.311066592399 0 45545.2217926651 465860.180027275 0 0.000592431766393434 2875.30733419602 0 11.7292492201906 5000846.66681516 0 0.0254424195535038 26894.5477965972 0 0.00156605734329607 21675.4422449614 0 0.000613139334307511 11639.379070304 0 0.00000514954324050546 539.320685841996 0 5.86846323106282 1363686.35605861 0 0.00000000846097803140336 128.695790680975 162775.244862009
"83" 82 6808314.08953719 15242335.3757345 430.154368019666 85170.2127306604 222163.920147261 174.989120595968 97178.1434780043 164888.464034034 236.831354468154 47863.8617130469 209858.045134225 527.14075671944 134.774387448854 4905.36632006102 70.5487715120295 5126519.47077183 10733825.1739513 434.55473330421 78.4473818128306 7637.55930157329 9724.86550620289 0 155804.658405892 341378.341292557 0 305.182859431081 5047.78579636291 0 22.4701230449695 10656.5238439488 0 11.6026076285797 7638.20088471017 0 0.164845858031927 582.142119837128 0 109318.389640416 468660.817591198 0 0.00155559154070344 2897.35620808462 0 11.70196944573 4995994.0213714 0 0.0464659974213131 27165.2369748583 0 0.00566923641400769 22218.8657217558 0 0.00221960699957551 11931.1891183127 0 0.0000185930746103508 552.43628500515 0 5.86899628326722 1367521.23604967 0 0.0000000625819876431058 136.762131482962 162775.244862009
"84" 83 6794717.00628274 15116209.1171134 158.090534816723 84169.0479559078 219085.499845224 147.516696045928 96205.579468287 163167.97144789 219.250597091496 47384.8376485593 207668.327297314 488.009393526232 133.409225057541 4853.39883301526 65.203769713491 5142569.95049781 10711349.8255601 214.124704458879 79.1689216437811 7717.07766882339 9728.27457068668 0 246505.37659713 341316.898846211 0 684.968137374426 4554.41867997195 0 72.2694988623427 9975.54037087739 0 37.316869032525 7150.09719886889 0 0.529470934066424 543.496301137837 0 173724.690913089 470981.369713861 0 0.00540850370261912 2917.96097025295 0 11.6750474544513 4991119.37548088 0 0.0638314564297252 27339.8995339203 0 0.0115763937870834 22728.1524754698 0 0.0045323642909237 12204.668271124 0 0.0000378683906985323 564.680004578963 0 5.8703134921519 1371417.95585824 0 0.000000195987111836981 145.016028264256 162775.24486201
"85" 84 6781294.95901027 14990804.2869764 58.1021807900697 83165.6613008861 215878.057693719 124.242007630984 95225.8136020749 161405.632698008 202.365488301677 46902.2664010219 205425.350706555 450.426409445669 132.034353490548 4800.152446983 60.0535762209513 5158458.38224306 10688065.6463373 128.911548241771 79.8830891966496 7795.73894117092 9731.41981979948 0 336954.722872266 341087.349988334 0 1189.40095701114 4135.69288618236 0 164.540302980481 9324.47108450097 0 84.9615540933828 6683.43489209501 0 1.20346867194646 506.656594492428 0 238506.664341362 473029.942932306 0 0.015364182135576 2937.1829391795 0 11.6484826873297 4986302.74288868 0 0.0781186458731655 27433.6117191153 0 0.0187053741953917 23197.6916876808 0 0.00732348705571449 12456.8036055514 0 0.0000610322688605684 575.909688228642 0 5.872647566981 1375399.54458885 0 0.000000431784889033471 153.443474370625 162775.244862009
"86" 85 6768047.73381709 14866226.8036619 21.3542320192824 82160.6022768408 212567.852357789 104.59767280945 94239.3911842448 159597.684066369 186.281148041591 46416.416553434 203124.325175379 414.625781124832 130.650546936533 4745.51012285385 55.1389527557532 5174183.61578715 10664043.4555214 93.6235932452194 80.5898343090415 7873.52121907032 9734.31212439405 0 427045.790287784 340798.536940168 0 1793.82671526802 3779.68358859562 0 306.784734543367 8706.44771575139 0 158.410476623605 6240.45867291871 0 2.23996602492065 471.801362661512 0 303590.1349159 474898.298764705 0 0.0354399289903593 2955.09179833031 0 11.6222743930651 4981544.22806257 0 0.0898157612779864 27459.0980800505 0 0.0265974647893139 23623.9080190485 0 0.0104133810457184 12685.6752193657 0 0.000086563905712272 586.0368407274 0 5.8761508765878 1379458.77265528 0 0.000000784817166805991 162.028775435046 162775.244862012
"87" 86 6754975.03111472 14742501.0644071 9.6053248645114 81154.4120249996 209177.32679315 88.0447311116735 93246.8597494707 157742.476557621 171.066182730593 45927.557787053 200763.151982425 380.760213174544 129.258581352911 4689.42282207099 50.4871421526193 5189744.59163138 10639296.6159559 90.3969876153995 81.2891109899002 7950.40127314489 9736.96405457747 0 516752.955281382 340488.705854097 0 2477.37064882656 3476.4180847509 0 503.285926190381 8123.27241143327 0 259.875262582535 5822.46025330154 0 3.66828942556089 439.028231050927 0 368958.68932413 476611.280656748 0 0.0701368697467154 2971.76221991372 0 11.5964216396993 4976843.90099655 0 0.0993338488403461 27427.0996355712 0 0.0348945797632732 24004.8220287882 0 0.0136618492921615 12890.2201833135 0 0.000113285214574607 595.014722135798 0 5.88091275919235 1383587.93483492 0 0.00000126348662868657 170.755251203599 162775.244862011
"88" 87 6742076.46932008 14619642.7892425 5.16049625895188 80147.6212548131 205725.594204392 74.1072142378918 92248.7677935218 155840.000304301 156.758838994295 45435.9602565111 198341.818569109 348.914835180847 127.859232727969 4631.893792581 46.1141989427139 5205140.34126492 10613832.7427943 94.8439572023511 81.9808774244117 8026.35552019914 9739.38925787802 0 606059.047574438 340175.554222112 0 3222.44490147343 3217.52747700586 0 755.825220235 7575.71961647234 0 390.275720725742 5429.99472663065 0 5.49941625897462 408.372986904094 0 434601.963209605 478200.523252193 0 0.124190645707295 2987.27126750963 0 11.5709233251023 4972201.79865426 0 0.107019013922639 27346.6866805164 0 0.0433204003834327 24339.6923833192 0 0.0169607080907581 13070.0404126654 0 0.000140295178164271 602.828705919616 0 5.88697361157432 1387779.09503706 0 0.00000187123703578058 179.605778719495 162775.244862011
"89" 88 6729351.58832875 14497651.5761684 2.92190212681439 79140.7487081306 202228.947062703 62.374211576057 91245.6634431083 153891.495511666 143.373140077719 44941.8939346659 195861.903378484 319.120860172985 126.453275248078 4572.96578443702 42.0272792876823 5220369.98721414 10587648.4346138 97.0793885650131 82.6650959692656 8101.36076738878 9741.60195576945 0 694962.807546114 339864.180248785 0 4014.23477855135 2995.98055552358 0 1064.26814784284 7063.77852847601 0 549.542417115524 5063.05435015188 0 7.73040434742323 379.824677079553 0 500520.905699199 479683.238831603 0 0.202380700400611 3001.69641832554 0 11.5457781865087 4967617.92630487 0 0.113162696867236 27225.5221496662 0 0.0516648083921232 24628.7256450926 0 0.0202276924023737 13225.2468282802 0 0.000166915871061758 609.488500625588 0 5.89433631769947 1392024.27501668 0 0.00000260774763873951 188.5632072592 162775.244862011
"90" 89 6716799.85281183 14376518.0833447 1.73752990014341 78134.3000285079 198701.247719666 52.4979468195411 90238.0931215224 151899.135583722 130.904391932303 44445.6279553772 193326.172561101 291.36784010738 125.041479456217 4512.71069817087 38.2266791380187 5235432.74287011 10560734.5230812 98.2621289185284 83.3417331379906 8175.39476869018 9743.61654898504 0 783471.715565606 339555.734224181 0 4840.30509538373 2805.86349044688 0 1427.04108144486 6586.8478003532 0 736.862797979901 4721.20810058321 0 10.3479741572426 353.337660368301 0 566722.525002117 481065.533925164 0 0.309386943935141 3015.11408062129 0 11.5209848092754 4963092.25877165 0 0.118010322261539 27070.0833553414 0 0.0597710587746879 24872.8417945709 0 0.0234014337628497 13356.333445515 0 0.000192648160180085 615.0219022999 0 5.90297548336117 1396315.59771308 0 0.00000346989280314981 197.610670028933 162775.244862011
"91" 90 6704420.65536606 14256232.7767381 1.08140279587134 77128.7669437808 195154.29627652 44.1850240999034 89226.6002491786 149865.770470533 119.333831607463 43947.4299734765 190738.253326133 265.614012287576 123.624610460326 4451.22125358864 34.7075456587388 5250327.91209739 10533082.5425118 98.9132813659352 84.0107595764982 8248.43662951745 9745.44731736968 0 871593.255010588 339250.738400155 0 5690.2305367763 2642.20155506378 0 1841.51682232395 6143.89162004588 0 950.880290601579 4403.71354627483 0 13.3313884254584 328.841205507718 0 633213.413721248 482353.985099389 0 0.449684701377784 3027.59850589778 0 11.4965416349861 4958624.74160966 0 0.12176857896543 26885.8486722431 0 0.0675252295466084 25073.4856431863 0 0.0264373296868109 13464.0761058846 0 0.000217135424821069 619.469801995059 0 5.91284486436971 1400645.39400638 0 0.0000044525091193417 206.731813130697 162775.244862011
"92" 91 6692213.31954243 14136785.928146 0.702117427845102 76124.6266892913 191598.144312768 37.1881898930373 88211.7240055172 147794.721137798 108.632391096263 43447.5655549566 188102.372357197 241.794676956198 122.203426230704 4388.60436387235 31.4612575570646 5265054.88863145 10504684.8587376 99.2954444659165 84.6721500292074 8320.46708992249 9747.10819717408 0 959334.924194822 338949.438529343 0 6555.28109160179 2500.80995642108 0 2304.32300093383 5733.56442949856 0 1189.85354801304 4109.60624113901 0 16.6547396550651 306.247104608833 0 699999.614470382 483555.182796964 0 0.627470235605931 3039.22101497387 0 11.4724469690148 4954215.29222565 0 0.124611547715672 26677.4547105339 0 0.074847562091281 25232.4759529642 0 0.0293041532557166 13549.45145662 0 0.000240133913461192 622.882219891567 0 5.92388331049263 1405006.28012823 0 0.00000554900502910767 215.910958603928 162775.244862011
"93" 92 6680177.10277339 14018167.6506319 0.473994199194772 75122.3416156589 188041.359662925 31.2991921567247 87193.9981688105 145689.616048195 98.7637151634832 42946.2976055338 185423.147697701 219.828914396139 120.778676010706 4324.97590439493 28.476527465109 5279613.15527721 10475534.7784082 99.5251895182698 85.3258832963097 8391.46871156576 9748.61262049158 0 1046704.210287 338651.952788142 0 7428.15711913579 2378.16850016614 0 2811.58714117605 5354.30998253975 0 1451.78298967654 3837.77072566405 0 20.2887540278039 285.455670529605 0 767086.504694583 484675.565054832 0 0.846610473907625 3050.04947225458 0 11.4486989876339 4949863.80095012 0 0.126685858722772 26448.8286409686 0 0.0816853696071333 25351.8854720723 0 0.0319812766486369 13613.5725316042 0 0.000261488586432911 625.315177106755 0 5.93601949244768 1409391.21166534 0 0.00000675184193578411 225.133215270662 162775.244862011
"94" 93 6668311.19921307 13900367.8987483 0.331673940557442 74122.3589382079 184491.250018738 26.3426806625927 86173.9500433631 143554.262059613 89.6865607475056 42443.8858422535 182705.424439507 199.624925534769 119.351098854307 4260.45661831569 25.7402748358181 5294002.28292196 10445626.5950222 99.6636012488791 85.9719421828162 8461.42598901689 9749.97340412099 0 1133708.59793702 338358.337250755 0 8302.76607718059 2271.31619676727 0 3359.12991627312 5004.43944002218 0 1734.51059052683 3586.99650261299 0 24.2022017353173 266.360420967165 0 834478.744430855 485721.291460566 0 1.11061174543985 3060.14795473555 0 11.4252957447402 4945570.13207074 0 0.128115032814949 26203.2995997044 0 0.0880072446848679 25433.9462559341 0 0.0344564033056081 13657.6379102654 0 0.000281113487037276 626.828249108383 0 5.94917563354521 1413793.51901817 0 0.00000805291072693869 234.384548571052 162775.244862011
"95" 94 6656614.74250211 13783376.4762415 0.239889233237601 73125.1105952575 180954.051690088 22.1710338665339 85152.0994784687 141392.543439385 81.3566878895258 41940.5863102904 179954.146195583 181.084240786363 117.921422296478 4195.16894577862 23.2383108884701 5308221.92937802 10414955.6111967 99.7588640588283 86.6103134400936 8530.32540211969 9751.20267739899 0 1220355.56999041 338068.616186302 0 9174.03443387053 2177.7626003749 0 3942.6161444814 4682.19238255917 0 2035.79784867989 3356.02176868913 0 28.3629879974898 248.851698397006 0 902180.247541102 486698.179434711 0 1.42260330926649 3069.57657236223 0 11.4022351782519 4941334.12483248 0 0.129003135378728 25943.6924800754 0 0.0937983417974768 25480.9756117414 0 0.0367237209384746 13682.8919509207 0 0.000298975845186369 627.482671979482 0 5.96327042945335 1418206.92828682 0 0.00000944382344854917 243.651818478308 162775.244862011
"96" 95 6645086.80846547 13667183.0712463 0.178834004991877 72131.0131903594 177435.089049968 18.6599863384082 84128.9579799252 139208.343776501 73.7283349724589 41436.6509453365 177174.255715548 164.105003648375 116.49036115701 4129.23460087854 20.955870507761 5322271.8380699 10383518.1591271 99.8248044743431 87.2409877006008 8598.15542299359 9752.31184046381 0 1306652.58034065 337782.796755765 0 10037.7491297642 2095.41320932589 0 4557.67141969984 4385.78394466864 0 2353.38600847617 3143.5671985418 0 32.7389859366894 232.819430729415 0 970194.154504812 487611.715729427 0 1.78533225492239 3078.39140464961 0 11.3795151162252 4937155.59441015 0 0.129437851887097 25672.406896194 0 0.0990565479321874 25495.3188111768 0 0.038782402265113 13690.594028388 0 0.000315083252539584 627.339895493121 0 5.97822130779004 1422625.5708182 0 0.0000109161363876756 252.922792852569 162775.244862011
"97" 96 6633726.41774924 13551777.2668479 0.137033458794357 71140.4679995427 173938.909234357 15.704939700315 83105.0279124424 137005.486477298 66.7553557264963 40932.327180755 174370.619152925 148.584501455749 115.058616474807 4062.77275161698 18.8780201268867 5336151.83658198 10351311.585634 99.8544288703869 87.863959406548 8664.90648863899 9753.31154601304 0 1392607.05108911 337500.876206932 0 10890.4239396491 2022.5066913919 0 5199.97089513875 4113.4407129831 0 2685.04190455852 2948.36167527107 0 37.2986615989429 218.155200947765 0 1038522.84041696 488467.04150936 0 2.20116701738708 3086.64452527802 0 11.3571332827217 4933034.33285689 0 0.129493076585523 25391.4836632645 0 0.10378938590714 25479.3053882319 0 0.0406353926027721 13681.9950665876 0 0.000329473360618726 626.460495813341 0 5.99394615279285 1427043.98403951 0 0.0000124615179300385 262.186142170191 162775.244862011
"98" 97 6622532.53840109 13437148.5282866 0.107684372879454 70153.8610292368 170469.395979828 13.2178532814461 82080.8017896393 134787.690282541 60.3920822734739 40427.8575978819 171547.969450507 134.421086350634 113.626874567342 3995.89868385281 16.9899655965105 5349861.83508068 10318334.2064161 99.870792413936 88.4792267331564 8730.57094797244 9754.21169894907 0 1478226.39277341 337222.845597533 0 11729.1867929769 1957.56205646472 0 5865.30559370951 3863.42756526691 0 3028.59220171295 2769.16152763949 0 42.011532399141 204.753763695168 0 1107167.95361193 489268.906581707 0 2.67210729059459 3094.38409197112 0 11.3350873034579 4928970.11003094 0 0.129231091410947 25102.6607689819 0 0.108011521088531 25435.2163982822 0 0.0422884337034421 13658.3199571688 0 0.000342205647211879 624.903376281004 0 6.01036459830837 1431457.10570043 0 0.0000140718721615179 271.431420395933 162775.244862011
"99" 98 6611504.08839726 13323286.233446 0.0866101255325006 69171.5631140403 167029.865814342 11.1246248966288 81056.7616473453 132558.536868142 54.5939673225123 39923.4796173491 168710.865104909 121.51560468559 112.195806208514 3928.72285157984 15.2772798017218 5363401.82462613 10284585.2838874 99.8994901404422 89.08679150718 8795.14299035629 9755.02146939929 0 1563517.98105308 336948.691902327 0 12551.6847956116 1899.33419896327 0 6549.6306705469 3634.06724016782 0 3381.94831556473 2604.764556944 0 46.8484928222631 192.514121705721 0 1176130.43057191 490021.706797497 0 3.19979856827916 3101.65448354004 0 11.3133747112567 4924962.67450374 0 0.128704400018001 24807.4204983788 0 0.111742764089282 25365.2604795565 0 0.0437492817748191 13620.7547048866 0 0.000353354874563355 622.725197704168 0 6.02739897404802 1435860.26323239 0 0.000015739427196298 280.649035807244 162775.244862011
"100" 99 6600639.9381182 13210179.7259661 0.0711199378235863 68193.9300461487 163623.149496303 9.36288508822726 80033.3784952998 130321.448116396 49.3180492640085 39419.4252290282 165863.66123905 109.772432232792 110.766065917389 3861.35023370963 13.726066243223 5376771.87538611 10250065.0164342 99.8988923178815 89.686659121306 8858.61856124659 9755.74931550105 0 1648489.11053435 336678.399214763 0 13356.0040282268 1846.77648340031 0 7249.09925771465 3423.75410665554 0 3743.12388853256 2454.01990643848 0 51.7820349932282 181.340254247651 0 1245410.49932011 490729.567151706 0 3.78554990493829 3108.49646972061 0 11.2919929513198 4921011.75445018 0 0.1279572715169 24507.0291117393 0 0.1150064802871 25271.5569443361 0 0.0450270847783076 13570.4373478366 0 0.000363005927960333 619.979990299766 0 6.04497497486288 1440249.15959326 0 0.0000174567955705852 289.830214796119 162775.244862011
"101" 100 6589938.91277415 13097818.251944 0.0595247041048486 67221.3027302792 160251.660900259 7.8801400385084 79011.1118421189 128079.67107838 44.5232760941772 38915.9207580586 163010.490463393 99.1001951773609 109.338291349994 3793.87993224129 12.3230718497961 5389972.13476543 10214774.4336845 99.8951129746969 90.2788384450081 8920.99526940527 9756.40301307913 0 1733147.06478816 336411.949290929 0 14140.6019025925 1799.00925693507 0 7960.08486446701 3230.96333597062 0 4110.24635636266 2315.83463544641 0 56.786386610936 171.14157262355 0 1315007.77673675 491396.222519212 0 4.4303537860874 3114.94740248221 0 11.2709393863341 4917117.05852222 0 0.127027039883241 24202.5702539533 0 0.117828332234883 25156.1244476558 0 0.0461318900603009 13508.4518727211 0 0.000371249777513926 616.718908299969 0 6.06302211018583 1444619.85668656 0 0.000019217012682158 298.966961034472 162775.244862011
"102" 101 6579399.79478134 12986191.0137106 0.0506999404806647 66254.0073594136 156917.455345901 6.6322081926863 77990.4092883322 125836.269004031 40.1707176037758 38413.1866644024 160155.251459676 89.4122424084034 107.913102786334 3726.40495872368 11.0557598446146 5403002.82546184 10178715.3793085 99.9090099802436 90.8633417323872 8982.27228916303 9756.98968994609 0 1817499.06908787 336149.322045291 0 14904.2500654728 1755.29334995509 0 8679.19476855291 3054.25645848041 0 4481.56386282384 2189.17770230901 0 61.8375845641103 161.833163647815 0 1384921.27830774 492025.10787995 0 5.13490723878714 3121.04141996756 0 11.2502113014219 4913278.27670672 0 0.125945197723929 23894.9730873868 0 0.120235293741827 25020.874046816 0 0.047074258347381 13435.8244879141 0 0.000378180350992116 612.990095555597 0 6.08147398034436 1448968.75721618 0 0.0000210135581345253 308.052011868816 162775.244862011
"103" 102 6569021.32608896 12875287.1977729 0.0438700232048227 65292.3556078236 153622.279029587 5.58190424141305 76971.7061823985 123594.117114517 36.2236898685031 37911.4373734203 157301.603600295 80.6269226105385 106.491102705028 3659.01216594015 9.91235146504354 5415864.24345998 10141890.4734174 99.9272407094826 91.4401845274908 9042.45026043796 9757.51586304744 0 1901552.26878838 335890.4958241 0 15645.986182281 1715.00777454467 0 9403.27638405464 2892.28410549145 0 4855.44854778624 2073.08192961466 0 66.9134990676228 153.335870386228 0 1455149.44826475 492619.40534518 0 5.89963350963017 3126.80965623411 0 11.2298059089453 4909495.08116804 0 0.124738316959235 23585.0359834762 0 0.122254884992275 24867.6056848045 0 0.0478649642817285 13353.5217351133 0 0.000383892143001131 608.838636501054 0 6.1002684178031 1453292.58565112 0 0.0000228403639201595 317.07879338814 162775.244862011
"104" 103 6558802.2104573 12765095.9622006 0.0385049764344526 64336.6448386636 150367.610983988 4.69793136739762 75955.4253348129 121355.90204323 32.6478116092563 37410.8811350571 154452.966236839 72.6677097109248 105.072875438295 3591.78229016503 8.88184366592801 5428556.75597299 10104303.0432095 99.9445700884236 92.0093855675619 9101.53118858416 9757.98747707293 0 1985313.7480755 335635.447565211 0 16365.0731698239 1677.6309559294 0 10129.4182118656 2743.78658542814 0 5230.39703800721 1966.64441718241 0 71.9938202403457 145.576249873913 0 1525690.22148866 493182.02027381 0 6.72470379579979 3132.2804515912 0 11.209720353169 4905767.12707535 0 0.123428823826148 23273.4464761704 0 0.12391458688737 24698.0073123711 0 0.048514767125452 13262.4500179068 0 0.000388478416891032 604.306571808499 0 6.11934752425106 1457588.36882358 0 0.0000246918126166924 326.041375267927 162775.244862011
"105" 104 6548741.11568606 12655606.467727 0.0342232127138035 63387.1583240368 147154.698705006 3.95394884758111 74941.9767856596 119124.124070381 29.4110082987622 36911.7199093545 151612.521544122 65.4632120198253 103.65898690047 3524.79007596712 7.95400856218925 5441080.79934112 10065957.0886766 99.9273107279859 92.5709666846338 9159.51834563531 9758.40994347697 0 2068790.5048238 335384.152950921 0 17060.9647364064 1642.72493730162 0 10854.9466798793 2607.5928195195 0 5605.02881554043 1869.02577920168 0 77.0600167524594 138.486439672477 0 1596541.0503851 493715.636206122 0 7.61005864229214 3137.47955963306 0 11.1899517147888 4902094.05341511 0 0.122035651269315 22960.798069136 0 0.125241400132246 24513.6560133985 0 0.0490342381353711 13163.4562060807 0 0.000392029881536345 599.432962135306 0 6.13865762855307 1461853.41656039 0 0.000026562728145269 334.934426218994 162775.244862011
"106" 105 6538836.67579336 12546807.8019931 0.0307918502287129 62444.165475885 143984.588445956 3.32778726360336 73931.7576212621 116901.101448981 26.4834768427749 36414.1492761438 148783.220025977 58.9470936177891 102.249984383671 3458.10446125876 7.11937923622134 5453436.87689608 10026857.1648185 99.9675224730347 93.1249527058468 9216.4161741002 9758.78817911071 0 2151989.53213728 335136.586462214 0 17733.2762284784 1609.92208711181 0 11577.4199201742 2482.61805981054 0 5978.08300454127 1779.44850858755 0 82.0952741915652 132.003958691994 0 1667699.01529953 494222.578692594 0 8.55542872066785 3142.43034811279 0 11.1704970153282 4898475.48378843 0 0.120574788133941 22647.6043949957 0 0.126261520691959 24316.0206217001 0 0.0494336334982377 13057.3290407989 0 0.000394633746495989 594.25398670985 0 6.15814918572856 1466085.30264918 0 0.0000284483611281718 343.753170650075 162775.244862011
"107" 106 6529087.49314442 12438689.1642403 0.0279873189896736 61507.9220863756 140858.150964908 2.80078797785634 72925.1518358706 114688.976250689 23.8376211561402 35918.3583669212 145967.787955423 53.0579309604409 100.846396414742 3391.7888046074 6.36922560934902 5465625.55679845 9987008.47299896 99.968790785632 93.6713713528316 9272.23019413997 9759.12664387867 0 2234917.6392744 334892.721571675 0 18381.7599982121 1578.91391248426 0 12294.6193342926 2367.86072820606 0 6348.41401593844 1697.19471132457 0 87.0844193068072 126.071462443289 0 1739160.72585486 494705.146982061 0 9.56035478635112 3147.15399163371 0 11.1513532214068 4894911.02719347 0 0.11905974150107 22334.3111460419 0 0.127000108306512 24106.4654189081 0 0.0497228037002443 12944.8011203125 0 0.000396373076726965 588.803066232754 0 6.17777663312668 1470281.84636053 0 0.0000303443704640085 352.493346978138 162775.244862011
"108" 107 6519492.1405296 12331239.6942813 0.0256817480432909 60578.670576695 137776.103551162 2.35724717481501 71922.5302346292 112489.721283065 21.4479668901302 35424.5298170559 143168.736178447 47.7390230780317 99.4487326680268 3325.90114085362 5.69552331765538 5477647.46985602 9946416.67140774 99.969618754325 94.210253140478 9326.96691469688 9759.4293769959 0 2317581.62812854 334652.530709585 0 19006.2844670571 1549.44164524148 0 13004.5396130931 2262.39864627742 0 6714.98639411414 1621.6034041322 0 92.0138349006616 120.636468597681 0 1810922.50325926 495165.307380929 0 10.6242066763073 3151.66965479186 0 11.1325172488839 4891400.27879243 0 0.1175019259185 22021.3061294876 0 0.127481128959757 23886.2545864269 0 0.0499111318507947 12826.5512905896 0 0.000397326382630181 583.11100179942 0 6.19749821669057 1474441.09468386 0 0.0000322468023970457 361.151167881933 162775.244862011
"109" 108 6510049.16319157 12224448.5791761 0.0237686749561998 59656.640253322 134739.028838938 1.98394793854548 70924.2503743403 110305.147718957 19.2910618773952 34932.8397366152 140388.369824128 42.9381699851699 98.0574839290153 3260.49445398787 5.09091791379771 5489503.30732877 9905087.90894013 99.9673946538244 94.7416312753703 9380.63374894268 9759.70003155611 0 2399988.19184124 334415.985389642 0 19606.8163785859 1521.28831979117 0 13705.3777441054 2165.38486911734 0 7076.8691407733 1552.06752832651 0 96.8713691369955 115.651065244819 0 1882980.33928468 495604.885217873 0 11.7462012592358 3155.99466491893 0 11.1139859668776 4887942.82066331 0 0.115910991102847 21708.9277444325 0 0.127727255681688 23656.5571526154 0 0.0500074948448357 12703.2073018767 0 0.000397567393260255 577.206123362176 0 6.21727579752013 1478561.30538418 0 0.0000341520680792711 369.723282685602 162775.244862011
"110" 109 6500757.08080086 12118305.0338867 0.0221699870447882 58742.0475709596 131747.390843178 1.66976643851729 69930.6565388297 108136.913153881 17.3453674781033 34443.4576982294 137628.798559486 38.6074308383588 96.6731221042756 3195.61695866973 4.54868621268802 5501193.8187273 9863028.76132966 99.9677981438667 95.2655415541567 9433.23893425486 9759.94190722277 0 2482143.939277 334183.056252372 0 20183.4058073088 1494.27210660878 0 14395.5214269308 2076.04329046799 0 7433.22973315375 1488.03079973904 0 101.646242197482 111.071611414079 0 1955329.95308916 496025.530486616 0 12.9254192900563 3160.14467397467 0 11.0957562016638 4884538.22253596 0 0.114295097855425 21397.472130678 0 0.12775981494825 23418.4522320349 0 0.0500202423774281 12575.3486220943 0 0.000397164970464358 571.114442720188 0 6.23707464675274 1482640.930947 0 0.0000360569203982973 378.206741974687 162775.244862011
"111" 110 6491614.38937978 12012798.3390101 0.0208159740049263 57835.0964014055 128801.548812407 1.40534045903378 68942.0797459554 105986.529869034 15.5911448829342 33956.5467405451 134891.947106043 34.7028708684662 95.2961002735247 3131.31238375946 4.0626961901581 5512719.80960962 9820246.21580518 99.9302979726912 95.7820222620848 9484.7914568044 9760.15798093695 0 2564055.36226198 333953.713134361 0 20736.1733301355 1468.24070250909 0 15073.5372249686 1993.66414887359 0 7783.32800608562 1428.98448769373 0 106.328952536592 106.858437144145 0 2027966.79962066 496428.786480202 0 14.1608211513249 3164.13380944521 0 11.0778247404531 4881186.04251232 0 0.112661150391847 21087.1991999186 0 0.127598768327403 23172.9343989113 0 0.0499571897578535 12443.5093223029 0 0.000396183129887931 564.859807212346 0 6.25686323499776 1486678.60344732 0 0.0000379584306619991 386.598964481785 162775.244862011
"112" 111 6482619.5631742 11907917.7353927 0.0196839003452879 56935.9783076717 125901.769083068 1.18279043029185 67958.8377835444 103855.37313349 14.0103395107798 33472.2633859248 132179.56580626 31.1843040723808 93.9268527799932 3067.62025301323 3.6273665129886 5524082.13938166 9776747.54159136 99.9727284366551 96.2911140719233 9535.30098074701 9760.35093559761 0 2645728.94578404 333727.925077863 0 21265.2991775747 1443.06661032539 0 15738.1586981322 1917.59953422661 0 8126.5100242354 1374.464194266 0 110.911184372692 102.975548551733 0 2100886.1922904 496815.898419484 0 15.4512614868776 3167.97481433559 0 11.0601883350508 4877885.82777069 0 0.111014991986805 20778.3377264881 0 0.127262720988495 22920.9190737102 0 0.049825621241186 12308.1809692114 0 0.00039468114149695 558.464051243402 0 6.27661302111408 1490673.1203549 0 0.0000398539655841482 394.897706230089 162775.24486201
"113" 112 6473771.05647303 11803652.6504367 0.0187113568301174 56044.8728227243 123048.235333753 0.995484631679942 66981.2352717523 101744.689412432 12.5864658970123 32990.7576711616 129493.241070369 28.0150369965756 92.5657953556025 3004.57615914192 3.23762651291492 5535281.71910587 9732540.43406569 99.9724153785237 96.7928599434638 9584.77778193875 9760.52318671696 0 2727170.94634721 333505.66046452 0 21771.0139676774 1418.64316716806 0 16388.274711826 1847.25896953808 0 8462.2020453627 1324.0466874596 0 115.385717695112 99.390341883439 0 2174083.15210832 497188.224612938 0 16.7955027504494 3171.6791765164 0 11.0428437053988 4874637.11525375 0 0.109361569742555 20471.0896467738 0 0.12676895031401 22663.2478314265 0 0.0496323012302999 12169.8154756467 0 0.000392713687767562 551.9471435382 0 6.29629824395013 1494623.43126945 0 0.0000417411648978195 403.101031886331 162775.24486201
"114" 113 6465067.30537533 11699992.4802204 0.0178783618963325 55161.9477322272 120241.057456609 0.837841577784646 66009.5637495376 99655.6043875819 11.3044948679309 32512.1731900708 126834.405584195 25.1616176092655 91.2133252777381 2942.21202866841 2.88887720367021 5546319.50932237 9687632.7982814 99.9737243231481 97.2873050237836 9633.23268604594 9760.6769070893 0 2808387.6143594 333286.886979215 0 22253.5908066286 1394.88120271573 0 17022.9180587027 1782.10512303772 0 8789.90464508425 1277.34682779909 0 119.746341642992 96.073329367812 0 2247552.61757678 497546.840296537 0 18.1922277045492 3175.25724780824 0 11.025787543001 4871439.43234029 0 0.107705073369814 20165.6336927822 0 0.126133449186944 22400.6935640697 0 0.0493834912236493 12028.8278727293 0 0.000390331062192561 545.327328627451 0 6.3158957197251 1498528.62556574 0 0.0000436179198297789 411.207288248325 162775.24486201
"115" 114 6456506.7295049 11597089.5146681 0.0171592705020237 54287.3593607007 117480.295348272 0.705163696385971 65044.1017831201 97589.130764814 10.1507443159846 32036.64714691 124204.348246127 22.5935921871915 89.8698215546789 2880.55637719238 2.57695377024869 5557196.51788612 9642168.14924673 99.9638728796123 97.7744965484317 9680.67701088388 9760.81404953696 0 2889222.27331896 332902.205429311 0 22713.3224546946 1371.69913042877 0 17641.2544263622 1721.64966377451 0 9109.18702026645 1234.01459777813 0 123.987771360364 92.9978771687388 0 2321154.03795613 497764.003346713 0 19.6400509133619 3178.71835327173 0 11.0090165142342 4868461.66377393 0 0.106049052095524 19862.1355627872 0 0.125370979622246 22133.9654786956 0 0.0490849708129312 11885.5989937389 0 0.000387579394423819 538.621262328871 0 6.33538464697654 1502516.68991463 0 0.000045482352594985 419.21507977418 162775.244862011
"116" 115 6448087.73369801 11500761.9812518 0.0165319293096793 53421.2528358376 114770.438009318 0.593497352361755 64085.1150938617 95546.2910900845 9.11277450580918 31564.3104193648 121604.370478289 20.2832722871236 88.5356451360928 2819.63824026479 2.29808982487905 5567913.79782389 9601015.61750051 99.9206872181839 98.2544837436794 9727.12252861911 9760.93636781543 0 2963852.28042644 326285.185669674 0 23146.0430671152 1347.04460977416 0 18242.3974222411 1665.38326656787 0 9419.59147581361 1193.68493200562 0 128.104286358903 90.1359409902278 0 2390021.36135876 493215.015118173 0 21.1375252665691 3182.07085249395 0 10.9925272636266 4871769.71642458 0 0.104396513082638 19562.726482943 0 0.12449513330572 21863.7889793427 0 0.0487420613851447 11740.518369486 0 0.000384500891348317 531.846103038664 0 6.35474642040005 1511212.59877631 0 0.0000473327970121649 427.1232536855 162775.24486201
"117" 116 6439808.70985887 11406487.2545918 0.015999582683491 52563.7621546665 112115.507176951 0.49951502979879 63132.8566918296 93528.3955540473 8.1792885361462 31095.2876243341 119036.13979606 18.2055131933577 87.2111391283548 2759.49600828365 2.04888361837021 5578472.4452133 9560454.40522232 99.9567028346521 98.7273177299363 9772.58156422234 9761.04543577104 0 3036795.82205278 318127.253276314 0 23548.0245646585 1319.05586247192 0 18824.9891300136 1612.61674180012 0 9720.41684198631 1155.86384493575 0 132.086662698917 87.448453527631 0 2457878.57238098 487447.75809102 0 22.6831140211657 3185.32186794016 0 10.9763164177094 4876671.63338498 0 0.102750003728225 19269.3419894416 0 0.123518396298483 21591.0866094189 0 0.0483596514555373 11594.08139159 0 0.000381134085690852 525.024216336502 0 6.37396445443085 1521068.63198083 0 0.0000491677802959084 434.930950824562 162775.24486201
"118" 117 6431668.03873753 11312754.5112147 0.0155337849242 51715.0103178411 109514.645261417 0.420416179032768 62187.5670012486 91536.6919766166 7.34003834234115 30629.6971797195 116501.244333875 16.337504697469 85.8966289945395 2700.16616287488 1.82626631297064 5588873.59708309 9519243.76194893 99.9767680734072 99.1930514262744 9817.06706821048 9761.14266485311 0 3109559.2637744 309990.277998087 0 23920.3889858781 1288.01301178716 0 19387.7302151942 1562.68170773738 0 10010.9921981945 1120.07226534175 0 135.926095934311 84.8976031967808 0 2525969.71025522 481651.073513504 0 24.2751694235914 3188.47707653657 0 10.9603805886595 4881605.00633578 0 0.101111681145395 18981.7707059162 0 0.122452215762539 21316.750087303 0 0.0479422227918561 11446.7668991036 0 0.000377514085695616 518.177180636584 0 6.39302401703751 1530896.33877868 0 0.0000509860060450547 442.637644141065 162775.244862014
"119" 118 6423664.09139532 11219550.6685213 0.0151239131715849 50875.109727852 106966.093167455 0.353843763825461 61249.4740039248 89572.1893015509 6.58573643717441 30167.6513750675 114000.968201974 14.658574650485 84.5924227783754 2641.67765337795 1.62747235951102 5599118.42933545 9477389.92724124 99.9763813505415 99.6517394560754 9860.59252591024 9761.22932008495 0 3182151.21496095 301879.303311517 0 24265.1320347195 1254.58331084178 0 19929.647607698 1515.03213375092 0 10290.8150927883 1085.91881872922 0 139.61616228256 82.4529844006797 0 2594291.9202367 475826.557346468 0 25.911952842596 3191.54090202521 0 10.9447163770017 4886564.24654574 0 0.0994833714972223 18699.4093546825 0 0.121307067181504 21041.5250692695 0 0.0474938767324578 11298.9752979763 0 0.000373672821452735 511.322787657078 0 6.41191207391576 1540694.44258613 0 0.0000527863384212678 450.24309824514 162775.244862013
"120" 119 6415795.23055573 11126866.14803 0.0147657932212642 50044.162627144 104468.310668704 0.297814021956349 60318.7934147638 87635.6739433013 5.90797344310518 29709.256458018 111536.312291474 13.1500054056212 83.2988113732775 2584.05246380743 1.45001197328354 5609208.15469477 9434902.19945379 99.9831798018582 100.103438054003 9903.17183582692 9761.30653459935 0 3254576.768696 293796.72367903 0 24584.0042112083 1219.32737086978 0 20450.0705642652 1469.23553697998 0 10559.5391827219 1053.09351743069 0 143.152627008066 80.0910112180633 0 2662839.37902989 469972.019967596 0 27.5916627991079 3194.51678398977 0 10.9293203740131 4891546.40817885 0 0.0978666202021611 18421.7567754661 0 0.120092520899473 20766.0214039114 0 0.0470183602374597 11151.034067522 0 0.000369639284552195 504.475335089973 0 6.43061714306424 1550465.43877306 0 0.0000545677874934572 457.747313932852 162775.244862015
"121" 120 6408059.81191955 11034691.4959959 0.014446716084634 49222.2614996618 102019.939687472 0.250657352040925 59395.7288847426 85727.7473341731 5.29914135961757 29254.6127342762 109108.042061675 11.7948630262455 82.0160688295084 2527.30684610079 1.2916456672672 5619144.02068782 9391790.05880236 99.9588674046035 100.548204974531 9944.8192065027 9761.37532284372 0 3326840.88425443 285746.810031768 0 24878.5488580641 1182.71649733715 0 20948.5747323644 1424.95207521592 0 10816.9453505516 1021.35277516076 0 146.533021518078 77.7936077089746 0 2731606.16605133 464083.383709636 0 29.3124583773442 3197.40740281555 0 10.9141891640767 4896546.66337096 0 0.0962627342338052 18148.3968058756 0 0.118817307052397 20490.7371501535 0 0.0465190913105312 11003.210657722 0 0.000365439758538995 497.646272735331 0 6.44912915956079 1560213.79421704 0 0.0000563294957096776 465.150481491086 162775.244862015
"122" 121 6400456.18544605 10943017.2895595 0.0141716968258977 48409.4894398592 99619.7731882373 0.210968561847136 58480.4722245046 83848.8571199475 4.75236242773098 28803.8146777411 106716.72724357 10.5778389520463 80.7444526893197 2471.45233825343 1.15036077520008 5628927.3076596 9348063.04106872 99.9789002092401 100.9860994022 9985.54907166559 9761.43659255595 0 3398948.44907792 277738.839100008 0 25150.1344374102 1145.1483184351 0 21424.9358643715 1381.91734579042 0 11062.9178044239 990.507077897309 0 149.756295581081 75.5471367218827 0 2800586.3600739 458151.447939848 0 31.072478072161 3200.21486117653 0 10.93423409951 4901555.17340865 0 0.0946728693203171 17878.982843277 0 0.117489378218632 20216.078376398 0 0.0459991835276984 10855.723121062 0 0.000361098038435839 490.844731948116 0 6.4915637102211 1569949.00160092 0 0.0000580707254479325 472.452942663459 162775.244862012
"123" 122 6392982.69659674 10852926.0046434 0.0139184096470518 47605.9204979138 97266.825233509 0.177564994400089 57573.2036433215 81999.3233284931 4.26142339465793 28356.9510482032 104362.775145355 9.48510368488377 79.4842043423374 2416.49661247385 1.02434987872586 5638559.32682747 9304666.66125054 99.9215027265062 101.417181863744 10025.3760204737 9761.491155609 0 3465570.99641471 272654.338236863 0 25398.3775410612 1107.52265496687 0 21879.0495344241 1339.94252008895 0 11297.4026233031 960.42108029589 0 152.822222557449 73.3423935096087 0 2865892.78457487 454455.083186713 0 32.8698541313583 3202.94083673156 0 4252.47670751463 4903689.84447532 0 1.60108742536975 17612.6621452545 0 0.161588111156649 19942.3592386423 0 0.063264622672163 10708.7401544803 0 0.000506312029799349 484.077534527686 0 2951.93178673307 1577392.6953655 0 0.0000599395676477325 479.655158379912 162775.244862013
"124" 123 6385637.68762986 10806256.8319776 0.0137088127536881 46811.6199187593 94988.2351216744 0.149451284906771 56674.0919978263 80180.0779157415 3.82071494000175 27914.1050138548 102047.371892762 8.50417196322968 78.2355493929933 2362.46713056889 0.911991040580513 5648041.41837601 9297583.39475458 99.9742267556282 101.841514142155 10064.31483852 9761.5397378179 0 3438824.15414381 270691.063154996 0 25561.059975656 1071.88324623283 0 22308.3121023527 1299.00964055803 0 11519.0553990954 931.08191104847 0 155.712140792344 71.180379202995 0 2859370.9182609 453197.331861292 0 34.7026564980393 3205.58683804473 0 58776.2195968683 4902752.35040875 0 39.8108734119593 17347.4342064542 0 1.98215617729607 19669.6938272912 0 0.776049436659146 10562.3230227692 0 0.00649404171053894 477.346376720651 0 41018.5964487612 1582342.04346778 0 0.0000707406878011429 486.757656215954 162775.244862013
"125" 124 6378419.49984352 10783783.961615 0.0135144098849145 46026.6434593368 92817.3214824129 0.125789701898567 55783.294996745 78394.5981355483 3.42517599824144 27475.3542521282 99774.9430816068 7.62377883479545 76.9986979600568 2309.4726580814 0.811829738613729 5657374.94959096 9310557.24441962 99.9580791599199 102.259159192628 10102.3814162039 9761.58298779668 0 3361126.50831255 269876.440988977 0 25566.2375229391 1038.97979684207 0 22701.5993698222 1259.23619991273 0 11722.1320729807 902.573784573678 0 158.344918754625 69.0700861063579 0 2813086.39614621 452835.795702672 0 36.568361901839 3208.1545846567 0 140384.890745227 4900714.69084129 0 153.440771875377 17082.5882935599 0 12.3797624721763 19398.0366352833 0 4.84689743550486 10416.4472893368 0 0.0406256648745023 470.648916131123 0 98400.6915170027 1586340.03477153 0 0.000166721457719301 493.760953447853 162775.244862013
"126" 125 6371326.47599563 10761651.0766498 0.0133469109992583 45251.036681802 90754.3367814326 0.105875181326812 54900.959287155 76647.1564742534 3.0702426959015 27040.7709921809 97550.9264217769 6.83376600055494 75.7738447982726 2257.64676137103 0.722562391704951 5666561.31301721 9323126.24849392 99.981252865018 102.670181059618 10139.5937303461 9761.62148494826 0 3283207.44697716 269485.527159165 0 25413.1554662695 1008.78149404389 0 23045.1733797043 1220.75307934158 0 11899.5389532217 874.990511651163 0 160.620792043769 67.0210574171399 0 2766239.9070202 452802.97153639 0 38.4633115809951 3210.64614946356 0 222200.938149982 4898301.23544662 0 343.055714925986 16818.189507286 0 39.663809467942 19127.3214834088 0 15.5290876399768 10271.0774169655 0 0.129993702717797 463.98241045223 0 156363.391482228 1589954.48868973 0 0.000548945086715719 500.665527029621 162775.244862014
"127" 126 6364356.96143663 10739784.3372678 0.0131881176448321 44484.8355436139 88785.6376524445 0.0891143188174602 54027.2205270247 74940.8888030942 2.75180161452429 26610.4220506241 95379.3130221199 6.12497778716697 74.5611693995736 2207.08605564596 0.643021367900883 5675601.92462775 9335240.76400289 99.9273981037969 103.074644794404 10175.971671858 9761.65574666447 0 3205487.75719041 269251.880903182 0 25130.6833292705 981.02309179648 0 23328.9292795571 1183.6612898442 0 12046.0583274902 848.404493217461 0 162.467273662861 65.040786568298 0 2719132.29798276 452890.305255148 0 40.3828028251147 3213.06392067075 0 303872.951504816 4895777.84895667 0 593.465959205904 16554.5330095136 0 90.0206491406141 18857.5108109374 0 35.2446869996709 10126.1932361208 0 0.294543440319924 457.344990628954 0 214659.446461235 1593394.51218851 0 0.00153338397547879 507.471819179639 162775.244862014
"128" 127 6357509.30459404 10718179.6774692 0.0130541648564881 43728.0674750324 86899.7172154276 0.0750076840784569 53162.203552394 73277.71429716 2.46614708997553 26184.3689138657 93262.5454691126 5.48916610349393 73.3608362351854 2157.84800391271 0.572161366532441 5684498.22201188 9346911.79773127 99.9352725453728 103.472616373537 10211.5363738267 9761.68623480792 0 3128064.49690797 269077.563471105 0 24743.2692822099 955.394838291431 0 23546.6712682714 1148.02400624259 0 12158.4909498779 822.861010640912 0 163.84090566983 63.1342736405629 0 2671826.50517233 453020.93091251 0 42.3214513256181 3215.41051509309 0 385303.493594413 4893241.89302725 0 891.744503069106 16291.9546739908 0 167.345030951236 18588.6048723816 0 65.5185592764803 9981.79488347196 0 0.546592825252383 450.73588096926 0 273218.915709364 1596737.28033801 0 0.0035125985659908 514.180252601083 162775.244862012
"129" 128 6350781.85747885 10696833.1439705 0.0129400864838247 42980.7522635503 85086.8710294142 0.0631349405446705 52306.0226352375 71658.6024323706 2.20994226266322 25762.667865117 91201.8576411988 4.9189037459278 72.1729951316571 2109.95974930557 0.509047068947025 5693251.66259933 9358150.78792652 99.9837565224029 103.86416261898 10246.3096479682 9761.71336154204 0 3050965.58242389 268927.278282461 0 24271.4932657903 931.604872972457 0 23695.2572174175 1113.86992081885 0 12235.2143600529 798.380629484704 0 164.720739762231 61.3042674677598 0 2624336.38900664 453172.816830825 0 44.273496064666 3217.68869027135 0 466464.174199436 4890728.08628714 0 1227.01128668182 16030.7691510875 0 273.73430614893 18320.6381014987 0 107.171854828788 9837.90084941708 0 0.892520056780339 444.155285210384 0 332020.546002597 1600005.30449914 0 0.00692333991774062 520.791245993305 162775.244862012
"130" 129 6344172.97624622 10675740.857279 0.0128301372794183 42242.9027486683 83338.9113045095 0.0531423178678856 51458.7817997665 70083.7898776482 1.98018360137122 25345.3701401835 89197.5507533703 4.40750543531014 70.9977817319934 2063.42525306452 0.452841956626357 5701863.72193213 9368969.35662729 99.9647196128744 104.249351120518 10280.3135507651 9761.73749457046 0 2974202.78124744 268786.470620678 0 23732.6267702931 909.396467446515 0 23773.8940455402 1081.19952093803 0 12275.819044773 774.963699074024 0 165.102995905639 59.5516793362748 0 2576664.31569968 453330.576948232 0 46.2330338988088 3219.90126945411 0 547342.696726706 4888250.40482727 0 1590.1616479901 15771.2529759991 0 409.900970151614 18053.6721732357 0 160.483528299034 9694.54425245394 0 1.33416424871669 437.604189327675 0 391054.433257852 1603214.54743179 0 0.0122215474000967 527.305227096078 162775.244862013
"131" 130 6337681.02179163 10654898.8689191 0.0127324314841737 41514.5253742994 81648.9261718137 0.0447320715198443 50620.5751730626 68552.9560143526 1.77416863399019 24932.5221001651 87249.2167455396 3.94895599178463 69.8353180056144 2018.23103885924 0.402798200295081 5710335.89199249 9379379.01994393 99.952006188827 104.628250160796 10313.5700542008 9761.75896184211 0 2897790.24089137 268649.356087822 0 23141.1617237072 888.548415146973 0 23783.5658416931 1049.99134663988 0 12280.8131454107 752.594837705624 0 164.996750991707 57.8759890537444 0 2528814.68616736 453465.71560572 0 48.1941969517475 3222.05108189187 0 627924.473027142 4885814.05393687 0 1973.57999424584 15513.6444439275 0 575.508673727011 17787.7890990538 0 225.321892973921 9551.76913147573 0 1.86996002310959 431.084168341181 0 450308.778983199 1606393.90885816 0 0.0198634127139378 533.722642790564 162775.244862013
"132" 131 6331304.36036822 10634303.2857975 0.0126487146882512 40795.6206343735 80011.0769687238 0.0376536100172388 49791.4873529511 67065.3643635016 1.58946663085164 24524.1654126475 85355.9182808201 3.53784508157302 68.6857127815985 1974.35079338577 0.358247528955214 5718669.6795902 9389391.1722686 99.9699326183193 105.000928643167 10346.1008004782 9761.77805577315 0 2821689.65740883 268516.75861474 0 22509.2105172699 868.873914663104 0 23726.5723422907 1020.2075175211 0 12251.3841471972 731.246894111964 0 164.42047993535 56.2756010286108 0 2480754.06738865 453633.784092831 0 50.1512840667381 3224.14091708303 0 708247.331510573 4883417.63037195 0 2370.94386295781 15258.1449288589 0 769.444063282127 17523.0851551307 0 301.251051097993 9409.62718530891 0 2.4958500883575 424.597217592365 0 509809.770529398 1609488.29977265 0 0.0302913236628363 540.043966527334 162775.244862012
"133" 132 6325041.36421369 10613950.3067645 0.0125660435893944 40086.1834392096 78420.4275584646 0.031696025706979 48971.5937812324 65619.9759747508 1.4238919999738 24120.3372355324 83516.3330587736 3.16930799994168 67.5490622876172 1931.74903040028 0.318592993386773 5726866.60481184 9399017.02718791 99.9254121671988 105.367456022442 10377.9269238253 9761.79503703319 0 2745926.54213042 268386.561863783 0 21846.8988959762 850.215307090354 0 23606.1565087787 991.798402094886 0 12189.2065763084 710.884294284861 0 163.3992827835 54.7481435934765 0 2432496.11059695 453782.915810485 0 52.0988553263376 3226.17349108087 0 788285.214992435 4881062.67122458 0 2777.00274953735 15004.9243023154 0 990.037612524913 17259.6657818363 0 387.617353401192 9268.17503381023 0 3.20602175126383 418.145611646883 0 569536.718001471 1612550.17452563 0 0.0439237566565979 546.269703453743 162775.244862012
"134" 133 6318890.41217833 10593836.0241468 0.0125041594503849 39386.2034230369 76872.8005847435 0.0266818124182108 48160.9611142498 64215.5398053859 1.27548016781853 23721.0703995559 81728.8688432182 2.83897198643479 66.425450682824 1890.38398968483 0.2833015443751 5734928.19953172 9408267.37623334 99.9832763361159 105.727902238515 10409.0689255654 9761.81013793849 0 2670463.48925904 268259.236480016 0 21162.6736762669 832.439623066752 0 23426.2111542608 964.706293332345 0 12096.2905144391 691.465675967199 0 161.962715788346 53.2907042133737 0 2384008.91402383 453967.805857578 0 54.0317973651162 3228.15142254551 0 868075.112795781 4878748.12689769 0 3187.41493005367 14754.1255088454 0 1235.23608472807 16997.641605791 0 483.616921145906 9127.47208177314 0 3.99347819901141 411.7317943251 0 629514.928972079 1615525.17530717 0 0.0611482852456118 552.400393694934 162775.244862013
"135" 134 6312849.89034701 10573956.7404448 0.0124404889215495 38695.6652082627 75364.6564858528 0.0224615752822847 47359.6475855434 62850.6642620297 1.14246573360866 23326.3935869094 79991.7545153105 2.54290760061282 65.3149505771468 1850.2099127625 0.251897351587336 5742856.00598386 9417152.82398732 99.9708250236581 106.082337652832 10439.5465911787 9761.82356549122 0 2595329.36458492 268134.04782954 0 20463.5780218899 815.43481794665 0 23191.0449264075 938.868357326469 0 11974.8607624162 672.946002145868 0 160.143075153063 51.9000176343553 0 2335310.24495728 454129.17230163 0 55.9453656804625 3230.07721651989 0 947587.556621626 4876474.15372022 0 3598.5937936423 14505.8684293337 0 1502.74122310593 16737.1252787516 0 588.349945878982 8987.57882145827 0 4.85049431506136 405.358291470623 0 689720.247711368 1618473.26573853 0 0.0823170441390809 558.436614183451 162775.244862012
"136" 135 6306918.1926503 10554308.6579034 0.0123838620559384 38014.5486380654 73892.9916655486 0.0189095773414674 46567.7033573819 61523.8733620663 1.02326269976764 22936.3315043821 78303.1115517206 2.27758471883764 64.2176235325004 1811.17881242463 0.223955794603048 5750651.57539317 9425683.48415755 99.9646487124805 106.4308329876 10469.3789401795 9761.83550410023 0 2520506.5671324 268011.106549664 0 19755.4795964703 799.106446852473 0 22905.2022442585 914.218925702286 0 11827.2638632876 655.278204166289 0 157.974088793323 50.5726119009427 0 2286384.2834846 454287.745663823 0 57.8352090706036 3231.95325429943 0 1026839.67063733 4874240.06360331 0 4007.58202038955 14260.2532874627 0 1790.11484766825 16478.2290519306 0 700.861836721263 8848.55553004 0 5.76895891859607 399.027644022398 0 750162.611943092 1621374.15399796 0 0.107744094920399 564.378979354906 162775.244862011
"137" 136 6301093.72146049 10534888.0463836 0.0123349142408931 37342.8289860262 72455.2527569318 0.0159199948623366 45785.1708593835 60233.6503768596 0.916446595129629 22550.9050501441 76661.0095705486 2.03983274399821 63.133520543542 1773.2418326089 0.199098062946062 5758316.46666396 9433869.11209364 99.9755562809828 106.773459267646 10498.5842013759 9761.84611801554 0 2445990.52131181 267890.361724617 0 19043.2378374722 783.374997443983 0 22573.3212558117 890.691285154717 0 11655.8947577146 638.414464406758 0 155.489895004232 49.3049220934761 0 2237225.66569012 454441.789004031 0 59.6973803181176 3233.78178803487 0 1105835.51276347 4872045.3311829 0 4411.97046246083 14017.3633867994 0 2094.8630302628 16221.0629109795 0 820.176176395557 8710.46126812141 0 6.74064619025064 392.74235656962 0 810841.873873092 1624230.08726121 0 0.13770425211679 570.228140973664 162775.244862014
"138" 137 6295374.88816925 10515691.2338465 0.0122885894560661 36680.4771494853 71049.264516042 0.0134037618117871 45012.0851134677 58978.4713200589 0.820738321418101 22170.1314737975 75063.5089528021 1.82680465089835 62.0626824971226 1736.3502780189 0.1769863071445 5765852.24512355 9441719.09028297 99.9676230280786 107.110287764797 10527.1798075002 9761.85555350563 0 2371782.4715198 267771.746235837 0 18330.8790526866 768.173457257528 0 22200.0260984606 868.219040085187 0 11463.1411518831 622.307192965802 0 152.724277926365 48.0933768086349 0 2187834.23034582 454579.400327986 0 61.5283362866744 3235.56493898675 0 1184573.29088546 4869889.4487419 0 4809.79551995902 13777.2676057165 0 2414.49950409071 15965.7331854337 0 945.31954718092 8573.35313302742 0 7.75741750249314 386.504858941651 0 871753.064905987 1627053.52971954 0 0.172433044246702 575.984787297501 162775.244862012
"139" 138 6289760.11374473 10496714.5726713 0.0122422248830438 36027.4598311434 69673.1691096464 0.0112859187058849 44248.4740450648 57756.8302310182 0.734989566613795 21794.0245296588 73508.6930212959 1.63594451923716 61.0051406105739 1700.45637870691 0.157319287700988 5773260.48131866 9449242.39949359 99.9232496271518 107.441389944682 10555.1824043804 9761.86394080387 0 2297857.36048584 267655.286477499 0 17621.7199475419 753.445346765224 0 21789.8461767165 846.737132031118 0 11251.3418359829 606.909758351415 0 149.710103950898 46.9344627988266 0 2138190.6203971 454734.922638251 0 63.3249302005673 3237.30469853026 0 1263077.51945792 4867771.81675612 0 5199.47665840687 13540.0224217275 0 2746.59304702029 15712.3415379558 0 1075.34008232372 8437.28571604405 0 8.81136987668594 380.317478201594 0 932910.82006964 1629810.68696197 0 0.212127504242746 581.649641754861 162775.244862011
"140" 139 6284247.82926633 10477954.3796091 0.0122095971858134 35383.7397124591 68325.375100718 0.00950337592972984 43494.3587809485 56567.2578616723 0.658169641184048 21422.5946234522 71994.6918239465 1.4649582336032 59.9609168496005 1665.51384316132 0.139828473378242 5780542.74986235 9456447.57115821 99.9588289942107 107.766837415831 10582.607870782 9761.87139584778 0 2224215.36864524 267540.923198724 0 16918.4686818865 739.143050715884 0 21347.1554688723 826.182586107155 0 11022.7553447716 592.177022502437 0 146.478906086585 45.8247722929374 0 2088295.34739333 454898.511030471 0 65.084398141424 3239.00293119858 0 1341347.54141015 4865691.92330069 0 5579.76668083 13305.6736348061 0 3088.80381967963 15460.984254239 0 1209.32169304788 8302.31072110745 0 9.89494787113455 374.18241885355 0 994310.35839491 1632511.8227228 0 0.256947580482534 587.223461271227 162775.24486201
"141" 140 6278836.47643591 10459407.1306172 0.0121757509200553 34749.2756212624 67004.5144981254 0.00800303612443388 42749.7539343498 55408.3350835126 0.589353605319 21055.8489527394 70519.6991971978 1.31178705700036 58.9300243269539 1631.47824351865 0.124274544615511 5787700.62832933 9463342.87372888 99.9557115028618 108.086701880979 10609.4713458419 9761.87802183279 0 2150858.95372217 267428.604630404 0 16223.3482388934 725.226370605227 0 20876.1307562784 806.495035752352 0 10779.5383889653 578.065716907862 0 143.060607045395 44.7610363132057 0 2038151.42558408 455056.306661064 0 66.8043414277488 3240.66137919359 0 1419380.29491514 4863649.2512231 0 5949.67161530955 13074.2578682538 0 3438.90769667675 15211.7517760616 0 1346.39359466082 8168.47671406143 0 11.0010160210354 368.101749666351 0 1055944.65979106 1635171.45347689 0 0.307017992948446 592.707034353704 162775.244862013
"142" 141 6273524.50806488 10441069.2470346 0.0121468833371962 34124.0226949367 65709.4066933025 0.00674020915207697 42014.6678781377 54278.7021005445 0.527711565987731 20693.7916414708 69081.984491602 1.17458380816624 57.9124676832221 1598.30726867858 0.110444261726343 5794735.69619761 9469936.13382581 99.9677078984646 108.401055090457 10635.7872616602 9761.8839105995 0 2077780.62555292 267318.304762462 0 15538.1628492027 711.661353846876 0 20380.7242713077 787.617072879786 0 10523.7317318204 564.534693581092 0 139.483346978346 43.7401470040391 0 1987754.95401601 455212.037335575 0 68.4827063885167 3242.28166790629 0 1497182.75352798 4861643.26006208 0 6308.42065748119 12845.8037923337 0 3794.81172251313 14964.728424784 0 1485.73635781877 8035.82897417942 0 12.1229024172258 362.077395663002 0 1117814.05925058 1637786.33989341 0 0.362430357378998 598.101179020816 162775.244862012
"143" 142 6268310.38853669 10422937.2272388 0.012119868655783 33507.9325403862 64439.0280954927 0.00567728326477886 41289.1030069058 53177.0643505942 0.472499033408097 20336.423869073 67679.9000825744 1.0516913969406 56.9082434511247 1565.96087423376 0.0981476613675204 5801649.53383451 9476234.87062803 99.9718733422086 108.709968797595 10661.56937914 9761.88914387213 0 2004976.36483087 267209.992045759 0 14864.363428688 698.419295288365 0 19864.6459847927 769.494462214731 0 10257.2510431263 551.545078689583 0 135.773380194408 42.7591714456489 0 1937105.32428995 455363.384461021 0 70.1177625075844 3243.86531209295 0 1574758.37686717 4859673.41761307 0 6655.43140261033 12620.3331756894 0 4154.56446074421 14719.9922720112 0 1626.58596040744 7904.40942471247 0 13.2544259589178 356.111134089747 0 1179915.90226866 1640359.36866076 0 0.423245479453599 603.406740644561 162775.244862014
"144" 143 6263192.59424443 10405007.5849579 0.0120966881671417 32900.9533915258 63192.4866614029 0.00478260238312961 40573.0559888286 52102.1958179261 0.423048235943561 19983.7439944977 66311.8855864514 0.941623492906639 55.9173404047132 1534.40135275506 0.0872155480967192 5808443.72152541 9482246.25692594 99.9869922010255 109.013514716035 10686.8308255944 9761.89379436364 0 1932439.83170124 267103.638257828 0 14203.1051166522 685.475894654211 0 19331.3545586288 752.076248767812 0 9981.88222751806 539.060349587619 0 131.955033404572 41.8153587984387 0 1886200.70651006 455512.236526111 0 71.7080797206986 3245.41372242963 0 1652112.96473289 4857739.19127518 0 6990.27808707937 12397.8617813517 0 4516.36111161517 14477.6151253073 0 1768.23579118746 7774.25662521783 0 14.3899069418763 350.204593484005 0 1242249.09551931 1642889.18009834 0 0.489495738320284 608.624589756791 162775.244862014
"145" 144 6258169.61400359 10387276.8951748 0.0120739167772153 32303.0302646721 61969.0004728273 0.00402952397802105 39866.5180081129 51052.9403439837 0.378760301463118 19635.7476756377 64976.4695287064 0.843047122611459 54.9397398947991 1503.59334341195 0.0774972509999183 5815119.83854342 9487977.17828829 99.9869410503908 109.311764478896 10711.5841329796 9761.89792676158 0 1860166.33677749 266999.213823659 0 13555.2925700138 672.810549733065 0 18784.0545319534 735.314783279168 0 9699.27997153942 527.046353053739 0 128.050707422726 40.9061423521399 0 1835041.08592487 455657.645771074 0 73.2525054898494 3246.92821223082 0 1729250.64115381 4855840.05295814 0 7312.66803109667 12178.4001276669 0 4878.54508993082 14237.6626014585 0 1910.03726755864 7645.40581090048 0 15.5241666027543 344.359255091594 0 1304811.00882967 1645377.29771553 0 0.561187492538226 613.755619860004 162775.244862014
"146" 145 6253239.94944006 10369741.759208 0.0120509088943577 31714.1051120229 60767.8797570576 0.00339562546680465 39169.4749988193 50028.2114109616 0.339098221514693 19292.4279844931 63672.2690684964 0.754767009177868 53.9754161718355 1473.5037961691 0.0688586182619732 5821679.46225864 9493434.21895916 99.9681960546817 109.604789599702 10735.8412758979 9761.90159860738 0 1788150.00124091 266896.69027171 0 12921.6230760154 660.405759511833 0 18225.6987541968 719.165685306067 0 9410.96899996642 515.471278833316 0 124.080915019997 40.0291377220886 0 1783625.99267963 455800.889717808 0 74.750142118623 3248.41000416913 0 1806176.730113 4853975.4768252 0 7622.41682536759 11961.9541399871 0 5239.60636127456 14000.1942655923 0 2051.39918415997 7517.88896731757 0 16.6525166132423 338.576456043797 0 1367599.75741247 1647822.99878043 0 0.63830345948324 618.800745272731 162775.244862013
"147" 146 6248402.11535376 10352398.7945562 0.0120322163183435 31134.1169732289 59588.5118200112 0.00286203411182062 38481.9078707511 49026.9907844022 0.303580522072177 18953.7755184296 62397.9882710573 0.675711484612265 53.0243366973489 1444.10190285764 0.0611802251112128 5828124.1672855 9498623.66981086 99.9702389739205 109.892661435017 10759.6137087314 9761.90486108032 0 1716387.05518173 266796.037877269 0 12302.6191585647 648.246624170558 0 17658.9943871681 703.587760131182 0 9118.34717502678 504.305600081485 0 120.064342604096 39.1821382090426 0 1731957.06011624 455939.575778943 0 76.2003246700808 3249.86023687426 0 1882894.4682089 4852144.94184439 0 7919.43111602746 11748.5257061373 0 5598.17773542193 13765.2638183548 0 2191.7862616751 7391.73493089004 0 17.7707424718103 332.857393813195 0 1430611.63359033 1650229.18892512 0 0.720805028268953 623.760899031827 162775.244862013
"148" 147 6243654.64005828 10335244.6829257 0.0120165891810441 30563.0021250012 58430.3483775195 0.00241286606898977 37803.7927280364 48048.3263189327 0.271775572031142 18619.7785078388 61152.4153150052 0.604919821617705 52.0864624448948 1415.35900471594 0.0543557731148356 5834455.52466705 9503551.58929489 99.9843219243096 110.175451148734 10782.9124014492 9761.90775969639 0 1644872.2670776 266697.228279123 0 11698.6577329561 636.320423993035 0 17086.4117141172 688.542882261313 0 8822.6900450219 493.521989859355 0 116.017930214104 38.3631081212613 0 1680035.15675391 456074.035232204 0 77.6025997312489 3251.27997132255 0 1959408.52793609 4850347.92936959 0 8203.69244672783 11538.1131534897 0 5953.02945049182 13532.9193171557 0 2330.71702643108 7266.96950770771 0 18.8750818662541 327.203131571582 0 1493843.91193208 1652596.09904044 0 0.808634480584002 628.637030867684 162775.244862012
"149" 148 6238996.06569697 10318276.1788764 0.0119950699176606 30000.6942286255 57292.894950136 0.00203475280087114 37135.1010809485 47091.3291755545 0.243296466653964 18290.4229204672 59934.4189507057 0.541530845133018 51.1617481913824 1387.2484841607 0.0482906608477464 5840675.10109492 9508223.82803523 99.9372516278998 110.453229677943 10805.7478737709 9761.91033493112 0 1573600.4934406 266600.233337137 0 11109.9919593427 624.616266210967 0 16510.1946361294 673.995855815395 0 8525.15626421441 483.095221065306 0 111.956961720584 37.5701746994624 0 1627861.5658646 456204.557895506 0 78.9567051959095 3252.67019695473 0 2035723.46011981 4848583.92446173 0 8475.24634098033 11330.7116584826 0 6303.06286354373 13303.2034202281 0 2467.76134015482 7143.61560458555 0 19.962200661148 321.614604148628 0 1557293.64323992 1654924.06646377 0 0.901717101123287 633.430105263363 162775.244862013
"150" 149 6234424.94853607 10301489.9658588 0.0119842601383763 29447.124475243 56175.7019646997 0.00171644388877885 36475.800051436 46155.1706437803 0.217796429321038 17965.6925626476 58742.9444557204 0.484772697521021 50.2501427994905 1359.74564675266 0.0429007080419131 5846784.45816391 9512645.91186461 99.9685050150015 110.72606770036 10828.130227478 9761.91262277451 0 1502563.51922895 266505.026610734 0 10536.7715630492 613.124787598674 0 15932.3724410891 659.914259831115 0 8226.7936698165 473.002055556524 0 107.895162346504 36.8016191413382 0 1575435.41423408 456337.083797129 0 80.2625511645742 3254.03183748006 0 2111846.99813578 4846852.41454377 0 8734.19121223125 11126.3136006026 0 6647.30338391217 13076.1536447663 0 2602.53763324773 7021.69336767977 0 21.0291669143533 316.092624358566 0 1620960.34099235 1657207.56585337 0 0.999963168131682 638.141099604752 162775.244862013
"151" 150 6229939.85923533 10284882.8924036 0.0119719037702074 28902.2217287097 55078.3573369467 0.00144846966805421 35825.8525727866 45239.0787218238 0.194964680206655 17645.5691776412 57577.0092823212 0.433953643040619 49.3515894918227 1332.82759802103 0.038111017089204 5852785.15166024 9516823.27410102 99.9771145829416 110.99403560324 10850.0691767555 9761.9146552254 0 1431759.21948509 266411.578739082 0 9979.06215023691 601.837904299744 0 15354.7722431658 646.26828485027 0 7928.5457052067 463.221127019438 0 103.844799251175 36.0558671165014 0 1522760.96435259 456466.71624045 0 81.5202020210776 3255.36575634155 0 2187780.66069428 4845152.89423203 0 8980.66679752703 10924.9088691796 0 6984.89305604787 12851.8026322478 0 2734.71000083596 6901.22032496174 0 22.0734242176672 310.637889512373 0 1684838.45519917 1659452.14891091 0 1.10326981807012 642.771002425741 162775.244862012
"152" 151 6225539.38309696 10268451.7964789 0.0119574464849845 28365.9126658337 54000.4802401069 0.001222860037636 35185.2175837368 44342.3345770804 0.174522725264461 17330.0325412435 56435.6985526477 0.388453807846704 48.4660261172744 1306.47311881321 0.0338549573532228 5858678.73088245 9520761.10784324 99.9593601086647 111.257203453746 10871.5740765088 9761.91646073182 0 1361184.60128958 266319.861300508 0 9436.86058741346 590.748601951927 0 14779.0322272728 633.030565612238 0 7631.25825880021 453.732821050611 0 99.8167863343855 35.3314790665452 0 1469842.04148017 456590.21387616 0 82.7298597349681 3256.67276182897 0 2263526.88608501 4843484.86158359 0 9214.84533997022 10726.4851297227 0 7315.0824447022 12630.1784157256 0 2863.98502567561 6782.21152974972 0 23.0927631781508 305.250987978305 0 1748923.09144211 1661661.61430262 0 1.21152277710086 647.320811750146 162775.244862015
"153" 152 6221222.1202935 10252193.5360479 0.0119450248591727 27838.121912591 52941.7159041956 0.00103290645522836 34553.8502187741 43464.2689774555 0.156221022817269 17019.0605555156 55318.1605167615 0.347717760464245 47.593385412287 1280.66254182598 0.0300732591116358 5864466.73799304 9524464.40693704 99.9506713549939 111.515640970688 10892.6539486564 9761.91806458317 0 1290836.62918717 266229.846335993 0 8910.10523924055 579.850760010491 0 14206.614683997 620.176013717264 0 7335.68639472752 444.519155215997 0 95.8207859715621 34.6271405240921 0 1416682.65964092 456704.510136538 0 83.8918483780718 3257.9536118379 0 2339088.17669493 4841847.81871791 0 9436.92687590483 10531.0280556016 0 7637.22278718796 12411.3046851459 0 2990.10870562311 6664.67970318039 0 24.0852941711531 299.93240568796 0 1813209.34238997 1663839.54601914 0 1.32459796127169 651.791533529409 162775.244862014
"154" 153 6216986.68607447 10236105.0091101 0.0119388848584201 27318.772184749 51901.731284724 0.000872965339311547 33931.7019846006 42604.258743668 0.139835996449184 16712.6293356988 54223.6020373956 0.311247863064313 46.7335952415495 1255.37763067204 0.026713207235261 5870150.70740755 9527937.99666838 99.9874000492957 111.769417497944 10913.3175064323 9761.91948925877 0 1220702.47614065 266141.509889427 0 8398.68165248584 569.139005029807 0 13638.8185054587 607.681653369787 0 7042.5008051603 435.563661317846 0 91.8653053806228 33.9416526360473 0 1363278.99958243 456824.456501474 0 85.0065999109477 3259.20901826928 0 2414476.82846164 4840241.2684098 0 9647.13822503123 10338.5215310781 0 7950.75865831302 12195.201045829 0 3112.86358182614 6548.63537300917 0 25.0494221511013 294.682532461125 0 1877700.27771525 1665971.60804784 0 1.4423629345385 656.184180180299 162775.244862013
"155" 154 6212831.71095514 10220183.2178805 0.0119286074929138 26807.7844065488 50880.2114236867 0.000738284027760964 33318.7209544242 41761.7233407614 0.125167339482519 16410.7133059104 53151.2842518782 0.278598271751414 45.8865788668682 1230.6014650883 0.0237279186032021 5875732.16519693 9531186.60485763 99.9830479515753 112.01860197841 10933.573176755 9761.92075473983 0 1150781.99306993 266054.823269582 0 7902.43701760842 558.608585156616 0 13076.7916836781 595.526461370431 0 6752.29426393189 426.851270706903 0 87.9577919740894 33.273922962519 0 1309637.70562712 456942.03175575 0 86.0746408777634 3260.43965110715 0 2489692.39755548 4838664.72296265 0 9845.72244938749 10148.9478305094 0 8255.22046227211 11981.8832735781 0 3232.06579916554 6434.08701059969 0 25.9838211229196 289.501668243165 0 1942388.57474283 1668066.45860542 0 1.56467828629806 660.499769202692 162775.24486201
"156" 155 6208755.84088339 10204425.1459064 0.0119174555766764 26305.0778519942 49876.8564883295 0.000624862881196182 32714.8519266009 40936.1215332162 0.112035614618813 16113.2852772811 52100.5183150025 0.249369593828971 45.0522551618484 1206.31832957344 0.0210757031877443 5881212.62854244 9534214.75811919 99.9655247407878 112.26326293037 10953.4291207672 9761.92187878489 0 1081070.65564245 265969.759813676 0 7421.18675374883 548.255267019733 0 12521.543231627 583.691214272697 0 6465.58778205672 418.368204729998 0 84.1047232428334 32.6229567183104 0 1255761.97688389 457057.272854436 0 87.0965805021247 3261.64614214017 0 2564738.87681861 4837117.69752724 0 10032.9355831421 9962.2877771995 0 8550.21733948434 11771.3635553516 0 3347.56232915595 6321.04116016119 0 26.8874103325974 284.390028963929 0 2007270.52971037 1670124.58174938 0 1.69139883736812 664.73932190371 162775.244862012
"157" 156 6204757.73739034 10188367.6962205 0.011908671869504 25810.5702631035 48891.361016738 0.000529337557112435 32120.036602359 40126.9481800613 0.100280086208969 15820.3165354903 51070.661320078 0.223204062852222 44.2305388567151 1182.51360778994 0.0187194910413857 5886593.60520123 9536596.18466684 99.9625721179262 112.503468424276 10972.8932526132 9761.92287717658 0 1012510.5596547 265886.293119161 0 6954.75712495566 538.075248546751 0 11973.9550078425 572.158342319503 0 6182.83671345385 410.101870037175 0 80.3116951793073 31.987848435948 0 1202490.17853173 457170.213271914 0 88.0730996172174 3262.82908839023 0 2639133.76253386 4835599.7119868 0 10209.0250589261 9778.52088325932 0 8835.43001151501 11563.650724016 0 3459.22816860529 6209.50256480714 0 27.7593304150131 279.347752246136 0 2071938.04242973 1672146.46334688 0 1.82237477087708 668.903862194802 162775.244862011
"158" 157 6200836.07771291 10167643.9915484 0.0119027483991083 25324.1779809096 47921.4072325569 0.000448874916912218 31534.2137505628 39333.6752896257 0.0897567808269154 15531.776921919 50061.0412777054 0.199781221840554 43.4213407638071 1159.17189564301 0.0166263232747163 5891876.59300668 9534243.73355473 99.9788655667778 112.739286061095 10991.9732484287 9761.92376394062 0 954074.603776166 265804.396125473 0 6507.11471153149 528.065086301591 0 11434.96666487 560.91179166489 0 5904.52625438909 402.040759827321 0 76.5847829933332 31.3677741339424 0 1157764.60622569 457275.417787664 0 89.0049449191356 3263.98905523708 0 2708267.57169136 4834110.29196733 0 10372.1072610207 9597.62547990956 0 9110.5065684668 11358.7504809631 0 3566.92553852282 6099.4742860972 0 28.5986004654288 274.374902800078 0 2132539.93148028 1674138.07894162 0 1.95745221112849 672.994415475472 162775.24486201
"159" 158 6196989.55483358 10145836.9028311 0.0118935435761889 24845.8161328039 46965.2585920066 0.000381090517387497 30957.3193720317 38555.6500298128 0.0803367470208504 15247.6349145828 49070.8273106708 0.178814049820602 42.6245680029064 1136.27376142733 0.0147668985330422 5897063.07939585 9530508.76015263 99.9632780526129 112.970782951857 11010.6764977341 9761.92455154067 0 898371.669589689 265724.04482305 0 6081.02749292944 518.22163693707 0 10905.8943389576 549.936895042175 0 5631.33600116185 394.174361147904 0 72.9328685435987 30.7619839973024 0 1115098.68978133 457383.969224395 0 89.8929533841376 3265.12657926645 0 2775945.13333365 4832648.96517672 0 10520.9134690785 9419.57886629781 0 9374.88328704243 11156.665609756 0 3670.4337312003 5990.95781876192 0 29.4035326946695 269.471477589568 0 2192215.34397421 1676088.93951748 0 2.09647074063207 677.012007594744 162775.24486201
"160" 159 6193216.8775207 10124196.539256 0.0118881072346857 24375.3987862703 46023.0070670622 0.000323977598095846 30389.2868680797 37792.2443975368 0.0719044942264173 14967.8577111438 48099.2201423196 0.160045487149122 41.8401242333267 1113.80055814925 0.0131151690487172 5902154.54096367 9526568.96820898 99.9754474552621 113.1980256984 11029.0100740047 9761.92525105176 0 842823.666609721 265645.212681289 0 5675.50371408863 508.542007284116 0 10387.9659578561 539.220251132073 0 5363.90000298776 386.493068430509 0 69.3642034102031 30.1697955821437 0 1072222.13825842 457490.371575439 0 90.7380667553114 3266.24217086 0 2843491.05344948 4831215.26700395 0 10656.104146938 9244.35743153956 0 9628.04541855455 10957.3961823322 0 3769.55121336127 5883.95320143067 0 30.1725953766219 264.637410810152 0 2252060.76739704 1678005.02158025 0 2.23926192269514 680.95766388709 162775.244862013
"161" 160 6189516.77042574 10102715.1439978 0.0118804250928313 23912.8390270964 45095.0631148624 0.000275847162246588 29830.0472028124 37042.9204016995 0.0643565929978757 14692.4113088479 47145.5350567085 0.143245319898498 41.0679098770088 1091.73649728642 0.0116479810263574 5907152.44304505 9522423.86986598 99.9651799066906 113.421080375349 11046.9807695854 9761.92587231451 0 787436.685930267 265567.874382434 0 5288.90154166266 499.023510633486 0 9882.12009712861 528.749612287642 0 5102.70290002503 378.988103016254 0 65.8849365293398 29.5905875201844 0 1029147.2544111 457594.724554935 0 91.5413125807011 3267.33631654579 0 2910903.66578699 4829808.73689269 0 10778.6694520293 9071.93672811694 0 9869.63965549906 10760.9397533207 0 3864.13965882708 5778.45912097678 0 30.9047811955486 259.872578564042 0 2312068.25418099 1679886.81299225 0 2.38565120890797 684.832408279961 162775.244862012
"162" 161 6185887.97418135 10081389.6587699 0.0118770310000423 23458.0490251655 44181.73260852 0.000235278233552532 29279.5290555765 36307.2217889076 0.0576004200020832 14421.2605796123 46209.1913677006 0.12820738645625 40.3078223273125 1070.06836538843 0.0103447545204665 5912058.23932325 9518077.20614475 99.9877694448574 113.640012513275 11064.5951412601 9761.9264240723 0 732207.257543256 265492.004874365 0 4919.79824316234 489.663630189695 0 9389.03314274478 518.513780413754 0 4848.09394897313 371.651438526054 0 62.4993266435417 29.0237937080401 0 985877.954978104 457697.020069042 0 92.3037798261841 3268.40948112672 0 2978186.21021023 4828428.91934591 0 10889.483219399 8902.29153210122 0 10099.4585355965 10567.291540605 0 3954.11784242135 5674.47300947729 0 31.5995528164447 255.176803184661 0 2372233.98002995 1681734.80098045 0 2.53546038988959 688.63726246794 162775.244862012
"163" 162 6182329.24548019 10060217.1364714 0.0118695198814408 23010.9401071304 43283.2340103504 0.00020107425028749 28737.6589654731 35584.7587006791 0.0515530327875572 14154.3693412032 45289.6928917733 0.114747072978756 39.5597561464442 1048.78501971007 0.00918719848398435 5916873.37146258 9513532.66724774 99.9727657521432 113.854887082925 11081.8595479711 9761.92691409334 0 677131.908795433 265417.579401906 0 4566.95513219641 480.459988662236 0 8909.16830491752 508.502510722275 0 4600.31233171544 364.475731875902 0 59.2101118373807 28.4688979621702 0 942418.174300693 457797.373647282 0 93.0265986839498 3269.46210960524 0 3045341.86176302 4827075.36399528 0 10989.320975354 8735.3959024888 0 10317.4126273327 10376.4445932178 0 4039.45075011389 5571.99113436973 0 32.2567491636921 250.549857240712 0 2432554.11916027 1683549.47174646 0 2.68850961665935 692.373245148133 162775.244862012
"164" 163 6178839.35713486 10039194.6150098 0.0118636314527832 22571.4228353433 42399.7123091318 0.000172228236172221 28204.3614684131 34875.1950190929 0.0461401611619103 13891.7004247408 44386.6118424819 0.102699068392639 38.823603252223 1027.87697476275 0.00815905718069751 5921599.26876471 9508793.78914548 99.9687446369314 114.065768480502 11098.7801810842 9761.92734927904 0 622207.29028973 265344.573481047 0 4229.28920672645 471.41032313755 0 8442.81614710814 498.70642307868 0 4359.50808275896 357.454259733417 0 56.0188131480861 27.9254291200981 0 898771.949835356 457895.77985266 0 93.7109243732829 3270.49462892021 0 3112373.73105461 4825747.62566135 0 11078.8745273664 8571.22323955305 0 10523.5075182497 10188.389947635 0 4120.14056952694 5471.00868237946 0 32.8765083862344 245.991467248791 0 2493024.86142179 1685331.31010471 0 2.84461901294113 696.041371312763 162775.24486201
"165" 164 6175417.09812061 10017281.2835599 0.0118604297242314 22139.4070898041 41531.2129753678 0.000147892698679768 27679.5592289559 34178.237846102 0.0412953031214381 13633.215739635 43499.5754404935 0.0919153521090073 38.0992530975861 1007.3360608844 0.00724588453431166 5926237.34784719 9502879.47825289 99.9849274396031 114.272720513915 11115.363088546 9761.92773576061 0 569557.004675618 265272.962920625 0 3905.92675633328 462.512464347054 0 7990.12839951176 489.116920572371 0 4125.75954906758 350.580860152069 0 52.9259861028637 27.3929565640564 0 856861.365322159 457992.270825924 0 94.357924211366 3271.50744951235 0 3178195.869269 4824445.2644056 0 11158.7245870437 8409.74634156243 0 10717.8245985207 10003.1167737035 0 4196.21916636249 5371.51983788087 0 33.4592039816942 241.501317127707 0 2552708.94372796 1687080.79914673 0 3.00360995284904 699.642651594521 162775.244862011
"166" 165 6172061.27355625 9958566.84517538 0.011852849571853 21714.8021960686 40666.3168417174 0.0001273539863272 27163.173168269 33493.3356593132 0.0369589146116871 13378.8763366101 42627.8817482168 0.0822633905873036 37.386592844807 987.145769017653 0.00643484336508989 5930789.01234338 9461689.59584202 99.961968578271 114.475806389992 11131.6141537947 9761.92807898471 0 592739.634946471 265202.72382685 0 3619.48937785595 453.764320919483 0 7552.05454797613 479.726114951049 0 3899.55700440255 343.849879125302 0 49.9381098617235 26.871086143886 0 883150.066149143 458086.945646121 0 94.9687882874623 3272.50096673313 0 3205156.87708102 4823167.84554984 0 11217.4202533656 8250.93748343207 0 10899.9970027472 9820.61251156701 0 4267.54290628478 5273.51785642433 0 34.0037203996886 237.079051430627 0 2579246.54961875 1688798.41992984 0 3.16530395155633 703.178091661265 162775.244862011
"167" 166 6168770.70426368 9879673.76458458 0.0118497705773484 21297.5174238429 39791.1868557832 0.000110012433322492 26655.1226116402 32818.8970817506 0.0330776832765026 13128.6424803601 41769.5053767735 0.0736245208412477 36.6855075693753 967.256394826661 0.00571452674748566 5935255.65262401 9400912.0662514 99.9749246114142 114.675088702632 11147.5387226211 9761.92838378982 0 657638.901606245 265133.83256789 0 3397.54177916271 445.163877656714 0 7132.76322514666 470.526759038618 0 3683.05295183806 337.256122146191 0 47.0853037677492 26.3594565056048 0 947134.55777663 458179.767495495 0 95.5449230947075 3273.47556211187 0 3210747.49783063 4821914.93947007 0 11240.9863426302 8094.76869269817 0 11067.8557432791 9640.86301171737 0 4333.26259200892 5176.99513994163 0 34.5030216398402 232.724278672132 0 2587456.90213308 1690484.65118944 0 3.32950308720742 706.648691658071 162775.24486201
"168" 167 6165544.22624457 9800993.06972111 0.0118467507785797 20887.4624758862 38905.59009404 0.0000953628974284068 26155.3254761916 32153.0117942198 0.0296038787176694 12882.4737420048 40922.0150108252 0.0658925042425546 35.9958805236159 947.608310063623 0.00507479936216068 5939638.64555121 9339907.19504051 99.9865171452758 114.870629422447 11163.1412035546 9761.92865447383 0 722471.760680918 265066.265789622 0 3239.77938872386 436.709195778482 0 6737.40733988575 461.512186453865 0 3478.90813246383 330.794811000038 0 44.4047358115339 25.8577358431171 0 1011096.96611441 458270.810517652 0 96.0881589392204 3274.43160449485 0 3216356.71584372 4820686.1213506 0 11229.7155704301 7941.21201217158 0 11218.6805149636 9463.8526916557 0 4392.31317563128 5081.94332087056 0 34.9483054104268 228.436575098927 0 2595701.1848953 1692139.9690781 0 3.49596903904868 710.055445704268 162775.244862012
"169" 168 6162380.69066003 9722523.15478178 0.0118418249063634 20484.5474214041 38014.7424244396 0.0000829795850797013 25663.6984794798 31494.2329121232 0.0264947674721502 12640.3291018333 40083.5691608841 0.0589722243734956 35.3175934319244 928.156967021542 0.00450665568060997 5943939.35425374 9278680.78227714 99.9803070756324 115.062489887345 11178.4251420756 9761.9288948546 0 787233.840329129 265000.000401453 0 3134.75240113185 428.398399030271 0 6369.70189850711 452.676256894059 0 3289.0408161758 324.461544545681 0 41.9228194658981 25.3656189694058 0 1075035.30597644 458360.126753409 0 96.6007110465499 3275.36945107567 0 3221987.51672387 4819480.97121355 0 11189.5993865031 7790.23946576324 0 11350.5536270197 9289.56469072964 0 4443.94384706566 4988.35334530015 0 35.3334550266559 224.215488420297 0 2603979.15991614 1693764.84692899 0 3.66442700726246 713.399341440197 162775.244862012
"170" 169 6159278.96403598 9644259.37372949 0.0118372362154471 20088.6824643844 37122.9632741878 0.0000725048241654824 25180.1572739782 30841.6021008863 0.0237120938749456 12402.1670155415 39252.9481284008 0.0527785315281049 34.6505266738173 908.873555162135 0.00400209507069472 5948159.12795245 9217235.33952349 99.9753595733501 115.25073079545 11193.3934904741 9761.92910832313 0 851927.885559915 264935.01339144 0 3072.86200841291 420.229656284663 0 6031.84742128527 444.013305873515 0 3114.58725724696 318.252262689956 0 39.6547541635305 24.8828246339678 0 1138954.55771828 458446.269714427 0 97.0850395540808 3276.28944831594 0 3227638.85001827 4818299.07426174 0 11125.6758450919 7641.82292423149 0 11462.4025568649 9117.9809920669 0 4487.73469462427 4896.2155384471 0 35.6551535367191 220.060540684095 0 2612286.87359085 1695361.21690913 0 3.83457980282567 716.68135963468 162775.244862015
"171" 170 6156237.9284343 9566197.16796988 0.0118343887383637 19699.7777493347 36233.8184350646 0.0000636370859636314 24704.6165825025 30194.5393878305 0.0212216085375741 12167.9454809341 38429.4137663297 0.0472351931965359 33.9945594706025 889.741356728447 0.0035540091671665 5952299.30178106 9155573.1799576 99.983663629723 115.435412197704 11208.0488352459 9761.92929789155 0 916554.252158296 264871.282604498 0 3046.06474364575 412.201167622394 0 5724.87357473586 435.518097946657 0 2956.07913129586 312.163212859738 0 37.6071380836416 24.4090930368483 0 1202857.92626682 458532.18449492 0 97.5437312504456 3277.19193278069 0 3233312.00835282 4817140.02024395 0 11042.1815469095 7495.93400737008 0 11553.8069870868 8949.08252601312 0 4523.52115655614 4805.51966020039 0 35.9122274554286 215.971230684119 0 2620622.30715658 1696926.62238389 0 4.00611976982437 719.902473816602 162775.244862016
"172" 171 6153256.48156993 9488332.08142778 0.0118300783343406 19317.7432779418 35350.2393990842 0.0000561229632504517 24236.9902667541 29552.7548991168 0.0189926523148124 11937.6220716848 37612.5971443304 0.0422739680555502 33.3495699711115 870.752843013051 0.00315608326062548 5956361.19665002 9093696.51916401 99.9782647250722 115.616593492468 11222.3935684263 9761.92946623509 0 981115.580428808 264808.785602748 0 3047.62651807452 404.311154491596 0 5448.91297533984 427.185784142562 0 2813.58491578437 306.190919492585 0 35.7800388785514 23.9441835737939 0 1266750.73661103 458616.468557832 0 97.9794109872768 3278.07723187772 0 3239005.9391273 4816003.40470515 0 10942.6777995234 7352.54403266518 0 11624.845658582 8782.84924871264 0 4551.33406132435 4716.25494731781 0 36.1051287055549 211.947035730842 0 2628981.38014221 1698462.9889064 0 4.17873767084009 723.063649951488 162775.244862015
"173" 172 6150333.53688869 9410659.71265845 0.0118273404778475 18942.4888520347 34474.624590277 0.0000497489453628069 23777.1914091262 28916.1770102354 0.0169977793772651 11711.1539776293 36802.4071039359 0.0378337670010095 32.7154353594832 851.907323153586 0.00280270759000506 5960346.11910354 9031607.49564828 99.9849127918453 115.794333419711 11236.4300180165 9761.92961572985 0 1045613.71713895 264747.500425034 0 3071.91454061514 396.557852202942 0 5203.4250610625 419.01186284908 0 2686.82548766651 300.33215599994 0 34.168677769113 23.4878727755272 0 1330637.62230404 458699.127600773 0 98.3946740683932 3278.94566452404 0 3244720.37081215 4814888.82829918 0 10830.157152584 7211.62399020231 0 11675.9706814076 8619.26021310707 0 4571.35041806631 4628.41015155124 0 36.2355117015666 207.987413242735 0 2637360.74105807 1699970.77661252 0 4.35212947733858 726.165846132508 162775.244862013
"174" 173 6147468.02360906 9333175.77949997 0.0118202511578412 18573.9240692105 33608.9245523662 0.0000443351022733916 23325.1323703939 28284.894788489 0.0152124207862119 11488.4980331791 35998.9570035315 0.0338599043306007 32.0920319272728 833.209072233378 0.00248889877353627 5964255.36119598 8969308.28204838 99.9536160033923 115.968690056059 11250.160543532 9761.92974848622 0 1110050.4324977 264687.405413839 0 3114.22180282415 388.939504824633 0 4987.37498108228 410.992144265338 0 2575.26649437052 294.583919287999 0 32.7647668754612 23.0399524443986 0 1394523.04504007 458780.242207323 0 98.7920369641838 3279.79754173912 0 3250455.03152409 4813795.89703907 0 10707.1336269311 7073.14454102955 0 11707.9072900991 8458.29362922324 0 4583.85416901574 4541.97357202027 0 36.3058981617077 204.091802073302 0 2645757.13636201 1701450.44193022 0 4.52600129411872 729.210012296832 162775.244862013
"175" 174 6144658.88673424 9255876.01598974 0.0118176196661075 18211.9583426454 32754.7135104515 0.0000397302306345418 22880.724846056 27659.1121372004 0.0136145836032949 11269.6107450724 35202.5063564369 0.0303034280202371 31.4792351446192 814.665849757876 0.00221023005557121 5968090.20037583 8906801.02196731 99.9589383296935 116.139720810137 11263.5876041994 9761.92986637849 0 1174427.52310212 264628.479193907 0 3170.61993764861 381.454361667709 0 4799.37623770981 403.122718280028 0 2478.19200796689 288.943406734058 0 31.5575684996961 22.6002279807772 0 1458411.32184897 458859.767607981 0 99.1739022393758 3280.63316717231 0 3256209.6492516 4812724.22233929 0 10575.7183079113 6937.07603049873 0 11721.5738616355 8299.92691929097 0 4589.20487511215 4456.93308480958 0 36.3194114501574 200.259623720525 0 2654167.44619917 1702902.43743836 0 4.70007284892637 732.19708996011 162775.244862012
"176" 175 6141905.08703934 9178756.29210424 0.011815039428912 17856.5009562802 31913.2499586535 0.0000358075699746941 22443.8799018796 27039.1111868369 0.0121845827613177 11054.448309881 34413.4142377924 0.0271205229203524 30.8769197003944 796.287725244047 0.00196276962441633 5971851.8993903 8844087.97030278 99.9637005063217 116.307482418845 11276.7138061296 9761.92997107113 0 1238746.69196002 264570.700701767 0 3237.83549009372 374.100675111791 0 4637.80382449202 395.399925487104 0 2394.76294483194 283.407995411646 0 30.5347291613097 22.168516881204 0 1522306.46010716 458937.770031494 0 99.5425346597655 3281.45283757114 0 3261983.95208582 4811673.4210442 0 10437.6826329948 6803.38851342947 0 11718.0188265193 8144.13676645965 0 4587.81301556504 4373.27616912908 0 36.2795685995523 196.490283382963 0 2662588.70887854 1704327.21173736 0 4.87407983301973 735.128011973673 162775.244862012
"177" 176 6139205.60103828 9101812.5369575 0.0118125095187927 17507.4610906762 31085.5272641929 0.0000324599263969969 22014.5080582777 26425.2237890356 0.0109047969916582 10842.9666555696 33632.1030042271 0.0242719674975617 30.2849596183825 778.086172029898 0.00174302484867122 5975541.70616643 8781171.43610939 99.9679614985307 116.472030942424 11289.5419318981 9761.93006404244 0 1303009.62497672 264514.049169032 0 3313.14492561383 366.876699107992 0 4500.88420204635 387.82033097298 0 2324.06352530891 277.975223302156 0 29.6829373215067 21.7446473923555 0 1586212.19796283 459014.277770715 0 99.9000458473176 3282.25684320146 0 3267777.66844814 4810643.11544497 0 10294.5128583602 6672.05178241035 0 11698.3696576421 7990.89916796844 0 4580.12001608668 4290.98993586541 0 36.1901134628496 192.783171151619 0 2671018.1373269 1705725.20932128 0 5.04777542722737 738.003702282756 162775.244862011
"178" 177 6136559.42092993 9025040.75702098 0.0118100290216783 17164.7478945647 30272.3169958058 0.000029597027738353 21592.5193367349 25817.8090799873 0.0097594502209605 10635.1214643619 32859.0297381657 0.0217226472660089 29.7032283157713 760.073361313726 0.00154789276235857 5979160.85372413 8718053.80998194 99.9717740778647 116.633421761021 11302.0749566705 9761.93014660559 0 1367217.97234434 264458.504127173 0 3394.28616335331 359.780688654909 0 4386.76489575879 380.380700511086 0 2265.13721097363 272.642772231986 0 28.9884266090738 21.3284572957746 0 1650131.96813355 459089.318469634 0 100.248386377594 3283.04546822283 0 3273590.52732014 4809632.9332862 0 10147.4554252664 6543.03540461457 0 11663.7939804568 7840.18948166253 0 4566.58302283201 4210.06115256047 0 36.05489095724 189.13766303488 0 2679453.12773346 1707096.87046215 0 5.22093104106602 740.825075708858 162775.244862012
"179" 178 6133965.55453269 8948437.0353797 0.0118075970368852 16828.2705880072 29474.2044125046 0.00002714300176975 21177.8232593501 25217.2359077699 0.00873443034576315 10430.8681725157 32094.6638826163 0.0194411514147631 29.1315985891483 742.261611359103 0.00137461928520244 5982710.56013908 8654737.56978959 99.9751854327443 116.791709573614 11314.3160579117 9761.93021992593 0 1431373.34888544 264404.045407447 0 3479.38783616641 352.810899909789 0 4293.56682121089 373.077980590886 0 2217.01372324042 267.408453558084 0 28.4373514519926 20.919792891726 0 1714068.88858664 459162.919158326 0 100.589342086575 3283.8189910008 0 3279422.25844833 4808642.50776457 0 9997.55252615982 6416.30876025378 0 11615.4713835863 7691.98246295361 0 4547.66386575006 4130.47626325867 0 35.8777568351197 185.553121750341 0 2687891.26309507 1708442.63111537 0 5.39333655585716 743.593037774378 162775.244862012
"180" 179 6131423.0251977 8871997.53089764 0.0118052126770954 16497.93855155 28691.6214864134 0.0000250339689621969 20770.3288953127 24623.8687651557 0.00781710356900085 10230.1619932137 31339.4693374709 0.0173993595568084 28.5699426740998 724.662956052856 0.00122075780095103 5986192.02847095 8591225.28089151 99.9782377936315 116.946948395207 11326.2686138063 9761.93028503856 0 1495477.33438258 264350.653140403 0 3566.90252381712 345.965590595242 0 4219.42762940811 365.909278144135 0 2178.73142497858 262.270193636478 0 28.016092493467 20.5185079796625 0 1778025.76294281 459235.106288544 0 100.92453541275 3284.57768442131 0 3285272.59257381 4807671.47751994 0 9845.67614162935 6291.84108475232 0 11554.5693939139 7546.25231073197 0 4523.81965240398 4052.22141316098 0 35.6625019901196 182.028897747843 0 2696330.31245655 1709762.9228151 0 5.56480012855273 746.308484506403 162775.244862015
"181" 180 6128930.87172467 8795718.47755535 0.0118028750683134 16173.6610352948 27924.8631790601 0.0000232157852575032 20369.9453495563 24038.0655624278 0.0069961382639011 10032.9581572442 30593.9016249082 0.015572049684167 28.0181329900134 707.28910402272 0.00108412992354768 5989606.4464085 8527519.58564904 99.9809690260519 117.099191540127 11337.9361798354 9761.93034286498 0 1559531.47376019 264298.307754919 0 3655.55656532993 339.243018654979 0 4162.52789152298 358.871844059253 0 2149.35084119055 257.226022005993 0 27.7114325348057 20.1244630678209 0 1842005.09059427 459305.905764859 0 101.255431725636 3285.32181615823 0 3291141.26160115 4806719.48661777 0 9692.56115112668 6169.60147690844 0 11482.2200450818 7402.97276838555 0 4495.49359412113 3975.28250287058 0 35.4127784652797 178.564331752215 0 2704768.2303106 1711058.1725261 0 5.73514801785372 748.972302140743 162775.244862014
"182" 181 6126488.14825103 8719596.18347338 0.0118005833498357 15855.3481247933 27174.1288936944 0.0000216436401738404 19976.5807013452 23460.1517415115 0.00626144740029221 9839.2113902148 29858.3749437419 0.0139367700200052 27.4760404817033 690.150588332208 0.000962813403162734 5992954.98700028 8463623.22259243 99.9834128236921 117.248491658328 11349.3225281374 9761.93039421825 0 1623537.27762961 264246.989977514 0 3744.30857444002 332.641447670449 0 4121.12177365929 351.963060532676 0 2127.9704981442 252.274062322166 0 27.5107830647316 19.7375246672958 0 1906009.06090672 459375.342962177 0 101.583336401596 3286.05164884059 0 3297027.99880158 4805786.18453666 0 9538.80812232354 6049.55900321489 0 11399.5257647972 7262.11701464587 0 4463.11731097811 3899.64512977889 0 35.1321216701488 175.158751641438 0 2713203.14539194 1712328.80272267 0 5.90422342027127 751.585367318389 162775.244862012
"183" 182 6124093.9241364 8643627.03022056 0.0117983366741594 15542.9097318955 26439.5183946006 0.000020279130128158 19590.1434327461 22890.4385599915 0.00560395059016291 9648.87661612869 29133.2854399892 0.0124733093781045 26.9435368246987 673.257422318513 0.000855089417365906 5996238.80764512 8399538.98906215 99.9855995092668 117.39490068655 11360.4315682084 9761.9304398253 0 1687496.22227517 264196.680830302 0 3832.3057210672 326.159142267518 0 4093.54157359846 345.180423258811 0 2113.7292659541 247.412519591671 0 27.4021854739462 19.3575645188527 0 1970039.59005069 459443.442763424 0 101.909415366103 3286.76744036047 0 3302932.53899509 4804871.2261311 0 9384.92831041252 5931.68265659985 0 11307.528651525 7123.65789526105 0 4427.09880307905 3825.29471247034 0 34.8238534697115 171.811478501806 0 2721633.35834518 1713575.2311055 0 6.07188608985453 754.148546497204 162775.244862012
"184" 183 6121747.28385868 8567807.47204418 0.0117961342069292 15236.2561179058 25721.0539591132 0.0000190900204155815 19210.5418718736 22329.2101161679 0.00501553182739362 9461.90868316161 28418.9946933046 0.0111636030996826 26.4204935487676 656.618672884651 0.000759433856830033 5999459.05050477 8335269.74972414 99.9875561761075 117.538469868987 11371.26736462 9761.93048033064 0 1751409.7500521 264147.361629815 0 3918.86119999056 319.794371345404 0 4078.21089556651 338.521533653444 0 2105.81316146598 242.63967459834 0 27.3744071295196 18.9844591739284 0 2034098.32306019 459510.229571157 0 102.234696135052 3287.46944398023 0 3308854.61866963 4803974.27161005 0 9231.34551219963 5815.94141859137 0 11207.2157587264 6987.56787541527 0 4387.82451942887 3752.21646517236 0 34.491101655846 168.521825211034 0 2730057.33237997 1714797.87063545 0 6.23801137693593 756.662696043066 162775.244862009
"185" 184 6119447.32686199 8492134.0425026 0.0117921772937882 14935.2982440129 25018.703500029 0.000018049186055881 18837.6839164658 21776.7142255294 0.00448894074369428 9278.26222751301 27715.8181052193 0.00999151326822276 25.9067815958139 640.242174027006 0.000674496309625638 6002616.84271846 8270818.44308253 99.9740651611279 117.679249768302 11381.8341347089 9761.93051630526 0 1815279.26212852 264099.013986858 0 4003.42085694504 313.54541060002 0 4073.65736750992 331.984086483798 0 2103.46191491247 237.953875036855 0 27.4170262498721 18.6180893742622 0 2098186.63984502 459575.74257051 0 102.560075038858 3288.15790851718 0 3314793.97616985 4803094.98650167 0 9078.40733101115 5702.30431762739 0 11099.5193777632 6853.8190413033 0 4345.65946869574 3680.39539860094 0 34.1368040119285 165.289096290696 0 2738473.68142081 1715997.12950824 0 6.40248899137969 759.128662200264 162775.24486201
"186" 185 6117193.16744193 8416603.32287536 0.0117900611151754 14639.9474465884 24332.3810357414 0.0000171339937467635 18471.4775593851 21233.1704744699 0.00401768216338325 9097.89193223444 27024.0351493253 0.00894258287978852 25.4022721270246 624.134815310034 0.000599076124932103 6005713.29605729 8206188.03307084 99.9756318501239 117.817290249008 11392.1362101894 9761.93054825679 0 1879106.14954747 264051.619797375 0 4085.5442794493 307.410541499108 0 4078.50915855728 325.565860903102 0 2105.96717167968 233.353529086652 0 27.5203908520597 18.2583396604217 0 2162305.70932133 459639.97478036 0 102.886330132704 3288.83307849532 0 3320750.35181246 4802233.04161799 0 8926.40272372457 5590.74042705423 0 10985.3091655101 6722.3831981258 0 4300.94413703068 3609.81637258252 0 33.7636848792573 162.112590420227 0 2746881.16342338 1717173.4110389 0 6.56522227721324 761.547280857201 162775.244862006
"187" 186 6114983.9345983 8341211.98755256 0.0117879867135812 14350.1155786746 23661.957873022 0.000016325368998019 18111.8308383144 20698.768330002 0.00359594143099356 8920.75250245333 26343.8869654571 0.0080038696367276 24.9068364324117 608.302489711309 0.000532106740265306 6008749.50700514 8141381.54830191 99.9770337771805 117.952640481817 11402.1780251723 9761.93057663612 0 1942891.7472723 264005.161251002 0 4164.88607552312 301.388052766845 0 4091.49607005747 319.264712172305 0 2112.6730556725 228.837099478362 0 27.675618917351 17.9050979759531 0 2226456.46096239 459702.96451971 0 103.21412987413 3289.49519427504 0 3326723.48801127 4801388.11301414 0 8775.56994564995 5481.21890047471 0 10865.3939027603 6593.23189530546 0 4253.99517651499 3540.46410959471 0 33.3742632756379 158.991600966143 0 2755278.66985081 1718327.11362795 0 6.72612713064588 763.919377491808 162775.244862007
"188" 187 6112818.77189843 8265956.77222892 0.0117859533064617 14065.7151245373 23007.2728431622 0.0000156071729253246 17758.6518071149 20173.6653633604 0.00321851796026959 8746.79865126556 25675.5740988223 0.00716379804060005 24.4203458761729 592.75004407088 0.000472641737801334 6011726.55682363 8076402.04676059 99.9782882816529 118.08534894711 11411.9641054958 9761.93060184332 0 2006637.36547049 263959.620821792 0 4241.17879436432 295.476241575399 0 4111.45093117145 313.078564399135 0 2122.97688993833 224.403098289427 0 27.8746020720109 17.5582553220212 0 2290639.62944129 459764.734453834 0 103.544040676753 3290.14449216871 0 3332713.12939165 4800559.88195064 0 8626.10372379171 5373.70900098195 0 10740.522799534 6466.33645082493 0 4205.10591621161 3472.3232078354 0 32.9708590997237 155.925416504407 0 2763665.21656419 1719458.63073202 0 6.8851310683896 766.245767124539 162775.244862007
"189" 188 6110696.83731424 8190834.48066597 0.0117839601239264 13786.659097744 22368.1329570956 0.0000149657592113585 17411.8487833331 19657.993380028 0.00288075118587143 8575.98522164165 25019.2643018538 0.00641199457500415 23.9426722691976 577.481492811155 0.000419839372599163 6014645.51144714 8011252.60951279 99.9794108979889 118.215463430073 11421.4990404631 9761.93062423418 0 2070344.28214304 263914.981267182 0 4314.2233750399 289.673413890393 0 4137.30017785383 307.005404160644 0 2136.32433205735 220.050082372988 0 28.1099262019365 17.21770548357 0 2354855.77066197 459825.30684974 0 103.87653910831 3290.78120455114 0 3338719.02288183 4799748.03484182 0 8478.16387172879 5268.18011560627 0 10611.3864242613 6341.66801426567 0 4154.54672595684 3405.3781750736 0 32.5555981519241 152.913322384433 0 2772039.93381955 1720568.35080258 0 7.04217220855614 768.527254201339 162775.244862012
"190" 189 6108617.30309638 8115841.9837858 0.0117820064086595 13512.861330902 21744.3290248453 0.0000143897052189006 17071.3300787738 19151.8506728413 0.00257847941017361 8408.26705372439 24375.0826745252 0.00573919610651546 23.4736874421037 562.499764360346 0.000372954131740169 6017507.42172155 7945936.34384559 99.9804154936178 118.343031032586 11430.7874896372 9761.93064412381 0 2134013.7435873 263871.22562624 0 4383.87152729646 283.977886263977 0 4168.07165371898 301.043274624771 0 2152.21340217509 215.776649144429 0 28.3749280203728 16.8833447306672 0 2419105.26702759 459884.703586425 0 104.212014453864 3291.40555995101 0 3344740.91781764 4798952.26322396 0 8331.87810193706 5164.60179180914 0 10478.620121866 6219.19755464194 0 4102.56635460094 3339.61342211654 0 32.1304245954382 149.954600283041 0 2780402.05858268 1721656.65730049 0 7.1971985012573 770.76463263942 162775.244862012
"191" 190 6106579.35558353 8040976.21861893 0.0117800914157606 13244.2362176131 21135.6279824129 0.0000138693150990221 16737.0044444763 18655.3145917939 0.00230796862849021 8243.59920399578 23743.1276622831 0.00513709146341369 23.0132639245152 547.807127668971 0.000331322032066513 6020313.3231881 7880456.36303959 99.9813145075212 118.468098162804 11439.8341415137 9761.93066179281 0 2197646.96476403 263828.337216084 0 4450.02440682738 278.387985560685 0 4202.8755841804 295.190270722125 0 2170.18465886416 211.581433120698 0 28.663543463741 16.5550716422716 0 2483388.35738433 459942.946167104 0 104.550784135463 3292.01778314579 0 3350778.56600759 4798172.26369011 0 8187.3503044941 5062.94373967236 0 10342.8054161192 6098.895949023 0 4049.39247905467 3275.01331039838 0 31.6971072267734 147.048530465062 0 2788750.92422878 1722723.92862058 0 7.35016669314586 772.958685677631 162775.244862012
"192" 191 6104582.19507538 7966234.18743912 0.0117782144126567 12980.6989119031 20541.7833997761 0.0000133964430205217 16408.7808941368 18168.4365945915 0.00206588117747515 8081.93685830617 23123.4647567529 0.00459825165308984 22.5612746617289 533.405028575018 0.000294354300948248 6023064.23627487 7814815.7881344 99.9821190551893 118.590710544691 11448.6437175677 9761.93067749001 0 2261245.12974601 263786.299629925 0 4512.62082506369 272.902050275367 0 4240.90848741524 289.444534966592 0 2189.82321857861 207.46310292467 0 28.9703363637661 16.2327868994528 0 2547705.14240138 460000.055727157 0 104.893096284925 3292.61809523202 0 3356831.7218035 4797407.73785461 0 8044.66237643226 4963.17585842027 0 10204.4733524021 5980.73398011543 0 3995.23301304025 3211.56215068198 0 31.2572512939347 144.194391615753 0 2797085.95397975 1723770.53810457 0 7.50104167863749 775.110185916046 162775.244862014
"193" 192 6102625.03566412 7891612.95664962 0.0117763746789825 12722.1655012444 19962.5456497808 0.0000129642584774465 16086.5685878351 17691.2390110596 0.00184923447839637 7923.23527460536 22516.1223777123 0.00411603803255967 22.1175928252286 519.293985250683 0.000261529066427202 6025761.16646595 7749017.7463345 99.9828390667356 118.710913226381 11457.2209694475 9761.93069143594 0 2324809.39226828 263745.096734374 0 4571.62481940408 267.518431847516 0 4281.45415990895 283.804252554002 0 2210.75926454685 203.420357772054 0 29.290503934641 15.9163930525218 0 2612055.59494544 460056.053044068 0 105.239134848805 3293.20671371149 0 3362900.14218861 4796658.392304 0 7903.87696613052 4865.26826371292 0 10064.1083854784 5864.68234541092 0 3940.27762922362 3149.24420797111 0 30.8123122266143 141.391460965953 0 2805406.65264888 1724796.85404853 0 7.64979568767504 777.219895345517 162775.244862011
"194" 193 6100707.10504321 7817109.65585097 0.0117745715064018 12468.5525540868 19397.6420626862 0.0000125669213075372 15770.2774916705 17223.7352484509 0.00165534790674174 7767.45010783771 21921.1175889375 0.00368448405048967 21.682092826608 505.474264439903 0.000232380564558586 6028405.10395961 7683065.34524216 99.9834834648351 118.828750563444 11465.570626317 9761.93070382741 0 2388340.87601602 263704.712665449 0 4627.03753705109 262.235493490784 0 4323.85412768555 278.267649829672 0 2232.65278905456 199.451926372984 0 29.6196476513938 15.6057945255409 0 2676439.59292773 460110.958545168 0 105.589036446143 3293.78385254437 0 3368983.58677995 4795923.93852448 0 7765.04416647068 4769.19127105076 0 9922.14934020262 5750.71176728229 0 3884.69813534881 3088.04376063033 0 30.3635996729932 138.639017168994 0 2813712.59860524 1725803.23962015 0 7.79640749358421 779.288565176161 162775.244862014
"195" 194 6098827.6444015 7742721.4768673 0.0117728041985636 12219.7777733972 18846.8089350363 0.0000121995854704764 15459.817608743 16765.9064219047 0.00148183500835305 7614.5370311719 21338.4263551514 0.00329827792181807 21.2546491155007 491.945100569375 0.000206497780079747 6030997.02426963 7616961.69566827 99.9840601906159 118.944266248462 11473.6974423304 9761.93071483808 0 2451840.67529969 263665.131827591 0 4678.86982267033 257.051613094563 0 4367.53587011035 272.832989182942 0 2255.20816700568 195.556563272612 0 29.9539909846327 15.3008973071403 0 2740856.90303484 460164.792314708 0 105.942881597425 3294.34972222398 0 3375081.81793238 4795204.09288398 0 7628.19872166327 4674.91544849216 0 9778.994765469 5638.79290937963 0 3828.65057040428 3027.945055491 0 29.91229546612 135.936337940793 0 2822003.43899518 1726790.05295459 0 7.94086195294457 781.316936057827 162775.244862014
"196" 195 6096985.90819715 7668445.67257997 0.0117710720708989 11975.7596162805 18309.77429431 0.000011858129469958 15155.0995604761 16317.7198601482 0.00132655427898499 7464.45202232405 20768.0070947341 0.00295265307257949 20.8351370733919 478.705315089317 0.000183514592834508 6033537.8879632 7550709.88740567 99.9845763683889 119.057503298046 11481.6061472192 9761.93072462266 0 2515309.85548077 263626.338889107 0 4727.15276781698 251.965182387315 0 4411.98477124336 267.498567468937 0 2278.15967280455 191.733047719886 0 30.2901627449932 15.0016089476899 0 2805307.21248588 460217.574101915 0 106.300710915851 3294.90452983465 0 3381194.60074924 4794498.57654929 0 7493.36565655409 4582.41160532936 0 9635.00480762927 5528.89647609282 0 3772.27593809931 2968.93236126111 0 29.4594603722823 133.282702643458 0 2830278.88148956 1727757.64709336 0 8.08314920581294 783.30573795535 162775.244862013
"197" 196 6095181.16400398 7594279.55607499 0.0117693744504878 11736.4171750804 17786.2517725569 0.0000115390421578162 14856.0347913345 15879.1361391506 0.00118758437453698 7317.15146438862 20209.8096316462 0.00264333296267909 20.423433323024 465.753549325877 0.000163104911789315 6036028.64062764 7484312.98000836 99.985038388537 119.168504051167 11489.3014277079 9761.93073331891 0 2578749.45335554 263588.318779203 0 4771.94119738273 246.974606887135 0 4456.73230813794 262.262714859757 0 2301.26538129997 187.980182844127 0 30.6251070539046 14.7078385359985 0 2869790.14315583 460269.323325959 0 106.662532194182 3295.44847909064 0 3387321.70308736 4793807.11543209 0 7360.56257077106 4491.65079283823 0 9490.50312933443 5420.9932558379 0 3715.70095812473 2910.98999176941 0 29.0060406361062 130.677393379536 0 2838538.68930837 1728706.3699699 0 8.22326419873417 785.255690123405 162775.244862013
"198" 197 6093412.69239607 7520220.49959225 0.011767710676009 11501.6708160683 17275.9741859212 0.0000112394201824463 14562.5348103505 15450.084431906 0.00106321709405926 7172.59177226218 19663.7438224258 0.00236651546742222 20.0194145431224 453.087441065968 0.000144981451261393 6038470.21348031 7417774.0270588 99.9854519308604 119.277310199077 11496.7879779545 9761.93074104822 0 2642160.47789117 263551.056686851 0 4813.28470942012 242.078308563732 0 4501.38640341647 257.123789890604 0 2324.32284055326 184.296792104272 0 30.9563174103535 14.4194963976803 0 2934305.23355 460320.05908316 0 107.028310726917 3295.98177041283 0 3393462.89565842 4793129.44016832 0 7229.79677398154 4402.60435272963 0 9345.78208652496 5315.05403828011 0 3659.04009303678 2854.10226151546 0 28.5528853091571 128.119692656389 0 2846782.67676341 1729636.56451109 0 8.36120625697592 787.167501338465 162775.244862013
"199" 198 6091679.78669154 7446415.96231596 0.0117660800974917 11271.4415757116 16778.6651040057 0.0000109567691730722 14274.5120427583 15030.4910221606 0.000951915591964124 7030.72981210482 19129.7158463862 0.00211877986598466 19.6229587830626 440.704575226505 0.000128887512562431 6040863.52295613 7351244.16572803 99.9858221043175 119.383962764757 11504.0704311852 9761.93074791904 0 2705239.89064494 263514.538055227 0 4851.24570534787 237.274724176133 0 4545.59024424471 252.08018030211 0 2347.14780772322 180.681719892629 0 31.2815209633639 14.1364942353555 0 2998559.69388348 460369.800152585 0 107.397989201523 3296.50460096173 0 3399771.94297002 4792465.28601712 0 7101.07401443518 4315.24388978744 0 9201.10325716792 5211.04974462721 0 3602.39575526709 2798.25355563511 0 28.1007479975145 125.608886826129 0 2855154.86345777 1730548.5685622 0 8.49697845559838 789.041869739072 162775.244862012
"200" 199 6089981.75283878 7377251.16523562 0.0117644820762348 11045.6513320901 16294.7578557431 0.0000106889778201921 13991.8796409577 14620.2918684709 0.000852304857211686 6891.52280823288 18607.6441962357 0.00189706564992278 19.2339451622269 428.602874832881 0.000114595215703507 6043209.47093246 7289060.77833594 99.9861534787834 119.488502113902 11511.1533741265 9761.93075402763 0 2759098.27194086 263478.748579903 0 4884.45259608221 232.56230605803 0 4588.9713929726 247.130301182448 0 2369.54797198398 177.133830203208 0 31.5983074901532 13.858745029663 0 3053999.09546357 460418.565000325 0 107.771485384805 3297.01716467876 0 3410751.26200383 4791814.39282784 0 6975.12671817471 4229.54128652628 0 9056.73167426482 5108.95141537875 0 3545.87170995479 2743.42832332209 0 27.6503996173527 123.14426568948 0 2867874.62400741 1731442.71492426 0 8.6305874227036 790.879482912922 162775.244862015
"201" 200 6088317.90926877 7309239.58521493 0.0117629159847179 10824.223026979 15824.6647734049 0.0000104342757733531 13714.5512196833 14219.4677947743 0.00076315735131052 6754.92821267983 18097.5044660763 0.00169864055614277 18.8522534511171 416.781703641724 0.000101902825716158 6045508.94505026 7227791.25198178 99.9864501329658 119.590967970489 11518.0413884667 9761.93075945923 0 2810798.507092 263443.674206858 0 4911.59612191556 227.939522520447 0 4631.01628380081 242.272592152272 0 2391.25814998745 173.652004613992 0 31.9032170000087 13.5861628899055 0 3107400.17125018 460466.371785997 0 108.148677703185 3297.5196523489 0 3422822.74159064 4791176.50500394 0 6852.64898982188 4145.46871112291 0 8913.01393015425 5008.73019151791 0 3489.60365417168 2689.61106772827 0 27.2028838834511 120.725121897609 0 2881600.12879144 1732319.3314117 0 8.76204420680878 792.681018029885 162775.244862016
"202" 201 6086687.58673501 7241301.56678939 0.0117613812064652 10607.0804256501 15367.9407410484 0.000010191155703165 13442.4411853272 13827.9973641239 0.000683373163824264 6620.90386739997 17599.2693725213 0.00152105639689917 18.4777645775428 405.240363175079 0.00009063094653259 6047762.81862243 7166374.66041669 99.9867157206937 119.691399411989 11524.7390402973 9761.93076428963 0 2862524.21312874 263409.301129423 0 4933.10847518564 223.404856905282 0 4671.23259051156 237.505517329904 0 2412.02412559433 170.235142261982 0 32.192936630449 13.3186630943574 0 3160861.76540093 460513.238366735 0 108.529405080217 3298.01225163051 0 3434880.70341393 4790551.37144738 0 6733.45325542543 4062.99860132809 0 8770.27968759387 4910.35736778445 0 3433.72065675719 2636.78637457046 0 26.759191330456 118.35075233618 0 2895295.71228021 1733178.74084071 0 8.89136480811225 794.447141819138 162775.244862015
"203" 202 6085090.12814735 7173454.37758768 0.0117598771359107 10394.1482142902 14924.0556836504 0.00000995834004740718 13175.4646591489 13445.8237408103 0.000611968329119236 6489.40796644648 17112.8665792131 0.00136212305513636 18.1103605010614 393.97703033843 0.0000806203579018786 6049971.95081719 7104833.17935269 99.9869535098878 119.789834878153 11531.2508770595 9761.93076858608 0 2914236.46541066 263375.615785274 0 4949.60279992548 218.95680845503 0 4709.2446595593 232.827563840421 0 2431.65192742829 166.882158774567 0 32.4650023154148 13.056162020265 0 3214345.18806147 460559.182301917 0 108.913471394237 3298.49514709939 0 3446945.11952042 4789938.74550396 0 6617.25854435566 3982.10368076465 0 8628.7919261894 4813.80439392516 0 3378.32567890944 2584.93891280185 0 26.3200960896815 116.020458093771 0 2908980.10348031 1734021.26106574 0 9.01856950681629 796.178510653029 162775.244862016
"204" 203 6083524.88838402 7105695.82290596 0.0117584031782375 10185.3520449294 14492.5282137911 0.00000973474465916663 12913.5374785963 13072.8589329694 0.000548062509161702 6360.39905662206 16638.1840965065 0.00121988106877927 17.7499242094891 382.988899481095 0.0000717297318338178 6052137.18679925 7043169.68315541 99.9871664236484 119.886312177634 11537.5814114991 9761.93077240831 0 2965935.85601062 263342.604852818 0 4961.6039358115 214.593893155374 0 4744.77888462576 228.237240726753 0 2450.0002769236 163.591985489041 0 32.7176863219587 12.7985771011029 0 3267849.7391536 460604.220857798 0 109.300654938823 3298.96852029113 0 3459015.93882287 4789338.38489759 0 6503.82623632057 3902.75697477705 0 8488.75589709044 4719.04288596926 0 3323.49908010809 2534.05344066673 0 25.8861866269993 113.73354470456 0 2922653.30587667 1734847.2050116 0 9.14368184105441 797.875770620491 162775.244862013
"205" 204 6081991.23409403 7038023.75785049 0.0117569587491971 9980.61843449092 14072.9099588144 0.00000951944247640258 12656.5763756973 12708.9964467321 0.000490866537783248 6233.83612534343 16175.08638675 0.00109257390667884 17.3963399897421 372.272600393165 0.0000638333272447391 6054259.35776176 6981387.00604242 99.9873570818028 119.980868489235 11543.7350942069 9761.93077580943 0 3017622.95859815 263310.255247157 0 4969.57115585933 210.314644024358 0 4777.63496897 223.733078933001 0 2466.96574943547 160.363569440646 0 32.9497793008168 12.5458268526534 0 3321374.69090126 460648.37101124 0 109.690719946868 3299.43254973264 0 3471093.10948538 4788750.05165688 0 6392.95272576188 3824.9318162152 0 8350.33015409595 4626.04466007141 0 3269.30293698856 2484.11482387369 0 25.4579030343506 111.489323008944 0 2936315.35381427 1735656.88068832 0 9.26672771533665 799.539557561065 162775.244862011
"206" 205 6080488.54355819 6970436.08644022 0.0117555432750087 9779.87498839424 13664.7954717774 0.00000931165013545071 12404.4987238888 12354.1042005108 0.000439676141188971 6109.67847594522 15723.4053461046 0.000978633991678677 17.0494930303574 361.823958684395 0.0000568198677483787 6056339.28121998 6919487.94939764 99.987527821823 120.073540376058 11549.7163290456 9761.93077883644 0 3069298.32886572 263278.554117826 0 4973.89413698499 206.117612011177 0 4807.68935342686 219.313629384876 0 2482.48454431138 157.195871986698 0 33.1606193128739 12.2978307637315 0 3374919.28620781 460691.649454418 0 110.083415446569 3299.88741099012 0 3483176.57905004 4788173.51207403 0 6284.46414606028 3748.60186197439 0 8213.63371343318 4534.78171016177 0 3215.78384652296 2435.10802359401 0 25.0355607995355 109.28710849134 0 2949966.30766119 1736450.59125049 0 9.38773494185975 801.170497198036 162775.244862011
"207" 206 6079016.20646284 6904544.32285148 0.0117541561921462 9583.05019132941 13267.8149901032 0.00000911069382710543 12157.2228497758 12008.041536227 0.000393859435829716 5987.88588123288 15282.961955198 0.0008766548732984 16.7092698997926 351.638557863161 0.0000505902486897259 6058377.76098094 6859078.18142259 99.987680740514 120.164363783563 11555.5294376393 9761.93078153123 0 3117698.2930253 263247.48884403 0 4974.89076132144 202.001365832244 0 4834.86229938479 214.977463771711 0 2496.51548795293 154.087869367106 0 33.3498427260483 12.054509373848 0 3425314.01682277 460734.072598309 0 110.478487783268 3300.33327669715 0 3496916.94401152 4787608.53661814 0 6178.22523877125 3673.74109050687 0 8078.75486778197 4445.22625849115 0 3162.97637686754 2387.01812360367 0 24.6193802605222 107.126222597287 0 2965172.07591391 1737228.63500743 0 9.50673253473309 802.769205160406 162775.244862009
"208" 207 6077573.6237803 6870222.08618181 0.0117527969472588 9390.07354562395 12886.1905338932 0.0000089159996507574 11914.6678534998 11670.7732027763 0.000352851814155471 5868.41849500737 14853.711348988 0.000785379844410565 16.3755582631755 341.715373428861 0.0000450566370462914 6060375.58739306 6829856.11009129 99.9878177110404 120.253374051523 11561.178688725 9761.93078393091 0 3102392.51943288 263217.047032852 0 4963.60232494853 197.964492000255 0 4858.75565616886 210.723173169239 0 2508.85299243123 151.038551717236 0 33.5147238513306 11.8157841960453 0 3413846.43538498 460775.656576848 0 110.875670795625 3300.77031659694 0 3542869.3831571 4787054.89990274 0 6078.78838829598 3600.32380248965 0 7945.95798046894 4357.35074130901 0 3110.9840309718 2339.83032259261 0 24.2101669599251 105.005992296264 0 3010948.73091796 1737991.30547741 0 9.62375125282593 804.336287103407 162775.244862008
"209" 208 6076160.20775318 6853819.72527263 0.0117514649972347 9200.87535329999 12524.5069026122 0.00000872707463309286 11676.753701369 11342.6571259267 0.000316147823295889 5751.2368976892 14436.1090693613 0.000703683864755366 16.0482470222291 332.065929586511 0.0000401410131564049 6062333.53744132 6818303.18198023 99.9879404099858 120.340605918258 11566.6684360432 9761.93078606843 0 3051007.58136407 263187.216520703 0 4930.34568282097 194.005590094041 0 4877.77799970311 206.549367777215 0 2518.67531462155 148.046922879839 0 33.6437749285181 11.581577718859 0 3367227.6576435 460816.417250631 0 111.274613886866 3301.19869757647 0 3607055.47013364 4786512.38071197 0 5991.06966926625 3528.32453506977 0 7816.16396311772 4271.1278258449 0 3060.16736213365 2293.52994328354 0 23.8108836248976 102.925750499803 0 3074105.70804735 1738738.89142048 0 9.73883091381178 805.872338780332 162775.244862006
"210" 209 6074775.38191913 6837866.76457057 0.0117501598093122 9015.38658357942 12182.7208110858 0.00000854349444545079 11443.4011980233 11024.1702061004 0.000283295189380848 5636.3020826085 14030.7620804914 0.000630560260234791 15.7272262697425 322.705448174773 0.0000357741145568697 6064252.37489667 6807064.21281342 99.9880503372506 120.426093527564 11572.0032690826 9761.93078797308 0 2998878.86334628 263157.985375782 0 4874.80747247358 190.123268574195 0 4889.98247374883 202.454675826739 0 2524.97718147748 145.111999621866 0 33.7229654535183 11.351813351815 0 3319774.77798167 460856.370210522 0 111.674805847917 3301.61858370128 0 3671608.82155919 4785980.76204556 0 5915.24493503798 3457.71798593889 0 7690.4879581195 4186.53040423742 0 3010.9629684549 2248.10242917187 0 23.4251149755529 100.884835868299 0 3137683.06001041 1739471.67687903 0 9.85202791931181 807.377946131045 162775.244862009
"211" 210 6073418.58093893 6821958.3790211 0.0117488808609244 8833.53891708421 11858.4941359928 0.00000836489240579696 11214.5319826982 10715.6227762753 0.000253889094715999 5523.57545416478 13638.0653516231 0.00056510798501303 15.4123872821421 313.643725240623 0.0000318944305083386 6066132.85044921 6795740.37068692 99.9881488351055 120.509870434822 11577.1879842881 9761.93078967083 0 2946821.60244649 263129.34189462 0 4801.32092421214 186.316146607087 0 4893.94109768895 198.437742554058 0 2527.02124506513 142.232810898929 0 33.7421468023888 11.1264153753552 0 3272280.95261005 460895.530781076 0 112.075590050818 3302.03013624818 0 3736117.58034024 4785459.83105574 0 5849.13997072992 3388.47904666612 0 7569.75599270142 4103.53158815111 0 2963.69425430279 2203.53334163504 0 23.0554787517108 98.8825926435043 0 3201288.39080772 1740189.94121573 0 9.96341373443521 808.853685364434 162775.244862007
"212" 211 6072089.25034651 6806093.59008909 0.0117476276394394 8655.2648751953 11549.8404595179 0.000008190950903745 10990.0685133303 10417.1390661103 0.000227567331692334 5413.0188199985 13258.1769932313 0.00050652083505713 15.1036224928893 304.884557583226 0.0000284473582403721 6067975.70185267 6784334.32950947 99.9882371043195 120.59196961365 11582.2274889466 9761.93079118476 0 2894834.30174471 263101.274596256 0 4713.51452450038 182.582857747846 0 4888.80306634875 194.497229547898 0 2524.36818608969 139.408397387486 0 33.6954445880155 10.9053089115231 0 3224745.34671273 460933.914023793 0 112.47621480756 3302.43351373683 0 3800582.80536033 4784949.37894149 0 5790.93580237815 3320.58286980562 0 7454.47350118965 4022.10470870689 0 2918.55910621551 2159.80835989524 0 22.7035312058914 96.918370621283 0 3264921.75557112 1740893.95915237 0 10.0730698022012 810.300123042358 162775.244862007
"213" 212 6070786.84629833 6790271.44726898 0.0117448884070445 8480.4979085186 11255.0706352571 0.00000802127419135703 10769.9340866122 10128.7009625827 0.0002040057447183 5304.59440086867 12891.073952378 0.000454077302760086 14.8008255210872 296.427190092885 0.000025384413783364 6069781.65405649 6772848.77879013 99.9754522152605 120.672423461942 11587.1267125731 9761.93079253537 0 2842915.48422619 263073.772217942 0 4614.42194350312 178.922052959488 0 4874.16150049471 190.631814526057 0 2516.80790956907 136.637811324718 0 33.5802452045305 10.6884199206724 0 3177167.01115747 460971.547604263 0 112.875879236315 3302.82887196009 0 3865005.53526737 4784449.20084291 0 5739.11357540555 3254.00492391559 0 7344.89863489231 3942.22332449552 0 2875.6585950267 2116.91328532241 0 22.3700165133636 94.9915253405548 0 3328583.27445414 1741584.00080779 0 10.1810829648384 811.717816161307 162775.244862007
"214" 213 6069510.83534537 6774491.00183133 0.0117436852947525 8309.17246462844 10972.74678986 0.00000785573690822572 10554.0528490956 9850.18176266008 0.000182914268093525 5198.26483612172 12536.5949706583 0.000407131758014621 14.5038911859012 288.267425350266 0.0000226625527088139 6071551.41934959 6761286.36667119 99.9755231373131 120.751263808457 11591.8905434674 9761.93079374085 0 2791063.71735489 263046.823703995 0 4506.57592931876 175.332402570749 0 4849.94954279819 186.840191306336 0 2504.30589324676 133.920116487691 0 33.3964103058042 10.4756752084118 0 3129544.9737979 461008.420339313 0 113.273766618741 3303.21636401513 0 3929386.78944176 4783959.09574832 0 5692.40691996226 3188.72102926309 0 7241.10003614716 3863.86123197845 0 2835.01959543381 2074.83404701942 0 22.0550621487762 93.1014183334342 0 3392273.09871283 1742260.33173878 0 10.2875420965512 813.107312240316 162775.244862008
"215" 214 6068260.69421702 6758751.34499566 0.0117425064255084 8141.22402650718 10701.6427305815 0.00000769415373447153 10342.349821763 9581.37411672296 0.000164033341485635 5093.99319579374 12194.4761485565 0.000365106469758349 14.2127155415736 280.398537748031 0.0000202435608963715 6073285.69750126 6749649.71416798 99.9755867264688 120.828521919272 11596.5237797888 9761.93079481736 0 2739277.5735347 263020.418210112 0 4392.08837387309 171.812597564774 0 4816.35504667749 183.121069968811 0 2486.95913656954 131.254388309664 0 33.1456350375252 10.2670024434447 0 3081878.25173157 461044.559384163 0 113.669070068869 3303.59614033445 0 3993727.56870383 4783478.86640792 0 5649.76162685695 3124.70738133372 0 7143.00394716435 3786.99247881979 0 2796.61322994882 2033.5567089811 0 21.7583373981129 91.2474174534701 0 3455991.38461373 1742923.21298201 0 10.392535525622 814.469149410904 162775.244862006
"216" 215 6067035.90961139 6743051.58167455 0.0117413513241361 7976.58913003439 10440.7098497681 0.00000753633471331623 10134.7509310776 9322.01289898841 0.000147130613395982 4991.74299590388 11864.380053258 0.00032748426852654 13.9271959223671 272.812016873747 0.0000180934968655232 6074985.17590698 6737941.37137262 99.975643752505 120.904228504432 11601.0310934987 9761.93079577923 0 2687555.65521546 262994.545092821 0 4272.71881559614 168.361350309755 0 4773.75122364715 179.473177135232 0 2464.96034995367 128.639714080357 0 32.8309297772547 10.062330181839 0 3034165.914816 461079.978779649 0 114.061011455134 3303.96834871817 0 4058028.85584142 4783008.31925189 0 5610.30130647087 3061.94056418818 0 7050.43229093509 3711.59137881551 0 2760.36977825203 1993.067478111 0 21.4791806138754 89.4288972457737 0 3519738.27413168 1743572.90109917 0 10.4961491448885 815.803856513701 162775.244862013
"217" 216 6065835.97801694 6727390.83648771 0.0117402195243271 7815.20539908567 10189.0524978135 0.00000738211211513898 9931.18299848192 9071.79070595306 0.000131998348178294 4891.47819328214 11545.9154439403 0.000293802774977492 13.6472309232138 265.49806717603 0.0000161822576686661 6076650.52974736 6726163.81322997 99.9756949035448 120.978413725304 11605.4170095192 9761.93079663922 0 2635896.5879958 262969.193907281 0 4149.92654367769 164.977395003297 0 4722.64660245992 175.895256013802 0 2438.57211583248 126.075192978042 0 32.4562485062219 9.86158787459556 0 2986407.10383545 461114.692319379 0 114.448853575013 3304.33313436618 0 4122291.61598074 4782547.26432279 0 5573.30000986258 3000.39755859413 0 6963.13170379724 3637.63252003448 0 2726.19004395845 1953.352708593 0 21.2166957871975 87.6452391350364 0 3583513.88146335 1744209.64822359 0 10.5984650966833 817.111953198683 162775.244862011
"218" 217 6064660.40549834 6711768.25324513 0.0117391105684401 7657.01150874856 9945.89923920413 0.00000723133647095244 9731.57381293393 8830.37545432825 0.000118450410216029 4793.16322129581 11238.659669145 0.000263647687255032 13.3727205089542 258.446173826098 0.0000144830765123474 6078282.42213077 6714319.42825917 99.9757407960792 121.051107200981 11609.6858837865 9761.93079740862 0 2584299.02025038 262944.354402783 0 4024.92510370606 161.659487635991 0 4663.63532173424 172.386066971648 0 2408.10122190147 123.559936479872 0 32.0261223903771 9.66470590967687 0 2938601.05209793 461148.713553203 0 114.8319106823 3304.69063991306 0 4186516.79686092 4782095.51519385 0 5538.15635415536 2940.0557414193 0 6880.79899722084 3565.0907850541 0 2693.9553233602 1914.3989127575 0 20.9698362186839 85.8958319389286 0 3647318.28311396 1744833.70211088 0 10.6995608315491 818.393950032714 162775.244862008
"219" 218 6063508.70754205 6696182.99456284 0.0117380240073619 7501.94719999034 9710.58685925375 0.00000708387426976889 9535.85212169861 8597.41902532288 0.000106320335985088 4696.76298531424 10942.1696685928 0.000236648489773261 13.1035659970743 251.645376011586 0.0000129722054187295 6079881.50424674 6702410.51501824 99.9757819813728 121.122338015379 11613.8418968574 9761.93079809749 0 2532761.62292047 262920.016519639 0 3898.71631353654 158.40640596931 0 4597.36851033172 168.944387584021 0 2373.88388317298 121.093068397145 0 31.545450747625 9.47161561825082 0 2890747.09523074 461182.055790229 0 115.20955313411 3305.04100545916 0 4250705.32900297 4781652.88891235 0 5504.37552292862 2880.8928852619 0 6803.09811529648 3493.94135735023 0 2663.5340445851 1876.1927645128 0 20.7374601133108 84.1800720120679 0 3711151.51207628 1745445.30618585 0 10.7995085539456 819.650348600172 162775.244862009
"220" 219 6062380.4088825 6680634.24141909 0.0117369594003556 7349.95332772155 9482.54624933336 0.00000693960582547184 9343.94757491072 8372.56386361894 0.0000954593875890969 4602.24283540378 10655.9903718787 0.000212474120762829 12.8396699691432 245.084471396126 0.0000116285983459185 6081448.41557457 6690439.28146087 99.9758189519273 121.192134726922 11617.8890534409 9761.93079871474 0 2481283.08933344 262896.170385785 0 3772.12419817795 155.216949528696 0 4524.5280289024 165.569012359805 0 2336.27218323659 118.673724678557 0 31.0193109558081 9.28224926038224 0 2842844.67743061 461214.732102672 0 115.581210230582 3305.38436861095 0 4314858.12586913 4781219.2059378 0 5471.54955963027 2822.88715835482 0 6729.67774187099 3424.15972104825 0 2634.78866110382 1838.72109921132 0 20.5183881085953 82.4973632073001 0 3775013.5528202 1746044.69960467 0 10.8983747438109 820.881641636452 162775.244862005
"221" 220 6061275.04328629 6665121.19263346 0.0117359163148555 7200.97166780407 9261.27634331713 0.00000679842199227134 9155.7909627393 8155.45779518101 0.0000857338341931124 4509.56868314025 10379.6735575031 0.000190826921268541 12.580936635867 238.752489469717 0.0000104334642538511 6082983.78393782 6678407.83738523 99.9758521505135 121.260525370521 11621.8311679789 9761.93079926831 0 2429862.13506423 262872.806312177 0 3645.83069343287 152.089938462342 0 4445.80024864763 162.258754296183 0 2295.62053473707 116.301054524533 0 30.4527716990049 9.09654012917747 0 2794893.35584437 461246.755328797 0 115.946371851859 3305.72086450951 0 4378976.08390538 4780794.29005828 0 5439.34715752859 2766.01710385607 0 6660.17621437871 3355.72170065369 0 2607.57757558234 1801.9709349844 0 20.3114166345459 80.8471179259466 0 3838904.34460879 1746632.11729712 0 10.9962205645602 822.088313114716 162775.244862002
"222" 221 6060192.15347849 6649643.06465633 0.0117348943264201 7054.94516089121 9046.35022036037 0.00000666022444353607 8971.31390494306 7945.74739370953 0.000077024748021612 4418.70684870329 10112.7694101758 0.000171442181080362 12.3272713530946 232.638467121918 0.00000937024242484138 6084488.22579795 6666318.20382291 99.9758819708429 121.32753747176 11625.6718840469 9761.93079976521 0 2378497.49789095 262849.914791752 0 3520.38717202186 149.024214439555 0 4361.86866387454 159.012442963152 0 2252.28186481442 113.974219014276 0 29.8508387002043 8.91442242809119 0 2746892.80034356 461278.138076429 0 116.30458847345 3306.05062586983 0 4443060.0826493 4780377.96837147 0 5407.49669856633 2710.26165618365 0 6594.23956818174 3288.60342201418 0 2581.76220456241 1765.92945177945 0 20.1153791924125 79.2287560344668 0 3902823.77318214 1747207.79003007 0 11.0931009771557 823.270838385795 162775.244862002
"223" 222 6059131.29090623 6634199.09098546 0.0117338930185154 6911.81775746936 8837.39394785785 0.00000652492296623143 8790.44902884843 7743.08852479135 0.0000692255123293347 4329.62414853729 9854.83994064353 0.000154082591958842 12.0785808962195 226.731781051679 0.00000842419894445601 6085962.34637977 6654172.31048742 99.9759087658427 121.393198052182 11629.4146699696 9761.93080021169 0 2327187.93768023 262827.486494561 0 3396.24458652096 146.01863948978 0 4273.39628494121 155.828925590408 0 2206.5985235761 111.692391884805 0 29.2183335166763 8.73583134513294 0 2698842.790318 461308.892727003 0 116.65546899554 3306.37378302146 0 4507110.98477632 4779970.07119622 0 5375.77680329135 2655.60011993853 0 6531.52390494342 3222.78134175087 0 2557.20790572194 1730.58400716419 0 19.9291509757685 77.6417056366891 0 3966771.67686033 1747771.94447091 0 11.1890654171416 824.429684310051 162775.244862016
"224" 223 6058092.01556749 6618788.52174847 0.011732911982354 6771.53422839629 8634.07103856087 0.00000639243365434506 8613.13018411151 7547.1538780077 0.0000622400762368557 4242.28800112955 9605.4685720098 0.000138534363236872 11.8347737918169 221.022384582648 0.00000758214591290427 6087406.73971125 6641971.99438151 99.9759328534496 121.457533630603 11633.062816579 9761.93080061333 0 2275932.23634273 262805.512264181 0 3273.76794250569 143.072094706841 0 4181.02177388044 152.707068390641 0 2158.90028869883 109.454760479443 0 28.559873854938 8.56070314060174 0 2650743.20613162 461339.031438064 0 116.998675899868 3306.69046393314 0 4571129.63608567 4779570.43200721 0 5344.01683991482 2602.01214636357 0 6471.68784292346 3158.23227949858 0 2533.78102203116 1695.92215363907 0 19.7516205324917 76.0854039320723 0 4030747.85658113 1748324.80322596 0 11.2841588678008 825.565309335765 162775.244862016
"225" 224 6057073.89595156 6603410.62353818 0.0117319508168661 6634.04049100086 8436.09348718774 0.00000626267968634196 8439.29202743518 7357.62349446858 0.0000559831969832604 4156.66622246807 9364.2480838691 0.000124607761027257 11.5957596703678 215.500493557125 0.00000683249026838617 6088821.98897743 6629719.01074553 99.9759545157994 121.520570240317 11636.6194594474 9761.93080097503 0 2224729.1977979 262783.983117043 0 3153.24632393475 140.183481677738 0 4085.350346526 149.6457539579 0 2109.49966767695 107.260523883068 0 27.8798022033064 8.38897497975989 0 2602594.03299666 461368.566147098 0 117.333927688662 3307.00079425617 0 4635116.86560584 4779178.88742277 0 5312.07676719209 2549.47775931862 0 6414.41678763644 3094.93336343152 0 2511.3583841475 1661.93160938546 0 19.5817735016054 74.5592957151386 0 4094752.06209645 1748866.58491166 0 11.3784203731739 826.678163656539 162775.244862021
"226" 225 6056076.50883953 6588064.67892073 0.0117310091285193 6499.28349924908 8243.20891362697 0.00000613558968108587 8268.87013722879 7174.19017224347 0.0000503787484834529 4072.72708251567 9130.78749194623 0.000112133343398653 11.3614494441539 210.156754312891 0.00000616496443408949 6090208.6666584 6617415.03395083 99.9759740048404 121.582333435042 11640.0875810829 9761.93080130116 0 2173577.64784043 262762.890238418 0 3034.91083289231 137.35172152766 0 3986.94699675029 146.643881866678 0 2058.68839910932 105.108893351506 0 27.1821432030941 8.22058497490845 0 2554395.35348888 461397.508575393 0 117.660994730846 3307.30489736397 0 4699073.48568384 4778795.2771319 0 5279.84172435565 2497.97733793499 0 6359.42175238939 3032.86204737694 0 2489.82684863512 1628.60026745541 0 19.4186860929684 73.0628338247716 0 4158783.99894012 1749397.5042181 0 11.4718837810944 827.768689343505 162775.244862028
"227" 226 6055099.43908605 6572749.98591119 0.0117300865311138 6367.21094516709 8055.18397992464 0.0000060110960045526 8101.8013454309 6996.56680937885 0.0000453578812637684 3990.43946864507 8904.7213937549 0.000100957864748388 11.1317558218229 204.982473881369 0.00000557033548877429 6091567.3345504 6605061.65768746 99.9759915484397 121.642848289016 11643.4700117175 9761.93080159563 0 2122476.43408499 262742.224977812 0 2918.94005231505 134.575752938381 0 3886.34625731947 143.700370590533 0 2006.7424927863 102.999093686734 0 26.4706889428066 8.05547231196752 0 2506147.32726472 461425.870231173 0 117.979688326501 3307.60289438253 0 4763000.29196062 4778419.44381048 0 5247.23228284203 2447.49158059903 0 6306.41759621255 2971.99615563864 0 2469.0747777273 1595.91621984116 0 19.2614478123351 71.5954803506825 0 4222843.3485582 1749917.77195858 0 11.5645798575988 828.837320444645 162775.244862036
"228" 227 6054142.27956265 6557465.85783644 0.0117291826457451 6237.77145997976 7871.81087680062 0.0000058891351925694 7938.02347598665 6824.48080240501 0.0000408591503765965 3909.77275682924 8685.70283942456 0.0000909445605156503 10.9065929002547 199.969435065133 0.0000050404318914054 6092898.54401205 6592660.4015172 99.9760073499541 121.70213940892 11646.7694424866 9761.9308018619 0 2071424.42590043 262721.978848148 0 2805.46738619976 131.854533062618 0 3784.04469389908 140.814155854989 0 1953.91835391614 100.930362056296 0 25.7489394129099 7.89357714469884 0 2457850.19522572 461453.662412407 0 118.289863219779 3307.894904222 0 4826898.0634649 4778051.2331064 0 5214.1911768328 2398.00152157605 0 6255.13964909409 2912.31384857928 0 2448.99854840181 1563.86773899341 0 19.1092191406779 70.1567056859355 0 4286929.75829377 1750427.5951216 0 11.6565352048706 829.884483098754 162775.244862034
"229" 228 6053204.63105141 6542211.62306602 0.0117282971007254 6110.91481012427 7692.91054067471 0.00000576964785543888 7777.47508948597 6657.66999863292 0.0000368281667051199 3830.69668586622 8473.39818007827 0.0000819723710533314 10.6858757674556 195.109760381538 0.00000456809312689144 6094202.8362562 6580212.71724821 99.9760215893844 121.760230947773 11649.9884383458 9761.93080210301 0 2020420.51427995 262702.143523986 0 2694.59695509525 129.187038267288 0 3680.48744200109 137.984188980488 0 1900.44583138203 98.9019468055949 0 25.0200003483209 7.73484048974842 0 2409504.28426711 461480.896210747 0 118.591420322543 3308.18104361983 0 4890767.56277042 4777690.49360722 0 5180.66473523453 2349.48854452939 0 6205.36429266514 2853.79358932621 0 2429.51061008563 1532.44325994283 0 18.9613017947766 68.7459876082836 0 4351042.83109006 1750927.17694161 0 11.7477711620124 830.910595688598 162775.244862029
"230" 229 6052286.10197893 6526986.62438982 0.0117274295313317 5986.59151539391 7518.31560554613 0.00000565257713821264 7620.09590326842 6495.89000789093 0.0000332157783747558 3753.18156429638 8267.49637367936 0.0000739318938018758 10.4695211562981 190.396143135419 0.00000414688655502251 6095480.74237015 6567719.98975501 99.9760344294073 121.817146604664 11653.1294397774 9761.9308023217 0 1969463.61167132 262682.710835895 0 2586.4008015699 126.572261693213 0 3576.08915140648 135.209439186626 0 1846.53903254343 96.9131091094867 0 24.2867534533681 7.57920437892184 0 2361109.97832801 461507.582515453 0 118.884291328529 3308.46142717909 0 4954609.53605365 4777337.0767378 0 5146.62163098105 2301.93433815967 0 6156.87530144029 2796.41419651433 0 2410.5263066512 1501.63140862216 0 18.817020735253 67.3628127129508 0 4415182.15363528 1751416.71696316 0 11.8383067470993 831.916068968249 162775.244862028
"231" 230 6051386.30833715 6511790.21883645 0.0117265795797383 5864.75286054273 7347.87013198413 0.00000553786864312652 7465.82675931698 6338.91311150589 0.0000299778157015645 3677.19825458896 8067.70759646204 0.0000667248155938048 10.257447393879 185.821809904317 0.00000377107097546076 6096732.78343118 6555183.53994236 99.9760460162193 121.872909630098 11656.1947687103 9761.93080252041 0 1918552.65189291 262663.67276894 0 2480.92084865639 124.009213185303 0 3471.23506376739 132.488893324459 0 1792.39687966362 94.963122780399 0 23.5518650922904 7.426611842771 0 2312667.71487596 461533.732015433 0 119.168436997762 3308.73616739018 0 5018424.71316243 4776990.83673271 0 5112.05121852119 2255.32089493606 0 6109.46436151819 2740.15483946525 0 2391.96407949702 1471.42099927755 0 18.6757259270226 66.0066762770366 0 4479347.29723293 1751896.41107712 0 11.9281587307241 832.901306139809 162775.244862025
"232" 231 6050504.87361399 6496621.77750153 0.011725746894975 5745.3511951339 7181.43765272867 0.00000542547074488943 7314.60924334107 6186.52183903238 0.0000270752069763738 3602.7179855262 7873.75506785939 0.0000602641703667675 10.0495738084849 181.380309206407 0.00000343561964611926 6097959.47084516 6542604.63166711 99.9760564791497 121.927542842382 11659.1866424244 9761.93080270126 0 1867686.58996073 262645.021461736 0 2378.18647600077 121.496920650727 0 3366.2608320047 129.821553514198 0 1738.19268951225 93.0512725751253 0 22.8176291449332 7.27700675939974 0 2264177.99825454 461559.355202987 0 119.443854525866 3309.00537467295 0 5082213.80783145 4776651.63061919 0 5076.93874874927 2209.63053579336 0 6062.96252683139 2684.99498900845 0 2373.75778322952 1441.8010080602 0 18.5369009313891 64.6770809093405 0 4543537.79849285 1752366.45158997 0 12.0173395867256 833.866703005203 162775.244862021
"233" 232 6049641.42857875 6481480.68505426 0.011724931132728 5628.33969365785 7018.89155596583 0.0000053153337794103 7166.38593769132 6038.51248095475 0.0000244728744274817 3529.71247677333 7685.37952121514 0.0000544718817902012 9.84582112477616 177.065622542141 0.00000313605202237037 6099161.30642318 6529984.47375011 99.9760659343199 121.981068630306 11662.1071773795 9761.93080286618 0 1816864.40186244 262626.749202 0 2278.2104011738 119.034428476959 0 3261.46959873671 127.206438404657 0 1684.08299193337 91.1768550975481 0 22.0861031809375 7.1303339389192 0 2215641.37800622 461584.462377563 0 119.710566164477 3309.26915741443 0 5145977.5178212 4776319.31813606 0 5041.27842535705 2164.84588137187 0 6017.21653502051 2630.91444661986 0 2355.84741290609 1412.76058867338 0 18.4000801646061 63.3735373482343 0 4607753.1791735 1752827.02728777 0 12.1058595563386 834.812648095494 162775.244862028
"234" 233 6048795.61113456 6466366.33941153 0.0117241319552045 5513.67222579518 6860.1104122358 0.00000520740971168989 7021.10054791653 5894.69628423786 0.0000221391625650894 3458.15400121262 7502.34072539364 0.0000492774908706828 9.64611166080077 172.872201708425 0.00000286834915758417 6100338.7824697 6517324.22221636 99.9760744865374 122.033508956771 11664.9583934846 9761.93080301687 0 1766085.08438068 262608.848423507 0 2180.98414298612 116.620796686503 0 3157.14399334685 124.642583765305 0 1630.2137246165 89.3391792230005 0 21.3592021072327 6.98653916343117 0 2167058.43530731 461609.063648553 0 119.96861220755 3309.5276219974 0 5209716.52502889 4775993.76167852 0 5005.08224436034 2120.9498366487 0 5972.07411324429 2577.89335826911 0 2338.17335099809 1384.28907980819 0 18.264798121992 62.0955648408335 0 4671992.95772832 1753278.32348507 0 12.1937278365626 835.739522770553 162775.244862033
"235" 234 6047967.06626774 6451278.15161694 0.0117233490311013 5401.30357310737 6704.98381035932 0.00000510165233332738 6878.697625521 5754.89498087487 0.0000200459437741601 3388.01524839094 7324.41179384074 0.0000446183909811952 9.45036889621714 168.794821876786 0.00000262897283247878 6101492.38203078 6504624.98488027 99.9760822289433 122.0848853708 11667.7422233108 9761.93080315484 0 1715347.65493879 262591.311705401 0 2086.49195633649 114.255101895136 0 3053.52928434126 122.129040797617 0 1576.71153369679 87.537564887904 0 20.638566931807 6.84556907888773 0 2118429.79485909 461633.168938005 0 120.218057485466 3309.78087283092 0 5273431.49566967 4775674.82628552 0 4968.36082520546 2077.92560836297 0 5927.40890007595 2525.91217919994 0 2320.686124757 1356.37598623114 0 18.1306754966255 60.8426901765235 0 4736256.63352972 1753720.52207512 0 12.2809509111642 836.647701329158 162775.244862026
"236" 235 6047155.44590288 6436215.54550865 0.0117225820354787 5291.18940565949 6553.41067834364 0.00000499801701337082 6739.12256789974 5618.94023173628 0.0000181681580064139 3319.26932448793 7151.37847675527 0.0000404388033045987 9.25851747394895 164.828562069301 0.00000241479799036718 6102622.57906239 6491887.82463395 99.976089244537 122.135219015068 11670.4605184739 9761.93080328143 0 1664651.15130851 262574.131769356 0 1994.71413104322 111.93643693597 0 2950.83559146282 119.664875938694 0 1523.68491599586 85.7713429490129 0 19.925583090096 6.70737118482938 0 2069756.11851186 461656.787984144 0 120.458988133699 3310.02901238734 0 5337123.0805311 4775362.3795882 0 4931.12172541974 2035.75669818195 0 5883.11893622509 2474.95167115853 0 2303.34581530519 1329.01097729587 0 17.9974135178512 59.6144476147614 0 4800543.69040543 1754153.80159234 0 12.3675329111697 837.537551139219 162775.244862019
"237" 236 6046360.40870073 6421177.95728781 0.0117218306495715 5183.28606624578 6405.2925134303 0.00000489646032453212 6602.32183863286 5486.67603553319 0.0000164831556376436 3251.88986081917 6983.04222704224 0.0000366883141612067 9.07048354440707 160.968883633602 0.0000022230165779367 6103729.83851921 6479113.76109262 99.9760956083521 122.184530629236 11673.115052429 9761.93080339783 0 1613994.63136193 262557.301475344 0 1905.61616301918 109.663909580634 0 2849.25855528285 117.249171915455 0 1471.23489191226 84.0398559390178 0 19.2215404035814 6.57189390504982 0 2021038.08484994 461679.930344972 0 120.691501036087 3310.2721412387 0 5400791.91510811 4775056.29173287 0 4893.38643526274 1994.42687944799 0 5839.10078255536 2424.99292603908 0 2286.11192437902 1302.18389964041 0 17.8647047824468 58.4103795402084 0 4864853.61561131 1754578.33727563 0 12.4534775716654 838.40943276514 162775.244862014
"238" 237 6045581.62000609 6406164.8354018 0.011721094560749 5077.5506767212 6260.53619117867 0.0000047969401072098 6468.24282422136 5357.95636478505 0.0000149707009421123 3185.8509432732 6819.21719154461 0.000033321882742121 8.88619454242601 157.211552448789 0.00000205113984520992 6104814.6165144 6466303.77334729 99.9761013874438 122.232840557577 11675.7075259675 9761.93080350511 0 1563377.17291435 262540.813820758 0 1819.15659932279 107.436642951886 0 2748.97029734658 114.88102685923 0 1419.45033762835 82.3424574319189 0 18.5275626223681 6.43908653118529 0 1972276.39527849 461702.605400284 0 120.915707162425 3310.51035807899 0 5464438.61976288 4774756.43536504 0 4855.18001644717 1953.92020468195 0 5795.26285236597 2376.01734756237 0 2268.94859415436 1275.88476734887 0 17.7322793692651 57.2300359607304 0 4929185.89143548 1754994.3011053 0 12.5387873439359 839.26370004758 162775.244862016
"239" 238 6044818.7517587 6391175.64033422 0.0117203734624464 4973.94125466608 6119.05687720992 0.00000469941546108727 6336.83367174709 5232.64232778809 0.0000136128532243612 3121.12703235304 6659.72659900302 0.0000302995765316426 8.7055789357844 153.552545238638 0.00000189698245350049 6105877.36053464 6453458.80379924 99.9761066412815 122.280168759102 11678.2395748438 9761.93080360421 0 1512797.87338651 262524.661938847 0 1735.29796697626 105.253775876165 0 2650.10871051929 112.559553234893 0 1368.40245510451 80.6785112754708 0 17.8445249084785 6.30889915524467 0 1923471.77975162 461724.822354749 0 121.13173468853 3310.74375975767 0 5528063.80006665 4774462.68560104 0 4816.5175856622 1914.22101199533 0 5751.54128673101 2328.00662946127 0 2251.83082272468 1250.1037502374 0 17.5999593380825 56.0729739122166 0 4993539.98622854 1755401.86185906 0 12.6234624583225 840.100700223125 162775.244862024
"240" 239 6044071.4822725 6376209.84414752 0.0117196670539564 4872.4164898643 5980.77148287024 0.00000460384645782429 6208.04351529199 5110.60474776341 0.0000123934136247866 3057.69307469605 6504.40604260797 0.0000275853400035573 8.52856658017068 149.988135336012 0.00000175858310314413 6106918.50954606 6440579.75921277 99.9761114235796 122.326534811595 11680.7127711992 9761.93080369596 0 1462255.84950696 262508.83909407 0 1653.99336028792 103.114461610545 0 2552.80030755882 110.283878880929 0 1318.15657010181 79.0473923366594 0 17.1732296259193 6.18128273980438 0 1874624.97567108 461746.590241937 0 121.339718119917 3310.97244132047 0 5591668.04695943 4774174.91994349 0 4777.42365417993 1875.31390194096 0 5707.87143069117 2280.94277854353 0 2234.73329652222 1224.83118623852 0 17.467560661087 54.9387581048327 0 5057915.37469168 1755801.18518354 0 12.7075030155463 840.920774067937 162775.244862026
"241" 240 6043339.4961796 6361125.66592641 0.0117189750403829 4772.93577902511 5845.59878402305 0.00000451019414027841 6081.82241951071 4991.72310238251 0.0000112978685701665 2995.52447528139 6353.10213030501 0.0000251468687529512 8.35508863157661 146.514857835692 0.00000163419731769945 6107938.49409984 6427524.77461045 99.9761157824845 122.371957916534 11683.128626815 9761.93080378112 0 1412034.41811498 262493.338681047 0 1575.19127202311 101.017867914519 0 2457.15714489428 108.053146627071 0 1268.7705437533 77.4484862276427 0 16.5143821365553 6.05618909408437 0 1826020.55290886 461767.917925958 0 121.539799210542 3311.19649602714 0 5655109.02036828 4773893.01826217 0 4737.92727210748 1837.18373881852 0 5664.19276893636 2234.80810694263 0 2217.63232272555 1200.05757723999 0 17.3349103693268 53.8269607124271 0 5122170.4492448 1756192.43362409 0 12.7909086712715 841.724255960988 162775.244862018
"242" 241 6042622.48432213 6342125.4128964 0.0117182971325519 4675.45933053465 5713.19189126442 0.00000441842053358023 5958.1212267233 4875.87585254085 0.0000103133044319759 2934.59702211744 6205.66017596108 0.0000229554195421399 8.18507730947876 143.129197921129 0.00000152228687643557 6108937.73656408 6410456.87030989 99.9761197608557 122.41645690995 11685.4885993319 9761.93080386036 0 1369770.94569375 262478.154222572 0 1499.38922580087 98.9631773533437 0 2363.2880006051 105.866513281577 0 1220.30054439289 75.8811885798668 0 15.8686688951319 5.93357081030408 0 1785291.07693002 461788.81410491 0 121.732130666087 3311.41601538872 0 5714546.25829858 4773616.86275794 0 4697.77621632901 1799.81565619151 0 5620.45221475736 2189.58521141187 0 2200.50711694278 1175.77357796603 0 17.2018597302971 52.7371608098598 0 5182510.70049853 1756575.7666876 0 12.873677657751 842.511474017393 162775.244862022
"243" 242 6041920.14360452 6322173.17313348 0.0117176330468699 4579.9480589045 5583.2378054845 0.00000432848852822003 5836.89166903022 4762.92565719094 0.00000942813609846695 2874.88694146264 6061.90538187937 0.0000209852061546522 8.01846607345363 139.827123363865 0.00000142148153869221 6109916.65120955 6392370.92560536 99.9761233971639 122.460050265893 11687.7940841249 9761.93080393425 0 1329499.94116182 262463.279366433 0 1427.017452743 96.9495869107067 0 2271.35933416692 103.723150107644 0 1172.83252455312 74.3449053855408 0 15.2372074987914 5.81338129643757 0 1746484.6757017 461809.287313567 0 121.916874975233 3311.63108919507 0 5772980.39092344 4773346.33790489 0 4656.75348262364 1763.19504984428 0 5576.56229293722 2145.25698393943 0 2183.32343106895 1151.97000167747 0 17.0681449864177 51.6689446749195 0 5241894.17686915 1756951.34089072 0 12.9558074372308 843.282750185912 162775.244862023
"244" 243 6041232.17687599 6302203.93809553 0.0117169825052172 4486.36360231597 5455.70912547142 0.00000424036185992415 5718.08633042633 4652.73966667886 0.00000863199049315332 2816.3708791652 5921.66866668219 0.0000192131401299219 7.85518956533461 136.604737228057 0.0000013305636353731 6110875.64436624 6374213.07579882 99.9761267258759 122.502756103561 11690.0464111577 9761.93080400334 0 1289338.83024657 262448.707883023 0 1357.93545077266 94.976308066701 0 2181.52991943263 101.622242513384 0 1126.44846824061 72.8390527754252 0 14.6210621122172 5.69557475761988 0 1707722.23227965 461829.345926215 0 122.094207760133 3311.84180554502 0 5831358.24337118 4773081.33040693 0 4614.9290744213 1727.30757920047 0 5532.43889806045 2101.80660566357 0 2166.04833633635 1128.63781690424 0 16.9335128147796 50.6219056274187 0 5301254.89537682 1757319.30981125 0 13.0372942384664 844.038400356322 162775.244862024
"245" 244 6040558.29283237 6282257.06036551 0.0117163452348619 4394.66831953009 5330.63873418626 0.00000415400507064718 5601.65862420563 4545.20028615016 0.00000791559317789205 2759.02588953411 5784.80036419111 0.0000176185783636952 7.69518357536416 133.458621129276 0.00000124845286220267 6111815.11455839 6356024.37099078 99.976129777829 122.544592193414 11692.2468502999 9761.93080406808 0 1249206.72565069 262434.433663424 0 1291.8868704243 93.0425665419767 0 2093.91612486392 99.5629898213299 0 1081.20846313706 71.3630568536198 0 14.0209882665724 5.58010618266124 0 1668924.38059814 461848.998159199 0 122.264316093902 3312.04825087335 0 5889720.60757091 4772821.72916285 0 4572.43041782925 1692.13916267035 0 5488.02136686813 2059.21754242373 0 2148.65808199897 1105.76814505646 0 16.7977864578592 49.5956439136267 0 5360632.18741889 1757679.82413456 0 13.1181331565495 844.778734455902 162775.24486202
"246" 245 6039898.20590043 6262332.03541497 0.0117157209683598 4304.82526640096 5208.04399635836 0.00000406938345860422 5487.56278607615 4440.20386905809 0.00000727064023777494 2702.82943194795 5651.16856061938 0.0000161830379485958 7.53838503321733 130.385790742929 0.00000117418919216969 6112735.45265395 6337805.5356715 99.9761325806545 122.585575963862 11694.3966196938 9761.9308041289 0 1209102.95065733 262420.450717151 0 1228.65121583827 91.1476018497872 0 2008.5965917556 97.544605095268 0 1037.15311623361 69.916353573446 0 13.4374695077466 5.46693133459288 0 1630091.89794363 461868.252073909 0 122.427394390228 3312.25050998231 0 5948067.93659705 4772567.42522538 0 4529.36639071972 1657.67596950447 0 5443.26950440127 2017.47354153883 0 2131.13693101467 1083.3522586944 0 16.6608553142506 48.5897666270677 0 5420025.54709126 1758033.03170763 0 13.1983185817575 845.504056561552 162775.244862026
"247" 246 6039251.63613191 6242428.3698128 0.0117151094434597 4216.79815550611 5087.93015724954 0.00000398646303219907 5375.75389151773 4337.6585862574 0.00000668968566689345 2647.75937940426 5520.65638250942 0.0000148899455166338 7.38473203642711 127.383625951009 0.00000110691789466923 6113637.04198492 6319557.26817683 99.9761351591497 122.625724506601 11696.496892022 9761.93080418617 0 1169026.84378365 262406.75317004 0 1168.03307626205 89.2906668425471 0 1925.62286295151 95.5663151242159 0 994.309042043741 68.4983887259611 0 12.8707979935647 5.35600675110823 0 1591225.56256265 461887.115579343 0 122.583640223656 3312.44866606845 0 6006400.67154008 4772318.31176273 0 4485.83457485196 1623.90441154732 0 5398.15554847331 1976.55863179221 0 2113.47401399311 1061.38158152038 0 16.5226476231233 47.6038877166745 0 5479434.47443082 1758379.07758563 0 13.2778447390005 846.214664995717 162775.244862016
"248" 247 6038618.30912322 6222545.58102613 0.0117145104030365 4130.55139615528 4970.29319466916 0.00000390521050208459 5266.18778443164 4237.48216604499 0.00000616608617726099 2593.79398337678 5393.15912042089 0.0000137245143945487 7.23416374088335 124.449797464532 0.00000104588251871171 6114520.2584943 6301280.24324012 99.9761375354603 122.665054583378 11698.5487994559 9761.93080424022 0 1128977.75854871 262393.335262744 0 1109.86424813763 87.471027720048 0 1845.01721263575 93.6273598763692 0 952.687742000634 67.1086175485686 0 12.3210566877103 5.24728971081442 0 1552326.15507949 461905.596434547 0 122.733255180132 3312.64280074881 0 6064719.24174476 4772074.28403128 0 4441.91639342206 1590.81114338697 0 5352.67004941479 1936.45711229283 0 2095.66563122043 1039.84768239743 0 16.3831508776773 46.6376276888161 0 5538858.4718378 1758718.10407647 0 13.3567053110957 846.910852420031 162775.244862019
"249" 248 6037997.95588682 6201777.21265254 0.0117139235949739 4046.05002905111 4855.11560879744 0.00000382559323079382 5158.82112144577 4139.6005024993 0.00000569387991146626 2540.91189563747 5268.58245772638 0.0000126734746416507 7.08662043176836 121.582222083275 0.000000990408878553227 6115385.47086379 6282057.40891587 99.9761397294806 122.703582631556 11700.5534383583 9761.93080429134 0 1090775.91719081 262380.191348111 0 1054.00429967994 85.6879634938084 0 1766.78561745653 91.7269926010405 0 912.292302189034 65.7465047980837 0 11.7882176499424 5.14073824166367 0 1515220.97496647 461923.702251558 0 122.876439915486 3312.83299409163 0 6122109.19552964 4771835.23932784 0 4397.68057420603 1558.38305261361 0 5306.81013851278 1897.15355492436 0 2077.71065954444 1018.74227666438 0 16.2423718876352 45.6906136867613 0 5597388.23099993 1759050.25079426 0 13.4348942071272 847.592905944777 162775.244862018
"250" 249 6037390.31276475 6152309.9680053 0.011713348772087 3963.25975258912 4740.70376040187 0.00000374757923151305 5053.61132603546 4043.90309867833 0.00000526773784123204 2489.09214565925 5146.78576195424 0.0000117249648724197 6.9420434536043 118.777637307317 0.000000939898916387146 6116233.04064255 6233710.40458797 99.9761417590142 122.741324769995 11702.5118668939 9761.93080433981 0 1110315.58190024 262367.315889445 0 1003.6867920254 83.940766118582 0 1691.0476840791 89.8644794500181 0 873.184482360042 64.4115244793372 0 11.273096297677 5.03631109788583 0 1535999.55263881 461941.440497665 0 123.013397567742 3313.01932464039 0 6150488.89514568 4771601.07695807 0 4351.49967226513 1526.60726221144 0 5260.51107357307 1858.63279665041 0 2059.58375124333 998.057222003955 0 16.1001122583702 44.7624792873909 0 5627113.50313004 1759375.6547005 0 13.5124050419308 848.261107215009 162775.244862019
"251" 250 6036795.12125632 6086767.17802839 0.0117127856919386 3882.1469595262 4625.06798863414 0.00000367113722248752 4950.51659233865 3950.13106993461 0.00000488288823234899 2438.31414249516 5027.43954355314 0.0000108683641300671 6.80037521785839 116.028038732777 0.000000893820969639096 6117063.3223771 6169013.57602763 99.9761436400236 122.778296804835 11704.4250516205 9761.93080438585 0 1162216.66759722 262354.703456397 0 962.743294709491 82.2287420153304 0 1618.3790984639 88.0390994213017 0 835.661542048164 63.1031598048481 0 10.7798573681003 4.93396775773439 0 1589247.08097939 461958.818498058 0 123.144360649484 3313.20186944178 0 6162614.43554694 4771371.69816174 0 4301.44611642835 1495.47115825672 0 5213.45721769058 1820.87993856313 0 2041.16132884872 977.784517931798 0 15.9553494212924 43.8528644839157 0 5640675.65273378 1759694.45015244 0 13.5892285350697 848.915732510392 162775.244862017
"252" 251 6036212.12784867 6021186.8669294 0.0117122341166569 3802.67878631894 4508.12909088525 0.0000035962366855311 4849.49588107131 3857.98132195902 0.00000453506000675157 2388.55767276647 4910.15804612966 0.0000100941658214793 6.66155919757141 113.324043174833 0.000000851702584375496 6117876.66373755 6104215.20927058 99.9761453868167 122.814514235174 11706.2938105474 9761.93080442968 0 1214246.41360687 262342.348720874 0 931.169845451049 80.5512135829323 0 1549.49441371763 86.2501444077442 0 800.092445825153 61.8209032296873 0 10.3136598398944 4.83366842713744 0 1642624.16840766 461975.843438303 0 123.269620571296 3313.38070407179 0 6174679.90654723 4771147.00603831 0 4247.51947615004 1464.96241741089 0 5165.25642657274 1783.88034704838 0 2022.28986088772 957.916306422216 0 15.8068158502218 42.961415720359 0 5654166.67101111 1760006.76894819 0 13.6653495674616 849.557052838595 162775.244862022
"253" 252 6035641.08391871 5955636.1946187 0.0117116938128499 3724.8230809774 4390.62997598627 0.00000352284781927187 4750.50892066149 3767.21848530052 0.00000422042921427596 2339.80290122133 4794.6417085643 0.00000939385857371102 6.52553992996651 110.658465764276 0.000000813123766989146 6118673.40564605 6039384.61719745 99.9761470122238 122.849992258829 11708.1188250831 9761.93080447148 0 1266268.61520479 262330.246455128 0 907.314378284175 78.9075183321794 0 1484.90700004255 84.4969193004484 0 766.74227604117 60.564256525589 0 9.87815791180967 4.73537404666891 0 1695994.5407311 461992.5223669 0 123.389521846093 3313.55590266283 0 6186753.71859751 4770926.90551217 0 4190.54725710725 1435.06899117096 0 5115.62658552754 1747.61965607473 0 2002.85889443525 938.444873137314 0 15.6536123075604 42.0877859554261 0 5667654.38775846 1760312.74037339 0 13.7407477585451 850.185334032259 162775.24486202
"254" 253 6035081.74567307 5890114.44956419 0.0117111645515686 3648.54834918076 4273.18241985599 0.00000345094146232202 4653.51619903565 3677.67982017118 0.00000393557299848152 2292.0303666892 4680.6834074906 0.0000087598237708137 6.39226300481746 108.026456438919 0.000000777711229443709 6119453.88240304 5974522.27369393 99.9761485277496 122.884745778015 11709.9006789667 9761.93080451142 0 1318283.4886931 262318.391530931 0 889.792387407817 77.2970073107249 0 1424.91378462225 82.7787419112367 0 735.764353156393 59.3327307253799 0 9.47540296319054 4.63904628732229 0 1749358.91347613 462008.8621978 0 123.504442708375 3313.72753793032 0 6198835.74476227 4770711.3033177 0 4131.22227002788 1405.77907722455 0 5064.4041551457 1712.0837657193 0 1982.80440090065 919.362646635398 0 15.4952324908126 41.2316346265683 0 5681138.46519863 1760612.49124718 0 13.8153993727529 850.800836844287 162775.244862021
"255" 254 6034533.87408631 5824620.93629507 0.0117106461082665 3573.82370806931 4156.28794953545 0.00000338048902999743 4558.47895306354 3589.25908272075 0.00000367742784264166 2245.22097688204 4568.14792346277 0.00000818524261749272 6.26167504942645 105.424966539246 0.000000745133204129371 6120218.42181103 5909628.61669599 99.9761499437107 122.918789404907 11711.6398919057 9761.93080454966 0 1370291.24545064 262306.778918668 0 877.44474042864 75.7190438113359 0 1369.64417582865 81.0949428039787 0 707.225498102776 58.125846002081 0 9.10621558463641 4.54464754076814 0 1802718.03695124 462024.869712871 0 123.614778348977 3313.89568119897 0 6210925.85906095 4770500.10798266 0 4070.12375775455 1377.08109595732 0 5011.51735221093 1677.25883879655 0 1962.09827587663 900.662196560672 0 15.3314717957637 40.3926275648592 0 5694618.55018701 1760906.14596735 0 13.889278974214 851.403817041633 162775.244862021
"256" 255 6033997.23482906 5759154.97491335 0.0117101382627468 3500.61884742213 4040.35624424348 0.00000331146246602821 4465.35915680387 3501.89293560469 0.00000344324952157941 2199.35600260489 4456.95464531506 0.00000766400699964449 6.13372371215189 102.852302125866 0.000000715094510526986 6120967.34530273 5844704.06158249 99.9761512693681 122.95213746738 11713.3369462796 9761.93080458633 0 1422292.09228796 262295.403686145 0 869.299948324364 74.1730024033397 0 1319.10191039577 79.4448650316251 0 681.127640369484 56.9431314804231 0 8.77050203741693 4.45214090400744 0 1856072.66986372 462040.551564501 0 123.720927459685 3314.06040243014 0 6223023.93646024 4770293.22980666 0 4007.73658670625 1348.96367283824 0 4956.96284908383 1643.13129553196 0 1940.7392165331 882.336230783104 0 15.1623484694167 39.5704368599898 0 5708094.28752849 1761193.82655776 0 13.9623607764194 851.994525503522 162775.244862021
"257" 256 6033471.59820441 5693715.90071794 0.0117096407991131 3428.90400974891 3925.71899128123 0.00000324383421255021 4374.11950187463 3415.55117494586 0.00000323058295745401 2154.4170680875 4347.06513174927 0.00000719065238917183 6.00835763357602 100.307804462806 0.000000687332876401568 6121700.96805404 5779749.01020819 99.9761525130263 122.984804014099 11714.9923050259 9761.93080462155 0 1474286.23167741 262284.260997503 0 864.547006311277 72.6582683395047 0 1273.19371482658 77.8278638292082 0 657.422617523837 55.7841250168012 0 8.46746965321456 4.36149016115945 0 1909423.56258085 462055.914277801 0 123.823283770692 3314.22177024529 0 6235129.85288698 4770090.58084123 0 3944.46447939762 1321.41562763272 0 4900.79054603289 1609.68780729717 0 1918.74675971368 864.377592034292 0 14.9880524458435 38.7647406994395 0 5721565.32797202 1761475.65270874 0 14.0346194445839 852.573208305308 162775.244862021
"258" 257 6032956.73906592 5628303.06379609 0.0117091535057025 3358.64996472125 3812.64343334404 0.00000317757718349737 4284.72338373426 3330.22759460598 0.00000303722823251335 2110.38614422732 4238.47148404398 0.00000676028219494907 5.88552642744272 97.7915533754332 0.000000661614813380751 6122419.59911195 5714763.85880923 99.9761536821455 123.016802820229 11716.6064270842 9761.93080465542 0 1526273.86195592 262273.346111703 0 862.507190703778 71.1742370454631 0 1231.75795660155 76.243306274228 0 636.02696946639 54.6483729558515 0 8.19584105160715 4.27265976366073 0 1962771.44147849 462070.9642532 0 123.922228200588 3314.37985195335 0 6247243.48524973 4769892.07486246 0 3880.64459264638 1294.42596511698 0 4843.08731809322 1576.91528968138 0 1896.15491854147 846.779254186907 0 14.80889093203 37.9752231936528 0 5735031.33628092 1761751.74182448 0 14.1060309024825 853.140106816317 162775.244862023
"259" 258 6032452.43675207 5562915.82871933 0.0117086761750312 3289.82799714442 3701.34203486102 0.00000311266474839323 4197.13488395553 3245.93374131208 0.00000286121681012242 2067.24553985869 4131.18839803356 0.00000636851483543378 5.7651806548908 95.3041653523369 0.000000637732758090582 6123123.54149873 5649749.00302593 99.9761547834202 123.048147392118 11718.1797771408 9761.93080468805 0 1578255.17744827 262262.654381314 0 862.615041425883 69.7203138121762 0 1194.5829194092 74.6905709895772 0 616.831374975988 53.5354299175196 0 7.95398988322491 4.18561481280189 0 2016116.99999215 462085.707768478 0 124.01812441985 3314.53471357212 0 6259364.71146874 4769697.6273488 0 3816.55683301274 1267.98386948498 0 4783.96731021058 1544.80089641391 0 1873.00838279513 829.534318991185 0 14.6252562008439 37.2015742216352 0 5748491.99542378 1762022.20906024 0 14.1765727454387 853.69545777688 162775.244862023
"260" 259 6031958.47500613 5497553.57421216 0.0117082086037258 3222.40989827699 3591.98223173937 0.00000304907071998754 4111.31874787869 3162.69306742455 0.00000270078642783006 2024.97789074622 4025.2457221767 0.00000601142785549272 5.64727179207255 92.8466062427341 0.000000615502081890688 6123813.09233401 5584704.84195308 99.976155822862 123.078850972767 11719.71283333 9761.93080471952 0 1630230.36856294 262252.181250975 0 864.399508552987 68.2959135734186 0 1161.42361644971 73.1690477753536 0 599.70933337852 52.4448585331569 0 7.74006455365777 4.10032103812904 0 2069460.8917592 462100.150981148 0 124.111315520348 3314.68641985353 0 6271493.41052109 4769507.15545318 0 3752.43294077261 1242.07870030168 0 4723.56315733506 1513.33201181957 0 1849.35908141926 812.636012023619 0 14.437596729203 36.4434892398313 0 5761947.00969134 1762287.16736597 0 14.2462245415999 854.239493388378 162775.24486202
"261" 260 6031474.64189024 5432215.69285893 0.0117077505924458 3156.36794119443 3484.69282202361 0.00000298676934562526 4027.24038706217 3080.53748158189 0.00000255435547194178 1983.56616079182 3920.68406746786 0.00000568550088916074 5.53175223625562 90.4200833372863 0.000000594758035194824 6124488.54294173 5519631.7799866 99.9761568058837 123.108926546552 11721.206090399 9761.93080474991 0 1682199.62185194 262241.922255661 0 867.467382416226 66.9004607688314 0 1132.01623564849 71.6781373768199 0 584.524623435547 51.3762292792027 0 7.55209398149887 4.01674478460508 0 2122803.72512187 462114.299930718 0 124.202121393611 3314.83503430727 0 6283629.46245774 4769320.57797146 0 3688.46661247649 1216.69999001243 0 4662.0159066564 1482.49624609157 0 1825.26223690005 796.077680148534 0 14.2463838862298 35.7006691688799 0 5775396.10861307 1762546.72752766 0 14.3149682155426 854.772441398128 162775.244862026
"262" 261 6031000.72973946 5366901.59086877 0.0117073019458481 3091.67490093535 3379.5717621322 0.00000292573529850262 3944.86583170267 2999.50265009281 0.00000242051370766254 1942.99361859982 3817.54882739085 0.00000538759502673275 5.4185752332676 88.0258928670318 0.00000057535469968039 6125150.17894702 5454530.23008705 99.9761577373302 123.138386843676 11722.6600662187 9761.9308047793 0 1734163.12006691 262231.873019877 0 871.494596432265 65.5333891602061 0 1106.08441775484 70.2172511355871 0 571.134545085127 50.3291202271659 0 7.38803301647625 3.93485299133147 0 2176146.06220326 462128.160540287 0 124.290838322224 3314.98061921779 0 6295772.74848201 4769137.81532768 0 3624.81445160715 1191.83744060177 0 4599.47577750543 1452.28142810302 0 1800.77666278025 779.852787658016 0 14.0521151721554 34.9728202047897 0 5788839.04486778 1762800.99819652 0 14.3827878278798 855.294525160351 162775.244862032
"263" 262 6030536.53504011 5301610.68775768 0.0117068624724712 3028.30401679574 3276.68984934319 0.00000286594367809919 3864.16175158687 2919.62726651264 0.00000229799184882493 1903.24384779652 3715.88924828882 0.00000511488508286838 5.30769491345782 85.6654047350673 0.000000557161392121602 6125798.28040426 5389400.61209456 99.9761586215791 123.167244345738 11724.0752975799 9761.93080480774 0 1786121.04215342 262222.02925508 0 876.210546982551 64.194141903857 0 1083.35075219312 68.785810760915 0 559.39585540621 49.3031168797011 0 7.24584427449438 3.85461317979938 0 2229488.41708029 462141.738619417 0 124.377738306584 3315.12323567433 0 6307923.15095029 4768958.78952736 0 3561.60789265046 1167.48092490973 0 4536.0908687506 1422.6756007624 0 1775.96034240384 763.95491377784 0 13.8552770470235 34.2596537155335 0 5802275.59810931 1763050.08594166 0 14.4496699468031 855.805963743541 162775.244862038
"264" 263 6030081.85838649 5236342.41615984 0.0117064319846997 2966.22900240976 3176.0953913214 0.00000280737000327157 3785.0954263239 2840.9503993581 0.00000218565475940366 1864.30073236849 3615.7550537285 0.00000486484446447913 5.1990662464845 83.3399766596736 0.000000540061910237997 6126433.12187468 5324243.35435855 99.9761594625624 123.195511289286 11725.4523434362 9761.9308048353 0 1838073.56328554 262212.38675887 0 881.392847091986 62.8821714033648 0 1063.53987761263 67.3832481216316 0 549.166369609607 48.2978120214645 0 7.1235200840006 3.77599344139255 0 2282831.25627165 462155.039865453 0 124.46306935253 3315.26294358487 0 6320080.55342503 4768783.4241426 0 3498.95380143741 1143.62048395368 0 4472.0080662846 1393.66701672899 0 1750.87078421316 748.377750366737 0 13.6563485060069 33.5608861301879 0 5815705.57304723 1763294.09527417 0 14.5156034485068 856.306971980614 162775.244862037
"265" 264 6029636.50442 5171096.22155755 0.0117060102987123 2905.42405505212 3077.82105204413 0.00000274999020191005 3707.63470933309 2763.50755326268 0.00000208249081003053 1826.14843892525 3517.19143142522 0.00000463522148039053 5.09264498705973 81.0508267080614 0.000000523953325895746 6127054.97253184 5259058.89623623 99.9761602638022 123.223199670592 11726.7917898638 9761.93080486202 0 1890020.85491617 262202.941413837 0 886.858666637676 61.5969390935582 0 1046.38458788762 66.0090049541833 0 540.308113914454 47.312805509855 0 7.01912680094727 3.69896241993999 0 2336174.99804444 462168.069865385 0 124.547055150195 3315.39980169594 0 6332244.84075123 4768611.64429121 0 3436.9363106976 1120.2463229997 0 4407.37277320407 1365.24413240444 0 1725.56491610953 733.115098689968 0 13.4558007325826 32.8762387842027 0 5829128.79791055 1763533.1286813 0 14.5805793585175 856.79776053977 162775.244862035
"266" 265 6029200.28169168 5105871.56203551 0.0117055972343469 2845.86381482117 2981.88161059992 0.00000269378062601012 3631.74806557491 2687.33472957999 0.00000198758598626103 1788.77143528316 3420.24420128362 0.00000442398171135519 4.9883877374773 78.7991771913001 0.000000508742981119326 6127664.09628346 5193847.68122176 99.9761610284959 123.25032125089 11728.0942353533 9761.93080488795 0 1941963.08467544 262193.689184525 0 892.457148086699 60.3379158243301 0 1031.62729075577 64.662532711282 0 532.688078726546 46.3477041665304 0 6.93081015897551 3.62348930523086 0 2389520.01787977 462180.834098741 0 124.629898136979 3315.53386762252 0 6344415.89902046 4768443.3765815 0 3375.62658179016 1097.34881854297 0 4342.32071919624 1337.39560487525 0 1700.09587868224 718.160867777451 0 13.2540704356455 32.2054378626123 0 5842545.12614605 1763767.28667934 0 14.6445910090379 857.278536031821 162775.244862033
"267" 266 6028773.00263182 5040667.90810204 0.0117051926150762 2787.52337718649 2888.27818023969 0.00000263871804004817 3557.40453910435 2612.46565361363 0.00000190012209947645 1752.15447448423 3324.95628641734 0.00000422930402786693 4.88625189764457 76.586162443533 0.000000494348329115967 6128260.75183775 5128610.15929499 99.9761617595219 123.27688755944 11729.3602957046 9761.93080491315 0 1993900.41643029 262184.626116902 0 898.066513378363 59.1045815978574 0 1019.02168714261 63.3432924249502 0 526.179085769447 45.4021216792423 0 6.85680783524088 3.54954382454079 0 2442866.64874715 462193.337938608 0 124.711779593152 3315.66519785908 0 6356593.61562484 4768278.54910258 0 3315.08149894788 1074.91851352863 0 4276.98061564744 1310.11028908512 0 1674.51406473079 703.509072905396 0 13.0515690721976 31.5482143247669 0 5855954.43396633 1763996.66783246 0 14.7076337922765 857.749501049636 162775.244862038
"268" 267 6028354.48351954 4975484.74242537 0.0117047962679888 2730.37831417523 2797.00708897119 0.00000258477959975097 3484.57369903677 2538.92560445358 0.00000181937370482001 1716.28256818229 3231.35986021365 0.00000404957373008324 4.78619558176972 74.4126240129022 0.000000480696616200258 6128845.1927934 5063346.79252103 99.9761624594501 123.302909897708 11730.5906155873 9761.93080493763 0 2045833.01039254 262175.748337926 0 903.586671026756 57.8964250944011 0 1008.33941047544 62.0507544416655 0 520.663216341356 44.4756784119988 0 6.79549983271663 3.47709622599365 0 2496215.17827294 462205.586653001 0 124.792858106845 3315.79384779426 0 6368777.87936208 4768117.09141651 0 3255.34221442847 1052.94610872766 0 4211.47693878382 1283.37723236574 0 1648.86820891409 689.153832659392 0 12.8486924989325 30.9043037565415 0 5869356.61781746 1764221.3687777 0 14.7697049086689 858.210854220688 162775.244862047
"269" 268 6027944.54431671 4910321.55958905 0.0117044080236225 2674.40462986553 2708.05328550555 0.00000253194287760306 3413.22568852087 2466.73914594092 0.00000174468437866077 1681.14101076401 3139.48618574299 0.00000388332974605139 4.68817769920387 72.2793765482398 0.000000467722181604733 6129417.6677769 4998058.0440755 99.9761631306197 123.328399345233 11731.7858455316 9761.93080496145 0 2097761.02295772 262167.05205181 0 908.937052968151 56.7129442803887 0 999.364408652287 60.7843982931416 0 516.028910404919 43.5680013124439 0 6.74536004770289 3.40611727399442 0 2549565.85962618 462217.585408181 0 124.873275383849 3315.91987174522 0 6380968.58036773 4767958.93449038 0 3196.44284777528 1031.42247379594 0 4145.92344156729 1257.18567183086 0 1623.20284754215 675.089367535082 0 12.6457999856179 30.2734463305089 0 5882751.5947968 1764441.48428573 0 14.8308034003838 858.662790330344 162775.244862055
"270" 269 6027543.008629 4845177.86597635 0.0117040277159273 2619.57875712643 2621.39063299912 0.00000248018586111613 3343.33122068394 2395.93039694411 0.00000167546293026763 1646.71537735179 3049.36595974705 0.00000372925619962795 4.59215794896548 70.187217630665 0.000000455366048225623 6129978.42049093 4932744.37744407 99.9761637751523 123.353366761783 11732.9466402683 9761.93080498464 0 2149684.60671225 262158.5335392 0 914.055657824353 55.5536463731974 0 991.892339615237 59.5437126448726 0 512.170654487181 42.6787238749766 0 6.70495096688288 3.33657824656017 0 2602918.91338908 462229.339269589 0 124.953157211193 3316.0433229675 0 6393165.61012098 4767804.01068134 0 3138.41114245033 1010.33864663375 0 4080.42335910434 1231.52503332272 0 1597.55839899732 661.309999372397 0 12.4432151119286 29.6553867823325 0 5896139.30170383 1764657.10727812 0 14.8909300556522 859.105500357157 162775.244862056
"271" 270 6027149.70369164 4780053.17945105 0.0117036551822656 2565.8775860673 2536.99337312525 0.00000242948691616563 3274.86150625275 2326.51420964481 0.00000161118543243228 1612.99148815434 2961.01808500249 0.0000035861869302525 4.49809670691143 68.1366315624328 0.000000443576207700297 6130527.6898082 4867406.26560396 99.9761643949445 123.377822791812 11734.0736778426 9761.93080500721 0 2201603.91063104 262150.189157181 0 918.891519220808 54.4180470116864 0 985.738989019228 58.3281950690874 0 508.993328202688 41.8074859780131 0 6.67298940037912 3.26845092029985 0 2656274.52206419 462240.853203068 0 125.032610453221 3316.1642536684 0 6405368.86157318 4767652.25373672 0 3081.26456056747 989.685818300461 0 4015.07458113473 1206.38492671039 0 1571.97318885567 647.810148830855 0 12.2412432778339 29.0498742771869 0 5909519.69160218 1764868.32884958 0 14.9500870711871 859.539171520653 162775.244862054
"272" 271 6026764.46024668 4714947.02916946 0.0117032902632898 2513.27843694543 2454.83130298548 0.00000237982480598279 3207.78828259708 2258.50181558607 0.00000155138093167122 1579.9554227717 2874.45685620045 0.00000345307368662303 4.40595507452596 66.1279829188765 0.000000432306016165065 6131065.70987786 4802044.18302627 99.9761649917156 123.401777869022 11735.1676429518 9761.93080502921 0 2253519.07996089 262142.015336519 0 923.404501916845 53.3056707016954 0 980.734923124839 57.1373519040247 0 506.409443236684 40.9539337831201 0 6.64830230004311 3.20170756409927 0 2709632.83854264 462252.13207739 0 125.111727502015 3316.28271503319 0 6417578.22910324 4767503.59874386 0 3025.0152824464 969.455341116752 0 3949.96625146896 1181.75514301939 0 1546.48211850628 634.584333848201 0 12.0401607171938 28.4566623540835 0 5922892.7336076 1765075.23831436 0 15.0082780304844 859.963987375623 162775.244862045
"273" 272 6026387.1124542 4649858.95540454 0.0117029328028531 2461.75904265231 2374.86603550493 0.00000233117869887125 3142.08382886073 2191.90471115124 0.00000149562371897358 1547.59352764782 2789.69690510157 0.00000332896892287668 4.31569490451357 64.161647843242 0.000000421513354881996 6131592.71020932 4736658.60063988 99.9761655670328 123.425242220022 11736.2292165402 9761.93080505066 0 2305430.2561845 262134.008579687 0 927.566652655839 52.2160509970114 0 976.720559051407 55.9706982131236 0 504.336597835299 40.1177197057639 0 6.62978767875333 3.13632093807373 0 2762993.99230047 462263.18066611 0 125.190589487875 3316.39875724448 0 6429793.60848045 4767357.98209418 0 2969.67256978749 949.638731955753 0 3885.17778495825 1157.6256536094 0 1521.11628027741 621.627169198833 0 11.8402114679802 27.8755089168003 0 5936258.41193298 1765277.92324019 0 15.0655078094644 860.380127881173 162775.244862045
"274" 273 6026017.49788215 4584788.50931956 0.0117025826480103 2411.29756432687 2297.05920138024 0.000002283528140765 3077.7209191061 2126.72826787524 0.00000144353441114349 1515.89239299255 2706.74506820485 0.00000321302820544842 4.22727872776291 62.2377995523965 0.000000411160778448061 6132108.91573663 4671249.99257835 99.9761661223078 123.448225867371 11737.2590898201 9761.93080507157 0 2357337.5771667 262126.165460862 0 931.356350139758 51.1487298810409 0 973.552971397574 54.8277576353921 0 502.700991452415 39.2985023080609 0 6.61646763521898 3.07226428366733 0 2816358.08473068 462274.003648433 0 125.269263755681 3316.51242949168 0 6442014.89694974 4767215.34148324 0 2915.24042006996 930.227660997717 0 3820.7818547502 1133.98660707637 0 1495.90412700033 608.933364830326 0 11.6416174551878 27.306176145842 0 5949616.72398207 1765476.46946421 0 15.1217823907631 860.787769434973 162775.244862035
"275" 274 6025655.45742585 4519735.25274416 0.0117022396489414 2361.87258409814 2221.37297509873 0.00000223685305382544 3014.67281569367 2062.97237500048 0.00000139477367676422 1484.83884952076 2625.60120454606 0.00000310449624828165 4.14066974517145 60.3564316348318 0.000000401214838698008 6132614.54691626 4605818.83439787 99.9761666588173 123.470738633923 11738.2579606135 9761.93080509197 0 2409241.17715688 262118.482624227 0 934.756581548374 50.1032577417897 0 971.104852037602 53.7080622233573 0 501.436887633097 38.4959461826254 0 6.60747935965632 3.00951131471257 0 2869725.19244887 462284.605611215 0 125.34780553253 3316.62377999202 0 6454241.99324002 4767075.61587969 0 2861.71875468947 911.213951274985 0 3756.84445012568 1110.8283259186 0 1470.87149465347 596.497724073116 0 11.4445788814998 26.7484304191693 0 5962967.67907209 1765670.96112961 0 15.1771087407842 861.187084948463 162775.244862031
"276" 275 6025300.83519489 4454698.75797511 0.0117019036588373 2313.46308147155 2147.7634325629 0.0000021911337510281 2952.91329480852 2000.63768144142 0.00000134903426880161 1454.41998102509 2546.26614001635 0.00000300268917894553 4.05583187004604 58.5175678559462 0.000000391645229927074 6133109.81982559 4540365.59553831 99.9761671777296 123.492790147085 11739.2265178062 9761.93080511188 0 2461141.18673455 262110.956781406 0 937.758695205243 49.0791937063655 0 969.256497137984 52.6111523974976 0 500.482476452717 37.709721919909 0 6.60201257958461 2.94803621651929 0 2923095.3758037 462294.991051235 0 125.426262320734 3316.73285601428 0 6466474.79749502 4766938.74547879 0 2809.10627868676 892.58958475549 0 3693.42339893267 1088.14130561662 0 1446.04102386897 584.315143146453 0 11.2492694332115 26.2020423043439 0 5976311.29770425 1765861.48072738 0 15.2314947421652 861.578243931915 162775.24486203
"277" 276 6024953.47849829 4389678.60759694 0.0117015745338929 2266.04844055865 2076.1861218906 0.00000214635091588002 2892.4166161977 1939.72125975877 0.00000130604123250809 1424.62310947051 2468.73614878388 0.00000290699500138897 3.97272968108055 56.7211165818585 0.000000382424828444893 6133594.94621576 4474890.74392244 99.9761676801037 123.514389841287 11740.1654509009 9761.93080513133 0 2513037.73291894 262103.584711306 0 940.358205006497 48.0761051852592 0 967.90060728246 51.5365768440709 0 499.782353095594 36.9395060349671 0 6.59934690608446 2.88781363923563 0 2976468.67564863 462305.164375999 0 125.504672153545 3316.8397038874 0 6478713.21132596 4766804.6716994 0 2757.39910011796 874.346694054734 0 3630.5702021035 1065.91621251944 0 1421.43287817883 572.380610023329 0 11.0558424785902 25.6667864995094 0 5989647.61033276 1766048.10911091 0 15.2849490742306 861.961412525334 162775.244862028
"278" 277 6024613.23779358 4324674.39426084 0.0117012521332625 2219.60845130223 2006.60000914264 0.00000210248558923396 2833.15749999602 1880.21410738621 0.0000012655492712096 1395.43578358013 2392.999773037 0.00000281686773269234 3.89132838754776 54.9667879303661 0.000000373529421933788 6134070.133596 4409394.74798887 99.9761681668978 123.535546961805 11741.0754542796 9761.93080515031 0 2564930.93923203 262096.363259124 0 942.551253289318 47.0935675787882 0 966.944858411947 50.483892346092 0 499.288845378087 36.1849808463101 0 6.59887140818852 2.82881868775634 0 3029845.11289828 462315.129905296 0 125.58306328757 3316.94436901705 0 6490957.13784916 4766673.33716601 0 2706.59031537065 856.477557096949 0 3568.33128749424 1044.1438803561 0 1397.06523491538 560.689202557235 0 10.8644353644936 25.1424417437729 0 6002976.65599303 1766230.92552461 0 15.3374810814693 862.336753557855 162775.244862031
"279" 278 6024279.9665652 4259685.7204611 0.011700936318937 2174.12328571897 1938.95975358093 0.00000205951918545909 2775.11115250925 1822.1081004894 0.00000122733616074408 1366.84579153441 2319.04667335014 0.00000273181274488198 3.81159387227608 53.2543266863514 0.000000364937017182514 6134535.5853404 4343878.06861989 99.9761686389918 123.556270569381 11741.95721058 9761.93080516886 0 2616820.92565825 262089.289333597 0 944.339693277718 46.131164644811 0 966.302759860084 49.4526637170657 0 498.957293230321 35.4458344284057 0 6.60001390222844 2.77102691958142 0 3083224.69741486 462324.891873678 0 125.661458768149 3317.04689591146 0 6503206.48160226 4766544.68565868 0 2656.67262373943 838.974603802629 0 3506.74658945446 1022.81530888362 0 1372.95372908753 549.236087756129 0 10.6751646810279 24.628790798369 0 6016298.48175221 1766410.00764937 0 15.3891007280175 862.704426640456 162775.244862039
"280" 279 6023953.52130082 4194712.19838233 0.0117006269557255 2129.57349902494 1873.21881809127 0.00000201743347899372 2718.25324864621 1765.39362418039 0.0000011912022698378 1338.84115231828 2246.86461259323 0.00000265138569738091 3.73349266466117 51.5834326229824 0.000000356627799981619 6134991.50073679 4278341.16164414 99.9761690971881 123.576569542473 11742.8113959009 9761.93080518698 0 2668707.80872288 262082.35990658 0 945.728629241842 45.1884881972967 0 965.896230042357 48.4424637269691 0 498.747378671554 34.7217605586258 0 6.60226103882178 2.71441434023961 0 3136607.42646479 462334.454431302 0 125.739875578491 3317.14732819045 0 6515461.14856915 4766418.6621054 0 2607.63766541593 821.830410606495 0 3445.85060191124 1001.92166235744 0 1349.1118656819 538.016520961099 0 10.4881298231941 24.1256204059949 0 6029613.14187739 1766585.43161801 0 15.439818517675 863.064588198199 162775.244862032
"281" 280 6023633.76146039 4129753.44969624 0.0117003239112323 2085.94003393273 1809.33546032205 0.00000197621058413804 2662.55990171773 1710.05520305975 0.00000115696962162944 1311.41010084604 2176.43389480332 0.00000257519044814294 3.65699189437434 49.9536146968717 0.000000348584046324484 6135438.07505844 4212784.48211618 99.976169542215 123.596452580541 11743.6386887126 9761.9308052047 0 2720591.70158343 262075.572012544 0 946.721552149523 44.2651376539185 0 965.660560559217 47.4528729431345 0 498.62568906009 34.012458603197 0 6.60519654752573 2.65895739342231 0 3189993.28192749 462343.821645159 0 125.818323112024 3317.24570859858 0 6527721.04623248 4766295.21257288 0 2559.47488548173 805.037692229703 0 3385.67408769337 981.454266243085 0 1325.55168889371 527.025844080564 0 10.3034187889511 23.6327212031463 0 6042920.6965349 1766757.27203778 0 15.4896453681463 863.417391517342 162775.244862024
"282" 281 6023320.54935599 4064809.1053219 0.0117000270557357 2043.20419938741 1747.26509501928 0.00000193583297023451 2608.00768493675 1656.07819103994 0.00000112447695033168 1284.54109855094 2107.73587950538 0.00000250286805073826 3.5820593276262 48.3644145867061 0.000000340789614344422 6135875.4996734 4147208.47678181 99.9761699747432 123.615928208809 11744.4397543405 9761.93080522201 0 2772472.71401398 262068.922745851 0 947.325767351992 43.3607203795473 0 965.535520467304 46.4834796345123 0 498.561123720532 33.3176334485801 0 6.60843285563994 2.60463295689782 0 3243382.23843672 462352.997501594 0 125.896807339592 3317.3420790314 0 6539986.08348689 4766174.28421713 0 2512.17372112991 788.589307926872 0 3326.24281122975 961.404605249961 0 1302.28328595564 516.25948453446 0 10.1211038503684 23.1498876839467 0 6056221.21145769 1766925.60203657 0 15.5385925896568 863.762986839748 162775.244862023
"283" 282 6023013.75012563 4000249.87942423 0.0116997362621653 2001.34766895978 1686.96405795406 0.00000189628345252171 2554.57362086086 1603.44754256209 0.00000109357906844033 1258.2228281852 2040.75141780629 0.00000243409534588332 3.50866335120612 46.8153652116342 0.000000333229884998646 6136303.96208804 4081992.23797032 99.9761703953878 123.635004780237 11745.2152477456 9761.93080523894 0 2823606.95565708 262062.409260252 0 947.546872660497 42.474851481528 0 965.466552596169 45.533879713015 0 498.525511670426 32.6369954594275 0 6.61162053040414 2.55141833903618 0 3296018.80618067 462361.985907107 0 125.975330437293 3317.43648054411 0 6552629.09332746 4766055.8252742 0 2465.72534698431 772.47825776283 0 3267.57823345454 941.764322119973 0 1279.31505920551 505.712954603743 0 9.94124389485154 22.6769181692772 0 6069891.56136568 1767090.49327768 0 15.58667183021 864.101521393515 162775.244862022
"284" 283 6022713.23168814 3938911.68632484 0.011699451406065 1960.3524795984 1628.49899918162 0.00000185754517293556 2502.23515698882 1552.14753726619 0.00000106414586134046 1232.44418180046 1975.46050197515 0.00000236858272362876 3.43677293548226 45.3059770846218 0.000000325891668443866 6136723.64602986 4020030.85373643 99.9761708047116 123.653690479291 11745.9658207317 9761.93080525549 0 2868308.06724674 262056.028768053 0 947.174636412463 41.6071533798607 0 965.399443873628 44.6036765823836 0 498.490859604902 31.9702603702565 0 6.61441054651596 2.49929126968949 0 3342127.57029408 462370.790689873 0 126.053889466032 3317.52895336758 0 6568500.18461582 4765939.78504509 0 2420.22738289196 756.697674795616 0 3209.70371953756 922.525214504488 0 1256.65615652335 495.381849753365 0 9.76390495143299 22.2136147257471 0 6086812.54064702 1767252.01598762 0 15.633894996504 864.433139450873 162775.244862029
"285" 284 6022418.86467349 3878452.88430877 0.0116991723655245 1920.20101629493 1571.90229770178 0.0000018196016016241 2450.97017378744 1502.17023202933 0.00000103605988324502 1207.19426470128 1911.85302258278 0.00000230606877238408 3.36635764865187 43.8360120647711 0.000000318762961527671 6137134.73152055 3958936.19658971 99.9761712032331 123.671993325143 11746.6921177088 9761.93080527169 0 2911270.64718292 262049.778538587 0 946.067938242056 40.7572558425902 0 965.260420249269 43.6924810440508 0 498.419073769047 31.3171492179749 0 6.61630741639654 2.44822989543401 0 3386473.69481378 462379.415601383 0 126.132476670183 3317.61953692565 0 6585246.07150893 4765826.11386791 0 2375.74351004703 741.240825720106 0 3152.65234347685 903.679233024076 0 1234.31952696828 485.26184759039 0 9.58918552883803 21.759783123475 0 6104607.57085698 1767410.23898618 0 15.6802744236483 864.757982389793 162775.244862028
"286" 285 6022130.52238066 3818151.37918376 0.0116988990211425 1880.8760088494 1517.12229567695 0.00000178243652677562 2400.75697103421 1453.50804203492 0.00000100921541754524 1182.46238871834 1849.91932622626 0.0000022463181874394 3.2973876364886 42.4052437496698 0.000000311832858349472 6137537.39494173 3897972.17016472 99.9761715914294 123.689921174632 11747.394778749 9761.93080528752 0 2953941.87208453 262043.655897384 0 944.256735831715 39.9247957582793 0 964.976009545218 42.7999111717799 0 498.27221628198 30.6773882520276 0 6.61681611447944 2.39821277220676 0 3430526.60316151 462387.864317709 0 126.211078994847 3317.70826984847 0 6602141.34924564 4765714.76310282 0 2332.25125486143 726.101106730042 0 3096.45740943367 885.218478678356 0 1212.31820971245 475.348706473118 0 9.41718541770436 21.3152327706673 0 6122543.77373435 1767565.22970972 0 15.7258228338069 865.076188742142 162775.244862027
"287" 286 6021848.08071532 3757830.86752714 0.0116986312559682 1842.36051879645 1464.07941202754 0.00000174603404727163 2351.57426601737 1406.14751837951 0.00000098351693076178 1158.23807132199 1789.64229611938 0.00000218911832976009 3.22983362102001 41.0132578378179 0.000000305091399941516 6137931.809113 3836959.58010807 99.976171969742 123.70748172574 11748.0744401662 9761.93080530302 0 2996674.64170006 262037.658224862 0 941.827396682629 39.1094169721263 0 964.494212132594 41.9255922055063 0 498.023436766 30.0507088583056 0 6.61559894519875 2.34921885955821 0 3474644.60382981 462396.140441148 0 126.289677211477 3317.79518998984 0 6619009.10582819 4765605.68510822 0 2289.7005090681 711.272040537554 0 3041.13960376045 867.135200654677 0 1190.66030383115 465.638264334378 0 9.24796296688003 20.8797766625796 0 6140442.47482732 1767717.05424127 0 15.7705534981962 865.387894255715 162775.244862025
"288" 287 6021571.41814377 3697526.40972983 0.0116983689554567 1804.63794508585 1412.70121766961 0.0000017103785751202 2303.40118076173 1360.07239201908 0.000000958878349743022 1134.5110293304 1731.0012262061 0.00000213427761716995 3.16366688161836 39.6595518266866 0.00000029852950589373 6138318.14335146 3775934.93317127 99.9761723385785 123.724682520263 11748.731729751 9761.93080531818 0 3039398.10711041 262031.782955331 0 938.8545510012 38.3107703407076 0 963.77274943214 41.069156425507 0 497.650904376423 29.4368474689555 0 6.61238675327434 2.30122751325006 0 3518755.6197811 462404.247501377 0 126.368249331187 3317.8803344394 0 6635884.82065097 4765498.83322263 0 2248.04662345531 696.747277368745 0 2986.71476564493 849.421793727635 0 1169.3520106484 456.126437285113 0 9.08156140481308 20.4532313157448 0 6158339.67515706 1767865.77733167 0 15.8144798169786 865.693231937969 162775.244862026
"289" 288 6021300.4156344 3637233.45287303 0.0116981120074139 1767.6920145212 1362.92152548441 0.00000167545483025554 2256.2172392861 1315.26325994108 0.000000935221882229636 1111.27117755882 1673.9714217432 0.00000208162289915629 3.09885925206974 38.3435251982762 0.000000292138861197718 6138696.56354383 3714894.29360613 99.9761726983166 123.741530947026 11749.367265884 9761.93080533301 0 3082120.85320017 262026.027575753 0 935.401418688125 37.5285136159635 0 962.781614576898 40.2302430577225 0 497.139124854372 28.835545494518 0 6.60699805173631 2.25421848012425 0 3562868.24648615 462412.188956956 0 126.446770684874 3317.96373953854 0 6652764.1589995 4765394.16174211 0 2207.25096699161 682.520592853771 0 2933.1916141317 832.070796304182 0 1148.39674382542 446.809218564634 0 8.91800115016684 20.0354167224008 0 6176231.13696844 1768011.46242726 0 15.8576153650288 865.992332113036 162775.244862022
"290" 289 6021034.95662043 3576951.70745445 0.0116978603019626 1731.50678005181 1314.68080259007 0.00000164124783258245 2210.0023558051 1271.69699132321 0.000000912477429686822 1088.50862300848 1618.52344350226 0.00000203099814994809 3.03538310308291 37.0644590969033 0.000000285911861258385 6139067.23220316 3653838.06312621 99.9761730493067 123.758034244436 11749.9816590733 9761.93080534753 0 3124842.9301791 262020.389624989 0 931.5213472889 36.7623112671841 0 961.502133617301 39.4084981715334 0 496.478455773356 28.2465492506575 0 6.59933226973053 2.20817189211214 0 3606982.40883171 462419.968196433 0 126.5252141928 3318.04544089202 0 6669647.06371094 4765291.62590664 0 2167.27896718223 668.585884789356 0 2880.57372158509 815.074888311016 0 1127.79590200644 437.682677406173 0 8.75728645676347 19.6261562972596 0 6194116.94700784 1768154.17169003 0 15.8999737759626 866.285322463433 162775.244862015
"291" 290 6020774.92691933 3517926.54853385 0.0116976137314627 1696.06661175713 1267.92560998604 0.00000160774290753621 2164.73683768503 1229.35054899554 0.000000890581277955265 1066.21366632248 1564.62797144887 0.00000198226155415849 2.9732113486718 35.8216429360724 0.000000279841487595749 6139430.30855385 3594039.23448161 99.9761733918755 123.774199504238 11750.575504142 9761.93080536174 0 3165067.68746184 262014.86669201 0 927.25445381631 36.0118346060227 0 959.920406621226 38.6035745634931 0 495.661719804698 27.6696098748264 0 6.58932004202395 2.16306826009899 0 3648558.214664 462427.588540194 0 126.603552811581 3318.1254733874 0 6687784.51992547 4765191.18186748 0 2128.10402072333 654.937175412363 0 2828.86037561967 798.426888793531 0 1107.54920627988 428.742957747568 0 8.59940823413223 19.2252768230106 0 6213264.40962308 1768293.96603158 0 15.9415686702428 866.572328099849 162775.244862008
"292" 291 6020520.21471484 3484368.47535181 0.0116973721904989 1661.35619211449 1223.24998876572 0.00000157492566902944 2120.40137210309 1188.215767304 0.000000869475909444909 1044.37679521495 1512.27461293237 0.00000193528508876448 2.91231742584292 34.6148433761094 0.000000273921291881117 6139785.94857443 3560235.39698186 99.9761737263272 123.790033673468 11751.1493877454 9761.93080537565 0 3154270.11326101 262009.456415617 0 921.345767798047 35.2767614045285 0 957.978156089836 37.8151316888267 0 494.658824947958 27.1044832771658 0 6.57656286779499 2.11888846978309 0 3638224.69076568 462435.053241235 0 126.681757338633 3318.20387120335 0 6731490.75584343 4765092.78668217 0 2090.34793451336 641.568604453081 0 2778.07581728419 782.119754499553 0 1087.66614744796 419.98627747074 0 8.44444029613231 18.8326084135204 0 6258307.30537375 1768430.90512734 0 15.9824137231124 866.853471590707 162775.24486202
"293" 292 6020270.71052339 3465139.51313777 0.011697135575858 1627.3604870017 1181.33514241749 0.00000154278198562567 2076.97701903973 1148.34116032361 0.000000849109216136364 1022.98868101957 1461.52511313914 0.00000188995277140029 2.85267528514628 33.4456349225066 0.000000268145322345888 6140134.30507051 3541053.89012177 99.9761740529457 123.805543557699 11751.7039080922 9761.93080538926 0 3114776.26990836 262004.156483938 0 912.367590031649 34.5567751377112 0 955.446746252263 37.0428355063647 0 493.35171349896 26.5509300293598 0 6.55941138912778 2.07561377281334 0 3598677.2341691 462442.365486686 0 126.75978626363 3318.28066782561 0 6789577.4055427 4764996.39830535 0 2054.71877958479 628.474415359938 0 2728.3377609398 766.146576674349 0 1068.19281277902 411.408926680671 0 8.29276354748092 18.4479844350848 0 6317923.2862734 1768565.04744441 0 16.0225236972589 867.128873019545 162775.24486201
"294" 293 6020026.30717383 3445934.66945359 0.01169690378652 1594.06471867734 1142.14491911166 0.00000151129794942633 2034.44520322308 1109.79252286726 0.000000829433911112184 1002.04017472182 1412.46321092196 0.00000184615935054002 2.79425937951973 32.3161289020723 0.000000262508068756902 6140475.52773414 3521880.12199813 99.9761743719969 123.82073582369 11752.2396956034 9761.93080540259 0 3075256.86732958 261998.964634223 0 900.331135518251 33.8515642868123 0 952.047390730365 36.286358286883 0 491.596432131266 26.0087152272609 0 6.53585744068864 2.0332257756373 0 3559084.48498144 462449.528399036 0 126.837575141951 3318.35589605995 0 6847678.47914361 4764901.97558504 0 2021.20366909501 615.648942628305 0 2679.79115169843 750.500577098229 0 1049.18595086522 403.00726557765 0 8.14484602258771 18.0712414073258 0 6377558.68469207 1768696.45026415 0 16.0619155194811 867.398650031518 162775.244862015
"295" 294 6019786.89976173 3426735.20138274 0.0116966767236139 1561.45436819679 1105.34470320669 0.00000148045988172666 1992.78770300121 1072.61096845067 0.000000810407047781781 981.522301478205 1365.14123257358 0.00000180380923538525 2.73704464837974 31.2276323956799 0.000000257004418023243 6140809.76320375 3502695.45831129 99.9761746837301 123.835617002061 11752.7574091469 9761.93080541564 0 3035748.9602411 261993.878651864 0 885.847107536953 33.1608224661087 0 947.578033045035 35.5453784044019 0 489.288647546781 25.4776083413009 0 6.50446651593983 1.99170642729288 0 3519484.31854454 462456.545037347 0 126.915038762789 3318.42958804497 0 6905775.39830128 4764809.47824474 0 1989.48931288091 603.086614106632 0 2632.53885901974 735.175103771375 0 1030.68583693162 394.777722140097 0 8.00101504788858 17.7022188946966 0 6437194.63234791 1768825.1697044 0 16.1006080557947 867.662917879183 162775.244862006
"296" 295 6019552.38559125 3407540.97509184 0.0116964542903573 1529.51518744988 1070.65037333502 0.00000145025435197642 1951.98664217897 1036.81153380615 0.000000791989573648898 961.426256595614 1319.57831575328 0.00000176281550263787 2.68100650622534 30.1806115284686 0.000000251629613420921 6141137.15512234 3483500.28170263 99.9761749883798 123.850193489884 11753.2577216008 9761.93080542841 0 2996252.31786955 261988.896369032 0 869.426334797335 32.4842488477205 0 941.917516586679 34.8195801883963 0 486.365799669625 24.9573831105599 0 6.46440293901085 1.95103801095862 0 3479876.63945396 462463.418398442 0 126.99207863571 3318.50177526452 0 6963868.26675221 4764718.86685875 0 1959.3124810219 590.781958722313 0 2586.63940265272 720.163627858385 0 1012.71538250195 386.716790483829 0 7.86145110490992 17.3407594313922 0 6496831.20710249 1768951.26074122 0 16.1386213709358 867.921789467102 162775.244862006
"297" 296 6019322.66412307 3388351.86018781 0.0116962363920028 1498.23320701509 1037.82097336575 0.00000142066818984281 1912.02448340771 1002.38876643419 0.000000774145956565005 941.74340227544 1275.76752091624 0.00000172309906461243 2.62612083345071 29.1748761351887 0.000000246379220853666 6141457.84419165 3464294.97542778 99.9761752861665 123.864471553108 11753.7413087267 9761.93080544092 0 2956766.71363139 261984.015663479 0 851.494772064434 31.8215484318937 0 935.008268777291 34.108653825602 0 482.798160490234 24.4478174723858 0 6.41529827054155 1.91120313846669 0 3440261.33611333 462470.15141799 0 127.068588894859 3318.57248855918 0 7021957.1861258 4764630.10283037 0 1930.45237117063 578.729611397236 0 2542.11661836819 705.459741658423 0 995.28391970489 378.82102977206 0 7.72622069407595 16.9867084725903 0 6556468.49487371 1769074.77722887 0 16.1759761333711 868.17537539307 162775.244862008
"298" 297 6019097.63691417 3369167.72964939 0.0116960229357764 1467.59474082038 1006.6506791506 0.0000013916884958282 1872.88402404577 969.322657502479 0.000000756843773731486 922.46526557478 1233.68338227588 0.0000016845877544346 2.57236397113429 28.209775217153 0.000000241249092128294 6141771.96823389 3445079.91779047 99.9761755772985 123.878457329295 11754.2088378512 9761.93080545317 0 2917291.92485343 261979.234457158 0 832.408894273531 31.1724322849157 0 926.839074896934 33.4122952808548 0 478.579939208317 23.948693505654 0 6.35712089075402 1.87218474610696 0 3400638.29186567 462476.74697178 0 127.144461935224 3318.64175813963 0 7080042.25611833 4764543.14836675 0 1902.72327724781 566.924317374691 0 2498.96866431924 691.057156969089 0 978.390727424569 371.087063336829 0 7.59530682090239 16.6399143571685 0 6616106.58423059 1769195.77192315 0 16.2126930844813 868.423783995979 162775.244862007
"299" 298 6018877.20757833 3349988.45976224 0.0116958138308385 1437.58638647259 976.964834371642 0.00000136330264081719 1834.54839095203 937.581293114619 0.000000740053464176433 903.583535842043 1193.28528214588 0.00000164721577510238 2.51971271369898 27.2842830868827 0.000000236235343213643 6142079.66223866 3425855.48006386 99.9761758619725 123.892156829732 11754.660963723 9761.93080546516 0 2877827.73260478 261974.550715357 0 812.464530487937 30.5366175290169 0 917.435982578117 32.7302062567839 0 473.724585703924 23.4597974018773 0 6.29010786405656 1.83396609252313 0 3361007.39018499 462483.207876662 0 127.219590987302 3318.70961359658 0 7138123.57461782 4764457.96646308 0 1875.96972310801 555.360932035709 0 2457.17356492708 676.949704253475 0 962.027201830616 363.511578231717 0 7.46862761479933 16.3002282890111 0 6675745.563402 1769314.29649865 0 16.2487927493725 868.667121391357 162775.244862006
"300" 299 6018661.28172953 3330813.93003354 0.0116956089882278 1408.19502405325 948.613929367615 0.00000133549826820222 1797.00103731627 907.124958676043 0.000000723747985409882 885.090063155772 1154.5226746786 0.00000161092293526716 2.46814430509374 26.3971332713359 0.000000231334324099739 6142381.0584255 3406622.02314192 99.9761761403751 123.905575942209 11755.0983217818 9761.93080547691 0 2838373.9215324 261969.962445426 0 791.90829669976 29.91382739005 0 906.85054234794 32.0620941418821 0 468.25871845786 22.9809194279847 0 6.21467686759966 1.79653075612075 0 3321368.52132424 462489.536891839 0 127.29387343746 3318.77608391433 0 7196201.23779633 4764374.52087968 0 1850.06105506381 544.034421766196 0 2416.69527089929 663.131331567078 0 946.179228983169 356.091324655618 0 7.34605659810546 15.96750431398 0 6735385.51713928 1769430.40157243 0 16.2842951336648 868.905491520212 162775.244862008
"301" 300 6018449.76694034 3311644.02311929 0.0116954083208204 1379.40781322742 921.469911755963 0.00000130826329177093 1760.22573967169 877.908462999845 0.00000070790258029758 866.976856853221 1117.33804381798 0.00000157565413033977 2.41763643492864 25.5468935683465 0.000000226542598556591 6142676.28629284 3387379.89594747 99.9761764126831 123.918720433207 11755.5215250086 9761.93080548841 0 2798930.27977215 261965.46769588 0 770.944859076163 29.3037911502094 0 895.152827746923 31.4076719764787 0 462.218520440471 22.5118539019317 0 6.13137437028624 1.75986263338577 0 3281721.58577523 462495.736719873 0 127.367212531087 3318.84119748145 0 7254275.34015874 4764292.77612536 0 1824.88786150352 532.939863097052 0 2377.48743929728 649.596103854676 0 930.828664796611 348.823115575171 0 7.22743524011555 15.641599304976 0 6795026.52497539 1769544.13672255 0 16.3192195569642 869.138996187108 162775.244861994
