"time" "POP.S1" "POP.S2" "POP.S3" "POP.E1" "POP.E2" "POP.E3" "POP.A1" "POP.A2" "POP.A3" "POP.I1" "POP.I2" "POP.I3" "POP.H1" "POP.H2" "POP.H3" "POP.R1" "POP.R2" "POP.R3" "POP.D1" "POP.D2" "POP.D3" "POP.Sv1" "POP.Sv2" "POP.Sv3" "POP.Ev1" "POP.Ev2" "POP.Ev3" "POP.Av1" "POP.Av2" "POP.Av3" "POP.Iv1" "POP.Iv2" "POP.Iv3" "POP.Hv1" "POP.Hv2" "POP.Hv3" "POP.Rv1" "POP.Rv2" "POP.Rv3" "POP.Dv1" "POP.Dv2" "POP.Dv3" "POP.Sw1" "POP.Sw2" "POP.Sw3" "POP.Ew1" "POP.Ew2" "POP.Ew3" "POP.Aw1" "POP.Aw2" "POP.Aw3" "POP.Iw1" "POP.Iw2" "POP.Iw3" "POP.Hw1" "POP.Hw2" "POP.Hw3" "POP.Rw1" "POP.Rw2" "POP.Rw3" "POP.Dw1" "POP.Dw2" "POP.Dw3" "VAX"
"1" 0 8375588.98984994 19390389.8031044 5889017.29389153 138939.689572335 213210.830653627 37818.0125673964 181892.279260003 180937.564618909 20670.2366761431 89588.734560897 230284.173151339 46007.9461501251 249.306756825015 5319.36694017483 6688.08571898084 3379000 6830952.26153157 1272778.42499583 0 0 0 0 0 500 0 0 0 0 0 0 0 0 0 0 0 0 0 0 500 0 0 0 0 0 0 0 0 0 0 0 0 0 0 0 0 0 0 0 0 0 0 0 0 1311586.93009301
"2" 1 8352733.69877672 19340150.615274 5702694.45788696 137926.774240936 225592.528047816 37972.4266281423 177883.484110487 177464.187025896 20225.5286246637 87614.2533678516 225863.510760231 45018.1121000581 243.826529047076 5218.87769037259 6544.88598769279 3408855.63643735 6876718.46957887 1241594.79772175 1.32653760574422 85.8116227848347 332.297955967783 0 0 180027.115653224 0 0 98.513556342412 0 0 3.58251791723397 0 0 1.92375701467106 0 0 0.0936448673762899 0 0 39466.2636134762 0 0 0.000351925101260507 0 0 0 0 0 0 0 0 0 0 0 0 0 0 0 0 0 0 0 0 0 1530185.08036257
"3" 2 8330068.24072275 19289811.6454989 5516812.33257338 136900.246625104 236105.695236192 37914.3537443809 174184.609889225 175163.128621803 19829.5275966591 85792.4197961854 222934.890973204 44136.6904570801 238.795214604872 5155.42631530047 6418.43795130596 3438072.06293273 6921752.91387491 1210015.49644673 2.62481939899534 170.299479668523 657.846453531023 0 0 359110.811822749 0 0 372.043411254467 0 0 26.635432114543 0 0 14.3028173348842 0 0 0.694891296739453 0 0 78670.8211122234 0 0 0.0052899624479321 0 0 0 0 0 0 0 0 0 0 0 0 0 0 0 0 0 0 0 0 0 1748782.90204474
"4" 3 8307568.68582735 19239327.2284159 5331367.66810471 135884.190189194 245088.014433103 37682.848895266 170762.992076583 173791.412863449 19468.3626790394 84107.1453511526 221189.070917117 43332.8072533459 234.162323847653 5121.0355806267 6303.78823701633 3466697.92711133 6966323.23801919 1178054.03101185 3.89712054915345 253.999770651143 977.357359663271 0 0 537747.798782719 0 0 793.454343862601 0 0 83.8935018293192 0 0 45.0495200186133 0 0 2.18455739283818 0 0 118120.730473879 0 0 0.025279401749768 0 0 0 0 0 0 0 0 0 0 0 0 0 0 0 0 0 0 0 0 0 1967380.72372691
"5" 4 8285214.77100534 19188664.06184 5146359.39845651 134895.514974559 252812.36761041 37309.0404812015 167591.615402744 173153.105936815 19131.2116036343 82545.1240043363 220376.680283219 42582.3742145408 229.886328320726 5109.30950388339 6197.09792107236 3494776.94281501 7010641.14278272 1145718.5963692 5.1454696821816 337.332042994044 1291.32281257318 0 0 715934.065363714 0 0 1340.31064643759 0 0 185.967501636029 0 0 99.8616877956563 0 0 4.83356272677153 0 0 157825.843811326 0 0 0.0755676342188023 0 0 0 0 0 0 0 0 0 0 0 0 0 0 0 0 0 0 0 0 0 2185978.54540908
"6" 5 8262989.29485107 19137798.7958671 4961788.42545169 133945.648109085 259499.309864702 36817.7640565819 164647.833688617 173090.244121091 18809.6578442358 81095.2016675279 220296.674335934 41866.6577823314 225.932634108155 5115.12420130687 6095.40422907957 3522348.71735816 7054873.22925086 1113013.24580766 6.37169142445396 420.622359037715 1600.06500497626 0 0 893664.824018152 0 0 1994.00170364337 0 0 340.220662409445 0 0 182.69326238333 0 0 8.82681280196814 0 0 197798.038621159 0 0 0.174742888847644 0 0 0 0 0 0 0 0 0 0 0 0 0 0 0 0 0 0 0 0 0 2404576.36709124
"7" 6 8240877.62884784 19086716.0935028 4777657.23739973 133041.849198932 265327.126924772 36228.8584447999 161912.388375289 173475.516309774 18497.1822491242 79747.8927818589 220787.020757894 41171.1475867604 222.272026865334 5134.37901657111 5996.43250191552 3549449.39132989 7099149.7415755 1079938.76505263 7.57743932461915 504.121912730927 1903.77525943675 0 0 1070934.6737266 0 0 2739.03648071842 0 0 551.470211348318 0 0 296.131020687977 0 0 14.2822438172196 0 0 238050.664212206 0 0 0.343610227918701 0 0 0 0 0 0 0 0 0 0 0 0 0 0 0 0 0 0 0 0 0 2623174.18877341
"8" 7 8218867.3204873 19035407.0666375 4593969.61106029 132188.234134634 270439.964572723 35558.1963676476 159368.655987308 174206.34833009 18188.760293698 78495.0096653905 221717.170601933 40484.6600085537 218.879478345632 5163.79574599751 5898.44757743326 3576112.13602556 7143571.63209421 1046493.35677177 8.76422146134024 588.022017603188 2202.54473283412 0 0 1247737.72133542 0 0 3562.47214144484 0 0 822.549608058047 0 0 441.696486932952 0 0 21.2660214196738 0 0 278598.113276382 0 0 0.604318111892737 0 0 0 0 0 0 0 0 0 0 0 0 0 0 0 0 0 0 0 0 0 2841772.01045558
"9" 8 8196947.77041361 18983868.0163037 4410730.38115489 131386.568753794 274954.390210705 34818.5030131103 157002.073515952 175200.128078764 17880.5436876975 77329.3794929314 222981.981191154 39798.6294984236 215.733233885908 5200.75695721851 5800.13660853183 3602367.54116942 7188216.26111021 1012673.17270215 9.933420408306 672.466148224051 2496.38846525415 0 0 1424067.66921758 0 0 4453.45087884191 0 0 1154.75782781017 0 0 620.087190858021 0 0 29.8046292876738 0 0 319455.495439572 0 0 0.979685995665178 0 0 0 0 0 0 0 0 0 0 0 0 0 0 0 0 0 0 0 0 0 3060369.83213775
"10" 9 8175109.96851311 18932099.416732 4227945.26455453 130636.883012867 278964.694661669 34020.0069288392 154799.700296772 176390.34789792 17569.608565579 76244.6285043803 224496.806415534 39106.548097579 212.814115469088 5243.17569907298 5700.51665772384 3628243.9192485 7233141.99897555 978472.72443974 11.0863089038453 757.559618233784 2785.26420390323 0 0 1599917.8754028 0 0 5402.82336714282 0 0 1548.21811073068 0 0 831.369310515135 0 0 39.8944719821191 0 0 360638.393197911 0 0 1.49269102438936 0 0 0 0 0 0 0 0 0 0 0 0 0 0 0 0 0 0 0 0 0 3278967.65381991
"11" 10 8153346.27828228 18880105.0999024 4045620.73020189 129937.94227568 282547.153718434 33170.9550975612 152749.886560508 177723.505030111 17253.7577300981 75235.0187536832 226193.551856505 38403.5252702185 210.104993351745 5289.39111187985 5598.8623672216 3653767.54507231 7278391.92106948 943885.194086988 12.2240621775811 843.377311199851 3069.08701174946 0 0 1775281.39033632 0 0 6402.8434110554 0 0 2002.16185219926 0 0 1075.13011704599 0 0 51.5094298527267 0 0 402162.687003829 0 0 2.16608396921778 0 0 0 0 0 0 0 0 0 0 0 0 0 0 0 0 0 0 0 0 0 3497565.47550208
"12" 11 8131650.25868678 18827891.5961785 3863763.90623862 129287.610761807 285763.478509916 32278.0231599815 150842.020894405 179156.593194784 16931.3641694814 74295.32372411 228017.482247906 37685.9396030392 207.590382455815 5338.0841981999 5494.64892604709 3678962.84778263 7323996.7957721 908902.667297136 13.3477678175441 929.969898573934 3347.74068925215 0 0 1950150.97382863 0 0 7446.91884124202 0 0 2515.15444973219 0 0 1350.59925098413 0 0 64.6068322583302 0 0 444044.434610629 0 0 3.02210296443837 0 0 0 0 0 0 0 0 0 0 0 0 0 0 0 0 0 0 0 0 0 3716163.29718425
"13" 12 8110016.51225739 18775467.5869283 3682382.51667896 128683.137023357 288663.684303956 31346.6517000679 149066.334001419 180655.018077047 16601.2433625418 73420.7316723405 229924.568461696 36951.1545811413 205.25612769865 5388.20806625007 5387.50571668791 3703852.57048384 7369977.56519247 873516.309394896 14.4584339556918 1017.36897024521 3621.08696709684 0 0 2124519.09485398 0 0 8529.40132999818 0 0 3085.28091480517 0 0 1656.74839294867 0 0 79.132333253892 0 0 486299.791516996 0 0 4.08225662688534 0 0 0 0 0 0 0 0 0 0 0 0 0 0 0 0 0 0 0 0 0 3934761.11886642
"14" 13 8088440.56805387 18722843.4989046 3501484.85444345 128121.352179861 291288.209230081 30381.2894657189 147413.763571859 182191.061138073 16262.5637188949 72606.7790727066 231879.532357548 36197.3192452822 203.089186419683 5438.93674960748 5277.18399242282 3728457.89093985 7416347.1708401 837716.464035447 15.5569954319896 1105.59078001673 3888.97181800311 0 0 2298377.9110869 0 0 9645.42940356233 0 0 3710.27440282369 0 0 1992.36028226134 0 0 95.023250312662 0 0 528944.987659543 0 0 5.36719537388467 0 0 0 0 0 0 0 0 0 0 0 0 0 0 0 0 0 0 0 0 0 4153358.94054858
"15" 14 8066918.77130186 18670031.1308603 3321079.76958702 127598.843594114 293669.873934795 29385.6172944837 145875.835649326 183742.457806097 15914.7621229669 71849.2921854889 233854.037207759 35423.1802091844 201.077436696944 5489.61795527341 5163.52646863341 3752798.53551292 7463112.24254109 801492.737976156 16.6443195967169 1194.63969473227 4151.23137860762 0 0 2471719.23652865 0 0 10790.7807368573 0 0 4387.63951374241 0 0 2356.09492748244 0 0 112.211758857859 0 0 571996.31490361 0 0 6.89659374142119 0 0 0 0 0 0 0 0 0 0 0 0 0 0 0 0 0 0 0 0 0 4371956.76223075
"16" 15 8045448.1989392 18617043.3867063 3141176.69582408 127112.066246461 295835.268329051 28362.7013080512 144444.588305864 185291.395844028 15557.4896313034 71144.3494640823 235825.412892399 34627.9607922559 199.209553096871 5539.74001626072 5046.44797674997 3776892.86628059 7510274.28562538 764834.012201461 17.7212107097237 1284.51058659187 4407.69562098052 0 0 2644534.48303245 0 0 11961.7662402237 0 0 5114.72832885595 0 0 2746.5304369979 0 0 130.626818913594 0 0 615470.172683682 0 0 8.6891039872625 0 0 0 0 0 0 0 0 0 0 0 0 0 0 0 0 0 0 0 0 0 4590554.58391292
"17" 16 8024026.58299445 18563894.0388464 2961785.69085638 126657.437188643 297805.987761431 27315.1306404695 143112.505776409 186823.62164113 15190.5608704099 70488.2491137536 237775.518452347 33811.2483889768 197.474899119191 5588.90245774743 4925.91744985291 3800757.96161363 7557830.73988095 727728.44169576 18.7884139958645 1375.19095996096 4658.19177086447 0 0 2816814.59130268 0 0 13155.1331193138 0 0 5888.81291695244 0 0 3162.20195370846 0 0 150.196015555252 0 0 659383.120707421 0 0 10.7623116484728 0 0 0 0 0 0 0 0 0 0 0 0 0 0 0 0 0 0 0 0 0 4809152.40559509
"18" 17 8002652.24669311 18510597.5485107 2782917.52510985 126231.396958256 299599.554497866 26245.1140634056 141872.473766205 188327.778377161 14813.9214945312 69877.4870788772 239689.89975275 32972.9220362147 195.86345346656 5636.79440938291 4801.94652628615 3824409.685431 7605775.7619575 690163.384346362 19.846619089648 1466.66249459711 4902.54641390528 0 0 2988549.91995581 0 0 14367.9934409647 0 0 6707.12754478646 0 0 3601.62432140428 0 0 170.84658705868 0 0 703751.995422568 0 0 13.132736860246 0 0 0 0 0 0 0 0 0 0 0 0 0 0 0 0 0 0 0 0 0 5027750.22727725
"19" 18 7981324.04400731 18457168.8970178 2604583.77089879 125830.464911208 301230.296375992 25154.581144994 140717.738034066 189794.772885977 14427.6107170143 69308.7366436445 241556.983673062 32113.06901529 194.365741552112 5683.17395170433 4674.57632990286 3847862.75419885 7654100.97357378 652125.342260191 20.8964633623893 1558.90252171608 5140.58794220544 0 0 3159730.1352451 0 0 15597.7469220698 0 0 7566.92328915855 0 0 4063.32141061164 0 0 192.506795544515 0 0 748594.012214189 0 0 15.8158149387877 0 0 0 0 0 0 0 0 0 0 0 0 0 0 0 0 0 0 0 0 0 5246348.04895942
"20" 19 7960041.32014525 18403623.4963835 2426797.00323739 125451.25960616 302709.774042391 24045.2104576546 139641.88519505 191217.47484712 14031.7568802487 68778.8389766663 243367.695259971 31231.9749915213 192.972803262095 5727.85854500746 4543.87623368093 3871130.78473936 7702795.81623086 613599.748082152 21.9385342438232 1651.88469115214 5372.14674356847 0 0 3330343.99861813 0 0 16842.0592559965 0 0 8465.46181875479 0 0 4545.82277953643 0 0 215.105680708228 0 0 793927.009266488 0 0 18.8259541686229 0 0 0 0 0 0 0 0 0 0 0 0 0 0 0 0 0 0 0 0 0 5464945.87064159
"21" 20 7938803.85023977 18349977.031034 2249570.92968498 125090.540503407 304047.613233925 22918.5449598842 138638.807645774 192590.117327829 13626.5315870259 68284.7858553814 245114.694780873 30330.0219195093 191.676134253014 5770.70560831222 4409.92762498599 3894226.36624865 7751848.25766799 574570.880995425 22.9733727619269 1745.5803470727 5597.05817223973 0 0 3500379.21641175 0 0 18098.7659638081 0 0 9400.09008617898 0 0 5047.70378253651 0 0 238.574969956448 0 0 839769.577346438 0 0 22.1764952815711 0 0 0 0 0 0 0 0 0 0 0 0 0 0 0 0 0 0 0 0 0 5683543.69232376
"22" 21 7917611.82296761 18296245.4410672 2072920.78697616 124745.203619472 305251.531736314 21775.9546407089 137702.700387308 193908.286882565 13212.1723223698 67823.7181012113 246792.365123264 29407.7383949521 190.467680468456 5811.61249134793 4272.83237384069 3917161.0857692 7801244.80418698 535021.427583429 24.0014747275716 1839.95851236062 5815.1609704253 0 0 3669822.04047826 0 0 19365.904928817 0 0 10368.1849598271 0 0 5567.55583828994 0 0 262.847545301683 0 0 886141.513169903 0 0 25.8798177156556 0 0 0 0 0 0 0 0 0 0 0 0 0 0 0 0 0 0 0 0 0 5902141.51400592
"23" 22 7896465.78393126 18242444.7934449 1896863.6463309 124412.305320151 306328.002894713 20618.7396852017 136828.03453541 195168.448787565 12788.9415242241 67392.9125323659 248396.207547809 28465.7085539182 189.339793379463 5850.50127039017 4132.69839216648 3939945.60059319 7850971.05910245 494932.217187266 25.0232942413228 1934.98695219803 6026.29990604058 0 0 3838656.94552781 0 0 20641.6247398582 0 0 11367.2209442204 0 0 6104.02279457227 0 0 287.859175696555 0 0 933064.127928581 0 0 29.9473095506239 0 0 0 0 0 0 0 0 0 0 0 0 0 0 0 0 0 0 0 0 0 6120739.33568809
"24" 23 7875366.61372052 18188591.2477173 1721418.85117307 124089.061843234 307282.399978058 19448.1371759418 136009.550086864 196367.849139725 12357.1278810679 66989.7784009925 249922.717086923 27504.5749610866 188.285217738086 5887.31580440847 3989.6403499531 3962589.67148539 7901011.83790609 454281.772765289 26.0392452601538 2030.63236751562 6230.32559113312 0 0 4006866.18625842 0 0 21924.1769771918 0 0 12394.7593381486 0 0 6655.79510634612 0 0 313.548182054304 0 0 980560.714824421 0 0 34.389415868862 0 0 0 0 0 0 0 0 0 0 0 0 0 0 0 0 0 0 0 0 0 6339337.15737026
"25" 24 7854315.50570162 18134701.025826 1546609.25063029 123772.848128588 308119.089891406 18265.29243822 135242.248221555 197504.4552107 11917.0621514871 66611.8536016615 251369.3066318 26525.0738210518 187.297078944082 5922.02005222727 3843.78563262624 3985102.1975644 7951351.24188338 413045.050000207 27.0497032252724 2126.86050446553 6427.09354150034 0 0 4174428.5591292 0 0 23211.9429028573 0 0 13448.4049739944 0 0 7221.58660544371 0 0 339.854237082493 0 0 1028657.8282131 0 0 39.2157229492502 0 0 0 0 0 0 0 0 0 0 0 0 0 0 0 0 0 0 0 0 0 6557934.97905243
"26" 25 7833313.91970176 18080790.3241156 1372461.43254888 123461.20217556 308841.884088078 17071.3757066919 134521.374177914 198576.635551139 11469.0723127188 66256.7962368828 252733.899792358 25527.9351476645 186.36885385226 5954.58800685913 3695.25842998781 4007491.28384575 8001973.0316044 371193.245452717 28.0550082781018 2223.63684154834 6616.46693455485 0 0 4341319.15662118 0 0 24503.3206842065 0 0 14525.888800352 0 0 7800.1788461632 0 0 366.720518812733 0 0 1077385.5130889 0 0 44.4349071719454 0 0 0 0 0 0 0 0 0 0 0 0 0 0 0 0 0 0 0 0 0 6776532.80073459
"27" 26 7812363.57448247 18026875.3150691 1199007.80114612 123151.81925885 309453.970600493 15867.5239290205 133842.415020082 199583.215202907 11013.5107497197 65922.383517354 254015.001167337 24513.9432816341 185.494367630441 5985.00565488796 3544.18971545979 4029764.25788761 8052860.56585779 328691.681102639 29.0554660039417 2320.92644745706 6798.31492644674 0 0 4507507.28916798 0 0 25796.7796663058 0 0 15625.0048962275 0 0 8390.38728286264 0 0 394.092002360327 0 0 1126779.42730357 0 0 50.0548296502706 0 0 0 0 0 0 0 0 0 0 0 0 0 0 0 0 0 0 0 0 0 6995130.62241676
"28" 27 7791466.42218942 17972972.1117704 1026291.30936885 122842.549272381 309958.03836005 14654.8331469905 133201.09046981 200523.392800763 10550.7590792994 65606.5072463243 255211.590837334 23483.947628118 184.667778862432 6013.26853290783 3390.71917079014 4051927.71169382 8103996.90355193 285495.062198201 30.0513493802238 2418.6941465947 6972.51257662569 0 0 4672951.74707848 0 0 27090.8667829176 0 0 16743.590624422 0 0 8991.05061263224 0 0 421.914899086135 0 0 1176885.60425018 0 0 56.0825834030837 0 0 0 0 0 0 0 0 0 0 0 0 0 0 0 0 0 0 0 0 0 7213728.44409893
"29" 28 7770624.614019 17919096.7156071 854364.507122568 122531.391124649 310356.532273764 13434.4912143868 132593.341214686 201396.562695476 10081.1876881407 65307.1680609648 256322.897976061 22438.772596184 183.88356001638 6039.37626954408 3234.98079356012 4073987.55911922 8155365.01029779 241548.438890654 31.0429014645182 2516.90488026121 7138.9431812147 0 0 4837601.74401866 0 0 28384.0734334582 0 0 17879.6051080813 0 0 9601.0729159945 0 0 450.13872268601 0 0 1227759.51987241 0 0 62.5244420061692 0 0 0 0 0 0 0 0 0 0 0 0 0 0 0 0 0 0 0 0 0 7432326.2657811
"30" 29 7749840.49439788 17865265.0185931 683302.131642141 122216.489132305 310651.575307338 12207.6844628525 132015.326046579 202202.375752404 9605.19199135638 65022.474022942 257348.478230332 21379.2983033416 183.136493590495 6063.33465955453 3077.11607956749 4095949.04957071 8206947.69389071 196774.580964988 32.0303359948352 2615.52356661057 7297.49636029331 0 0 5001384.32636207 0 0 29674.9261569995 0 0 19031.0461984879 0 0 10219.3790698854 0 0 478.714056110113 0 0 1279478.72239156 0 0 69.3859603560246 0 0 0 0 0 0 0 0 0 0 0 0 0 0 0 0 0 0 0 0 0 7650924.08746326
"31" 30 7729116.57561203 17811492.771941 513216.089703105 121896.126785269 310845.077851794 10975.6628718197 131463.41255655 202940.666688458 9123.18387891443 64750.6360353155 258288.121239855 20306.4415369386 182.42165729828 6085.1535532906 2917.2710677168 4117816.81351404 8258727.69348435 151058.960248636 33.0138394878205 2714.51524121855 7448.06881524288 0 0 5164189.3855364 0 0 30961.919731112 0 0 20195.9611122598 0 0 10844.9204596669 0 0 507.592819650224 0 0 1332157.87023775 0 0 76.6719807961312 0 0 0 0 0 0 0 0 0 0 0 0 0 0 0 0 0 0 0 0 0 7869521.90914543
"32" 31 7708455.51996246 17757795.5655334 344291.486199426 121568.721498175 310938.80392177 9739.8047211682 130934.170261589 203611.410733007 8635.58874520796 64489.9644572004 259141.795478373 19221.1491425596 181.734413283717 6104.84562520722 2755.59534769533 4139594.89583452 8310687.73356951 104213.667466002 33.9935727700108 2813.84513873836 7590.5648181465 0 0 5325833.62573081 0 0 32243.451074922 0 0 21372.4470468048 0 0 11476.6753096162 0 0 536.728279080634 0 0 1385984.82947926 0 0 84.3866393017966 0 0 0 0 0 0 0 0 0 0 0 0 0 0 0 0 0 0 0 0 0 8088119.7308276
"33" 32 7687860.12314071 17704188.8115315 176906.316575508 121232.819065934 310934.400434704 8501.73438115387 130424.363776069 204214.707128052 8142.85565621942 64238.8657404521 259909.627253884 18124.4206541658 181.070397709378 6122.42600241141 2592.24575893536 4161286.78820667 8362810.54893029 55857.5654336134 34.9696724504731 2913.47871921752 7724.89629844353 0 0 5485940.86824932 0 0 33517.6996242902 0 0 22558.6228141429 0 0 12113.6334507247 0 0 566.074287903548 0 0 1441340.53342793 0 0 92.5333876493835 0 0 0 0 0 0 0 0 0 0 0 0 0 0 0 0 0 0 0 0 0 8306717.55250977
"34" 33 7667333.2978452 17602891.9981053 65129.3370914412 120887.088325693 310787.026629934 7285.66188837338 129930.946009181 204749.922412876 7645.72768965411 63995.8390791487 260590.810343661 17017.9100189075 180.425510399352 6137.88499481937 2427.4816409636 4182895.46097801 8392339.21887889 22478.8675321253 35.9422523707541 3013.38162133908 7850.98422761514 0 47795.7291044422 5590444.17798232 0 46.406407916381 34760.2862218161 0 1.38058427060204 23752.0048412323 0 0.540523323910193 12754.4612424719 0 0.0045447961465577 595.56896468789 0 22739.6958442262 1481736.41570809 0 0.0000042289368575285 101.114950304726 0 0 0 0 0 0 0 0 0 0 0 0 0 0 0 0 0 0 0 0 0 8525315.37419193
"35" 34 7646878.05342409 17440153.8213114 23928.9404252507 120530.320477149 310316.982908928 6179.75106568323 129451.051672165 205207.627366507 7147.71684977265 63759.4732116635 261173.343921009 15909.4342785262 179.795905055419 6150.93088228285 2262.53420216151 4204423.39390488 8392197.52797482 10037.4802006805 36.9114049979599 3113.51746047041 7968.78254625807 0 157153.476764965 5624376.98293575 0 320.450272618074 35882.9052246573 0 20.2016179841729 24943.8368499535 0 7.90929314036538 13394.4566981979 0 0.0663915412913489 624.986784044064 0 75278.1437017436 1501212.05978691 0 0.000132632627998034 110.132152158485 0 0 0 0 0 0 0 0 0 0 0 0 0 0 0 0 0 0 0 0 0 8743913.1958741
"36" 35 7626497.46855493 17255351.1306622 8791.66255004225 120161.434809886 309455.31913669 5218.67653589688 128981.991857706 205569.876625103 6654.98112642055 63528.4437508102 261634.388431949 14812.699926549 179.177981149732 6161.00136801576 2099.5551927166 4225872.60584275 8380767.93264387 5341.16827174928 37.8772027672009 3213.84245497146 8078.33478542124 0 288711.078434874 5632254.55969616 0 892.647517511859 36850.7702059337 0 86.7252058851956 26119.3673543437 0 33.9544622882164 14025.6984968507 0 0.28453356783336 653.947203905021 0 139215.817632374 1512958.99754407 0 0.000890752682830631 119.581109939671 0 0 0 0 0 0 0 0 0 0 0 0 0 0 0 0 0 0 0 0 0 8962511.01755626
"37" 36 7606194.67140741 17063041.6467404 3230.12189802396 119779.476499081 308213.157520392 4398.668006546 128521.249454004 205819.135683763 6173.55904597412 63301.5109251063 261951.62723388 13741.1475539424 178.56837712001 6167.5502561823 1940.6400030122 4247244.68363789 8364885.14794125 3496.24880352732 38.8396993854331 3314.30353826438 8179.79380419824 0 427925.161219861 5630566.08917743 0 1753.50375664094 37667.5695410444 0 230.657300980131 27264.1770916317 0 90.3064402983282 14640.4437161215 0 0.755458725568701 682.080655648171 0 207701.0436441 1521870.0084364 0 0.00326524394141414 129.452266507049 0 0 0 0 0 0 0 0 0 0 0 0 0 0 0 0 0 0 0 0 0 9181108.83923843
"38" 37 7585972.827402 16868570.4833215 1186.77095473016 119383.607854218 306625.648864241 3704.43070028948 128066.474368314 205941.552920271 5708.35725369977 63077.5172261843 262107.430989436 12705.6984033963 177.963963326466 6170.15138930468 1787.47416969732 4268540.81025486 8347054.92624169 2703.75345089318 39.7989310986642 3414.83966397329 8273.40802409881 0 569464.616435523 5625370.9026114 0 2869.55287421569 38348.5434421138 0 475.735257589971 28366.4935162759 0 186.258824042423 15232.3706801417 0 1.55547736559551 709.088559928053 0 278211.239081139 1529742.97713421 0 0.00865972235665412 139.731099121917 0 0 0 0 0 0 0 0 0 0 0 0 0 0 0 0 0 0 0 0 0 9399706.6609206
"39" 38 7565835.12978013 16673907.2188961 436.028790732353 118973.098410077 304732.238011412 3118.63564008949 127615.478203866 205927.440277172 5263.00208929885 62855.3847869787 262089.469443673 11714.4240052136 177.361834238077 6168.51285393238 1641.28551117403 4289761.79206679 8328181.08322732 2302.88302355124 40.7549179192359 3515.38394314214 8359.49895219621 0 711373.53254903 5618896.34753412 0 4203.07842240417 38910.99069637 0 838.927146546124 29417.5274345574 0 328.454915375692 15796.7597270812 0 2.73830099933665 734.751386498314 0 349825.903223873 1537237.46594698 0 0.0187889883984256 150.399262136668 0 0 0 0 0 0 0 0 0 0 0 0 0 0 0 0 0 0 0 0 0 9618304.48260277
"40" 39 7545784.79113405 16479784.5524979 160.200483776205 118547.315718739 302570.131883238 2625.06025512975 127166.228445343 205770.859968733 4839.96802660614 62634.1125178555 261890.185414751 10772.8320592201 176.759299931442 6162.46268798593 1502.89335429436 4310908.08521927 8308574.57976401 2051.25162326611 41.7076648091185 3615.86573396937 8438.43923003741 0 852932.545359041 5611961.86713709 0 5718.63314668373 39371.1253252649 0 1331.10739951837 30411.1758581964 0 521.15224792136 16330.3336461108 0 4.33746133915768 758.920209342211 0 422217.550859371 1544594.49708941 0 0.0355755833284299 161.435702260628 0 0 0 0 0 0 0 0 0 0 0 0 0 0 0 0 0 0 0 0 0 9836902.30428494
"41" 40 7525825.03529469 16286481.7644781 58.8590199956104 118105.717274929 300172.500303655 2209.44923640175 126716.842312217 205468.991257852 4440.77406751793 62412.7730791517 261505.98887363 9884.30356963669 176.153877139594 6151.92779132465 1372.78083158217 4331979.82099905 8288327.12749044 1860.1480480039 42.6571628161385 3716.21242703055 8510.63390549885 0 993875.382202714 5604869.61717359 0 7384.82865243246 39743.2133971947 0 1958.09534079375 31343.5693570341 0 766.629190753679 16831.0146127555 0 6.36988176673739 781.50434148317 0 495278.12104796 1551901.31482775 0 0.0610615118587413 172.81761156193 0 0 0 0 0 0 0 0 0 0 0 0 0 0 0 0 0 0 0 0 0 10055500.1259671
"42" 41 7505959.08941638 16094111.6363661 21.6253399426208 117647.843540019 297568.318878531 1859.58375802041 126265.580438861 205021.505983865 4066.17714502032 62190.5097683943 260936.462161283 9050.52332278716 175.54328008579 6136.91335936871 1251.16526108197 4352976.8301661 8267449.68027758 1697.19153649926 43.6033901613654 3816.35088592718 8576.50534255919 0 1134101.94547726 5597731.68469435 0 9174.48599463408 40039.5018677928 0 2721.67914806692 32212.6263575492 0 1065.58584727947 17297.6848540535 0 8.83935836664341 802.459298334761 0 568980.498924642 1559188.75002452 0 0.0973371234838181 184.521197488517 0 0 0 0 0 0 0 0 0 0 0 0 0 0 0 0 0 0 0 0 0 10274097.9476493
"43" 42 7486190.17624484 15902725.4625873 7.94536330354644 117173.311902284 294782.734791624 1565.09886698455 125810.840511044 204430.02120274 3716.34134184154 61966.5333860365 260183.663348942 8271.85653506666 174.925411292177 6117.48499099791 1138.05927338345 4373898.66623122 8245923.89524065 1550.56437311715 44.5463132770352 3916.20857333602 8636.48144709342 0 1273573.30278456 5590590.30977347 0 11064.2657764598 40270.3995871799 0 3620.51261213665 33017.6629321022 0 1417.49515262657 17729.9771113826 0 11.7395860309991 821.776337321535 0 643327.066866963 1566467.00477171 0 0.146485649553791 196.522286046734 0 0 0 0 0 0 0 0 0 0 0 0 0 0 0 0 0 0 0 0 0 10492695.7693314
"44" 43 7466521.50659775 15712351.4391844 2.91921266756499 116681.811397939 291837.557483997 1317.24127890688 125351.150955786 203697.64108377 3390.97920022618 61740.1191274765 259251.543197526 7547.6633811486 174.298352503624 6093.75381651098 1033.3215242991 4394744.62768075 8223721.34496309 1415.89081677764 45.4858877952732 4015.71441018412 8690.98670071007 0 1412273.29882495 5583462.05501567 0 13034.1751580714 40444.7181729225 0 4650.86485153681 33759.0666234972 0 1820.89640027081 18128.0994892674 0 15.0566716927672 839.47377168437 0 718330.503412999 1573738.78802864 0 0.210541010542888 208.796783588729 0 0 0 0 0 0 0 0 0 0 0 0 0 0 0 0 0 0 0 0 0 10711293.5910136
"45" 44 7446956.27209431 15523008.6666792 1.07255403054081 116173.098038941 288751.738757497 1108.63301267938 124885.164753239 202828.581757726 3089.46713267363 61510.6035351773 258145.467691651 6876.55587595099 173.660355824326 6065.86440485004 936.697837721699 4415513.77916302 8200810.75333705 1291.44061888137 46.4220594885157 4114.79941559689 8740.43549653951 0 1550194.55219142 5576354.03294207 0 15067.086683665 40569.9072590915 0 5807.23352998893 34438.0297138571 0 2273.63532758744 18492.692224868 0 18.7711761400189 855.589915139509 0 794006.557591131 1581004.12439393 0 0.291456515084823 221.321022570589 0 0 0 0 0 0 0 0 0 0 0 0 0 0 0 0 0 0 0 0 0 10929891.4126958
"46" 45 7427497.6381663 15334712.2383009 0.394069413948656 115646.99062186 285541.801493469 933.060513924488 124411.653416788 201827.867860338 2810.93847727787 61277.3815336418 256871.831822248 6256.60499781203 173.009835131126 6033.98505724823 847.854141038576 4436204.97166112 8177160.76245588 1176.38920080682 47.3547651629617 4213.39716977658 8785.22732976396 0 1687333.36610264 5569269.86725295 0 17148.3092979516 40652.2644247495 0 7082.84023431784 35056.3338291153 0 2773.05806512545 18824.7120239054 0 22.8597514637821 870.177425858325 0 870371.291306323 1588262.10429968 0 0.391082348695616 234.072013701269 0 0 0 0 0 0 0 0 0 0 0 0 0 0 0 0 0 0 0 0 0 11148489.2343779
"47" 46 7408148.73737581 15147475.0781527 0.144787083508694 115103.366918522 282222.209491199 785.292790079222 123929.501170457 200701.089217821 2554.35782546342 61039.9035615684 255437.74991359 5685.50612764438 172.345357802105 5998.30009132554 766.402562895596 4456816.86168234 8152741.01523304 1070.19741402027 48.2839335066537 4311.44413543271 8825.74346546707 0 1823687.88872506 5562211.88225398 0 19265.2187162221 40697.1162414874 0 8470.02711058763 35616.1775730344 0 3316.16642671715 19125.3395027809 0 27.2964415473503 883.298816852367 0 947440.005194741 1595511.5130158 0 0.511150077750023 247.027623413022 0 0 0 0 0 0 0 0 0 0 0 0 0 0 0 0 0 0 0 0 0 11367087.0560601
"48" 47 7388912.66305829 14961308.601425 0.0531967011714904 114542.160170754 278805.681985317 660.926734688327 123437.699340158 199454.207272333 2318.579883894 60797.6728093316 253850.809255697 5160.71006415117 171.665636780538 5959.0037620847 691.921914747173 4477347.9294988 8127522.59029638 972.399095609028 49.2094858939514 4408.87986725477 8862.3447716599 0 1959257.45115943 5555181.90652836 0 21406.943345607 40708.9722327358 0 9960.5719201316 36120.0397191376 0 3899.74125952359 19395.9057247474 0 32.0537056734891 895.022924982002 0 1025226.81148286 1602751.05051627 0 0.653262700923997 260.166692318891 0 0 0 0 0 0 0 0 0 0 0 0 0 0 0 0 0 0 0 0 0 11585684.8777423
"49" 48 7369792.46330363 14776222.953042 0.0195458566749503 113963.355830043 275303.459439233 556.256361438187 122935.340965886 198093.402338503 2102.39565975428 60550.2425652872 252118.875703549 4679.52582332403 170.96952298058 5916.29551867799 623.973595020303 4497796.49647503 8101478.17791228 882.535307823761 50.1313371482105 4505.6471335769 8895.37046231844 0 2094042.32685492 5548181.56746635 0 23564.0989871543 40691.6550010876 0 11545.9361878819 36570.5715686637 0 4520.43959852405 19637.8343977874 0 37.1032163361006 905.422161797545 0 1103744.46517831 1609979.40354131 0 0.818889047154679 273.46910747094 0 0 0 0 0 0 0 0 0 0 0 0 0 0 0 0 0 0 0 0 0 11804282.6994244
"50" 49 7350791.13528294 14592227.0996734 0.00718168622012993 113366.988495182 271725.527543429 468.162522825337 122421.615636022 196624.954188061 1904.56831733354 60297.2136714734 250249.941693896 4239.20044825853 170.25599803272 5870.37634461819 562.113786104593 4518160.74152008 8074582.14514833 800.139800553026 51.0493962645308 4601.69196988073 8925.13754285626 0 2228043.63763926 5541212.398795 0 25728.5652697523 40648.4099304526 0 13217.4587818038 36970.5130911274 0 5174.8704563113 19852.5968433837 0 42.4164740086187 914.570398045685 0 1183004.30545574 1617195.26550352 0 1.00936154343903 286.915838851332 0 0 0 0 0 0 0 0 0 0 0 0 0 0 0 0 0 0 0 0 0 12022880.5211066
"51" 50 7331911.61992497 14409328.8739819 0.00263915058922892 112753.139014544 268080.80569487 394.020022262326 121895.80453908 195055.149740487 1723.86064688053 60038.2320864125 248252.00876062 3836.98014950827 169.524167358523 5821.44597307168 505.902660552115 4538438.71670054 8046810.54863603 724.741103031903 51.9635670943738 4696.96368005292 8951.94079060049 0 2361263.30759171 5534275.87941145 0 27893.2974616362 40581.9975402506 0 14966.505137237 37322.6283952613 0 5859.65324707819 20041.6773454077 0 47.965274112651 922.541359814814 0 1263016.24894462 1624397.33898732 0 1.22587656209488 300.488948516437 0 0 0 0 0 0 0 0 0 0 0 0 0 0 0 0 0 0 0 0 0 12241478.3427888
"52" 51 7313156.79694342 14227535.005893 0.00096952221377252 112121.931722774 264377.305483953 331.619394793389 121357.275729182 193390.212697431 1559.05576365893 59772.9865531793 246132.997978548 3470.15637717633 168.773253566576 5769.70080530081 454.911190593004 4558628.36204888 8018141.11937516 655.868934321626 52.8737489937278 4791.414798151 8976.05313521164 0 2493704.03005222 5527373.44703076 0 30052.1680807785 40494.7712052257 0 16784.5805977612 37629.6568169067 0 6571.46216158476 20206.5468850693 0 53.7220552684045 929.407435066272 0 1343788.81052409 1631584.3332825 0 1.46949671307035 314.171579192674 0 0 0 0 0 0 0 0 0 0 0 0 0 0 0 0 0 0 0 0 0 12460076.164471
"53" 52 7294529.48021349 14046851.1524273 0.00035624457849005 111473.531800333 260622.263827724 279.101100118056 120805.479590907 191636.250853922 1408.97234954125 59501.2063656704 243900.682904992 3136.09974575311 168.002590144722 5715.3323906087 408.726041134742 4578727.51960202 7988553.23101121 593.060753908349 53.7798374365417 4885.00102113202 8997.72633111412 0 2625369.23628214 5520506.5026038 0 32199.833649252 40388.7424895191 0 18663.4148426456 37894.2766107212 0 7307.05922200787 20348.6436439222 0 59.6601526733345 935.238808683567 0 1425329.14025983 1638754.96123778 0 1.7411545641393 327.947927760847 0 0 0 0 0 0 0 0 0 0 0 0 0 0 0 0 0 0 0 0 0 12678673.9861531
"54" 53 7276032.41349298 13867281.9294127 0.000131245315643876 110808.142730449 256822.254852962 234.900097208451 120239.944499488 189799.217570743 1272.47554998962 59222.6592310909 241562.640544582 2832.28428868658 167.211615441655 5658.52635213148 366.952950257911 4598733.94670596 7958027.85751616 535.867209164488 54.6817245951047 4977.68112051452 9017.19183622212 0 2756263.0625138 5513676.41139503 0 34331.6224681407 40265.6361183185 0 20595.0231697865 38119.0786878712 0 8063.3182753024 20469.358901409 0 65.7539761828223 940.102857094018 0 1507643.07056964 1645907.93676955 0 2.04165739076155 341.803207956549 0 0 0 0 0 0 0 0 0 0 0 0 0 0 0 0 0 0 0 0 0 12897271.8078353
"55" 54 7257668.26648386 13688830.9455304 0.0000486457525267397 110126.003843091 252983.283806198 197.699189633041 119660.272668042 187884.884583066 1148.48440749562 58937.1492245579 239126.216742084 2556.30400378058 166.399866923506 5599.46166577492 329.218916086172 4618645.32861364 7926547.52393489 483.856253387237 55.5792998886726 5069.41683941866 9034.66182951164 0 2886390.31497118 5506884.50286543 0 36443.4401342081 40126.936193226 0 22571.7492538761 38306.5483746044 0 8837.24173378574 20570.027239495 0 71.9791287259229 944.063748040787 0 1590735.16998377 1653041.97332497 0 2.37169263515778 355.723605691095 0 0 0 0 0 0 0 0 0 0 0 0 0 0 0 0 0 0 0 0 0 13115869.6295175
"56" 55 7239439.63122432 13511500.8383868 0.0000175827460937394 109427.387905007 249110.865801828 166.389646130301 119066.136191534 185898.823996968 1035.97657294513 58644.5148406062 236598.503268869 2305.88333978109 165.566975722436 5538.31022298809 295.173455374181 4638459.29041231 7894096.25221183 436.616050336276 56.4724505018763 5160.17277906561 9050.33031770734 0 3015756.43321026 5500132.07016051 0 38531.6899353187 39973.9251393322 0 24586.292965567 38459.0534850108 0 9625.97146683617 20651.9201379244 0 78.3124770127388 947.182200172202 0 1674608.8014428 1660155.78324767 0 2.73183386459304 369.696229519254 0 0 0 0 0 0 0 0 0 0 0 0 0 0 0 0 0 0 0 0 0 13334467.4511996
"57" 56 7221349.01881648 13335293.3114418 0.00000674221500544971 108712.598982526 245210.092068959 140.03868348432 118457.273112931 183846.396091791 933.990787629994 58344.627055623 233986.322298643 2078.88272085386 164.712661188183 5475.23656282726 264.489117905997 4658173.40830938 7860659.50724749 393.756801698541 57.3610618754979 5249.91628562201 9064.3742705911 0 3144367.45287359 5493420.3694848 0 40593.205907889 39807.7158188379 0 26631.7281847184 38578.837576638 0 10426.7957750956 20716.2423525895 0 84.7321916982139 949.515370960314 0 1759266.18052314 1667248.077948 0 3.12254674233368 383.709059269515 0 0 0 0 0 0 0 0 0 0 0 0 0 0 0 0 0 0 0 0 0 13553065.2728818
"58" 57 7203398.85647017 13160209.1722874 0.0000025286063687972 107981.969973242 241285.684953518 117.860903904596 117833.483967513 181732.745090486 841.627940233864 58037.38762579 231296.221024255 1873.30089923021 163.836726190638 5410.39785636135 236.861523027005 4677785.22021894 7826224.13622648 354.911879734742 58.245018163977 5338.61732324304 9076.95479349033 0 3272229.96763035 5486750.61950657 0 42625.1962215602 39629.2796570586 0 28701.508633486 38668.01653429 0 11237.1516742283 20764.1300810831 0 91.2177486306218 951.116827592976 0 1844708.43913447 1674317.56855876 0 3.54419556470279 397.750892494152 0 0 0 0 0 0 0 0 0 0 0 0 0 0 0 0 0 0 0 0 0 13771663.094564
"59" 58 7185591.48482495 12986248.3711057 0.000000964657476794446 107235.860599679 237342.044793336 99.1953043439793 117194.628084835 179562.796653061 758.050571471271 57722.7272656652 228534.468467532 1687.2738526296 162.939052010339 5343.94392586472 212.008894468861 4697292.23597018 7790778.31265011 319.73816530835 59.1242026780892 5426.24835719183 9088.21827973891 0 3399351.09114398 5480124.00076611 0 44625.1952549638 39439.4692353702 0 30789.4697297606 38728.5787619908 0 12054.6256205752 20796.6510657802 0 97.7499199571925 952.036604277556 0 1930935.6853286 1681362.96720593 0 3.99704939117027 411.811291623325 0 0 0 0 0 0 0 0 0 0 0 0 0 0 0 0 0 0 0 0 0 13990260.9162461
"60" 59 7167929.15564414 12813410.037494 0.000000397420234141597 106474.65547146 233383.289228221 83.4859490925537 116540.620194647 177341.258208172 682.481695299988 57400.6039764681 225707.05590131 1519.07216050643 162.019593665252 5276.01734238084 189.671392926596 4716691.94662134 7754311.48222684 287.916002921827 59.9984982879916 5512.78424132472 9098.29749612839 0 3525738.42104703 5473541.65517294 0 46591.0231465991 39239.0372390432 0 32889.8259572321 38762.3870150381 0 12876.952481487 20814.8055776225 0 104.310752396873 952.321295698652 0 2017947.06068509 1688382.98846836 0 4.48128790937806 425.880534025144 0 0 0 0 0 0 0 0 0 0 0 0 0 0 0 0 0 0 0 0 0 14208858.7379283
"61" 60 7150414.02971732 12641692.5203138 0.000000143386514121423 105698.761480906 229413.28307511 70.2642482896348 115871.427536153 175072.62775333 614.202727722083 57071.0016222844 222819.708049692 1367.09639396206 161.078376072411 5206.75380066614 169.610145505371 4735981.83347946 7716814.2976028 259.14873376475 60.8677878092385 5598.20208310447 9107.31272948331 0 3651400.00060346 5467004.68556321 0 48520.753101317 39028.6537075368 0 34997.1561336522 38771.1823077118 0 13702.0097675867 20819.5285144976 0 110.883504969247 952.014203092754 0 2105740.80720228 1695376.35116615 0 4.99700824971457 439.949558928157 0 0 0 0 0 0 0 0 0 0 0 0 0 0 0 0 0 0 0 0 0 14427456.5596105
"62" 61 7133048.17508582 12471093.421553 0.0000000641608825783531 104908.606870732 225435.671600001 59.1366863808327 115187.065963005 172761.190471982 552.551134115532 56733.9280116291 219877.878782523 1229.87187916038 160.115488507642 5136.28205905965 151.606244690419 4755159.37662593 7678278.579704 233.161976492079 61.7319543755473 5682.48116433327 9115.37271943695 0 3776344.28600625 5460514.15527892 0 50412.6787158513 38808.9180292346 0 37106.4042102123 38756.5885033241 0 14527.8179457403 20811.6918660257 0 117.452644216062 951.155485641247 0 2194314.3109135 1702341.78027194 0 5.54422938535782 454.009924564918 0 0 0 0 0 0 0 0 0 0 0 0 0 0 0 0 0 0 0 0 0 14646054.3812926
"63" 62 7115833.56557655 12301609.6360082 0.000000022129974853837 104104.637908398 221453.893531158 49.7711712872911 114487.598111127 170411.03859571 496.917489834673 56389.4139950329 216886.77639454 1106.04215479331 159.131082418844 5064.72466505279 135.459521327018 4774222.06244472 7638697.24353964 209.702688319517 62.5908817542262 5765.60278916926 9122.57574393319 0 3900580.10933905 5454071.08790272 0 52265.2959614705 38580.3720381136 0 39212.8490591411 38720.1183414031 0 15352.5286103635 20792.1079500642 0 124.003731860916 949.78235362635 0 2283664.1748751 1709278.00888704 0 6.12289951292557 468.053757518033 0 0 0 0 0 0 0 0 0 0 0 0 0 0 0 0 0 0 0 0 0 14864652.2029748
"64" 63 7098772.07946042 12133237.3826588 0.0000000102864190743521 103287.318780059 217471.213565604 41.8890521491537 113773.128985346 168026.062527732 446.742701034884 56037.5112912899 213851.352308022 994.362786174421 158.125365017803 4992.19768949921 120.987451697138 4793167.39166317 7598064.27306432 188.53815924415 63.4444547012517 5847.55023415911 9129.01041239016 0 4024116.64878784 5447676.46691821 0 54077.2729363683 38343.5078004452 0 41312.1117974865 38663.1790268461 0 16174.4273508123 20761.5324139971 0 130.523445864033 947.929235567663 0 2373786.25073432 1716183.78032574 0 6.7328991565051 482.073716490508 0 0 0 0 0 0 0 0 0 0 0 0 0 0 0 0 0 0 0 0 0 15083250.024657
"65" 64 7081865.49859217 11965972.2426519 0.00000000349976534496689 102457.12787228 213490.721807996 35.2550561230084 113043.804953631 165609.97788483 401.51466605904 55678.291992087 210776.335489784 893.693934131412 157.098598356909 4918.81167357095 108.023840616844 4811992.88543227 7556374.64387711 169.454815292731 64.2925592099481 5928.30859139728 9134.75663992307 0 4146963.39424328 5441331.23560846 0 55847.4438889681 38098.7770784839 0 43400.115673187 38587.0792980083 0 16991.9180460662 20720.6680301898 0 136.99943703439 945.627989878316 0 2464675.71268635 1723057.85009626 0 7.37404858203395 496.062946569061 0 0 0 0 0 0 0 0 0 0 0 0 0 0 0 0 0 0 0 0 0 15301847.8463391
"66" 65 7065115.50747676 11799809.1887814 0.0000000016418194046879 101614.558117608 209515.366042642 29.6718082399053 112299.809104393 163166.31298659 360.765455599362 55311.846275298 207666.216528388 802.994078592128 156.051092528268 4844.67122811462 96.4177545113893 4830696.09285057 7513624.30638445 152.257135600199 65.135082844961 6007.86473694923 9139.88632547582 0 4269130.11997514 5435036.29681276 0 57574.7801649448 37846.5966568175 0 45473.0979189716 38493.0351232693 0 17803.5275057406 20670.167754958 0 143.420367761165 942.908067664093 0 2556327.0812689 1729898.98797806 0 8.04611004767817 510.015048448691 0 0 0 0 0 0 0 0 0 0 0 0 0 0 0 0 0 0 0 0 0 15520445.6680213
"67" 66 7048523.69293887 11634742.6209107 0.000000000563639760538782 100760.113247346 205547.9425177 24.9726723200262 111541.360710075 160698.43857232 324.067938949236 54938.2821407831 204525.28545568 721.312509274107 154.983205429649 4769.87605379359 86.0322380275793 4849274.59584256 7469810.11095262 136.766371313195 65.971914937151 6086.20718053675 9144.46419112082 0 4390626.8535213 5428792.51296285 0 59258.3922528189 37587.3548979599 0 47527.5660028094 38382.1769483214 0 18607.8883413592 20610.6386202498 0 149.775758679543 939.796721057181 0 2648734.2936849 1736705.97988969 0 8.74879478276834 523.924038869007 0 0 0 0 0 0 0 0 0 0 0 0 0 0 0 0 0 0 0 0 0 15739043.4897035
"68" 67 7032091.54359889 11470766.3940636 0.000000000262717249479867 99894.3082479123 201591.126405114 21.017809425919 110768.710672713 158209.554436556 291.033076603616 54557.7231671573 201357.614737435 647.783299537081 153.895336082695 4694.52050360658 76.7433151172293 4867726.01603036 7424929.79435109 122.819474722004 66.8029468886629 6163.32604185451 9148.5483675036 0 4511463.85044067 5422600.70595259 0 60897.5027203137 37321.4155363784 0 49560.3105818667 38255.5551599304 0 19403.7440380588 20542.6446676011 0 156.056032529921 936.319154947441 0 2741890.72388248 1743477.62986148 0 9.4817648065942 537.784324164101 0 0 0 0 0 0 0 0 0 0 0 0 0 0 0 0 0 0 0 0 0 15957641.3113856
"69" 68 7015820.44998335 11307873.8507967 0.0000000000919568033049624 99017.6658907397 197647.458855098 17.6892190811781 109982.141130192 155702.71788029 261.306770697879 54170.3083178556 198167.095484005 581.618296069474 152.787924567959 4618.69454792524 68.4388223276942 4886048.01868097 7378981.91165755 110.267862502186 67.6280723277195 6239.21291539342 9152.19109239804 0 4631651.56676269 5416461.65728535 0 62491.4522178903 37049.1220659901 0 51568.3635452032 38114.1468857323 0 20189.9325275575 20466.7105995222 0 162.252368947926 932.49871691822 0 2835789.24580164 1750212.76171615 0 10.2446391302134 551.590667259457 0 0 0 0 0 0 0 0 0 0 0 0 0 0 0 0 0 0 0 0 0 16176239.1330678
"70" 69 6999711.70441036 11146057.2252811 0.0000000000432571611333242 98130.7170795676 193719.373972851 14.8878218043527 109181.961214854 153180.831617741 234.567332118884 53776.1898520924 194957.422058943 522.101481167839 151.661445821028 4542.48337403005 61.0174921515569 4904238.31880993 7331965.41296584 100.009053711531 68.4471873785144 6313.86084760041 9155.43921884572 0 4751201.25850017 5410376.10806673 0 64039.675513018 36770.800494167 0 53549.0093959301 37958.8610958213 0 20965.3906444728 20383.3245189718 0 168.356743838363 928.357035907711 0 2930422.66208909 1756909.18822386 0 11.0369954255314 565.338164750994 0 0 0 0 0 0 0 0 0 0 0 0 0 0 0 0 0 0 0 0 0 16394836.9547499
"71" 70 6983766.50147416 10985304.0595718 0.00000000001872155047626 97233.9977506028 189809.176024056 12.5300499719692 108368.506649431 150646.669121796 210.522663336246 53375.5331258394 191732.124336831 468.582702264548 150.51640950135 4465.96823862648 54.3879316481077 4922294.68439967 7283877.18332799 100.007861133657 69.2601907853512 6387.26421824625 9158.3347879364 0 4870128.57062531 5404344.75924801 0 65541.7179269354 36486.7622224572 0 55499.747698422 37790.5446826733 0 21729.1394237357 20292.9411941823 0 174.361800613221 923.914188239561 0 3025786.15931019 1763557.69024836 0 11.8583754119185 579.022219802133 0 0 0 0 0 0 0 0 0 0 0 0 0 0 0 0 0 0 0 0 0 16613434.7764321
"72" 71 6967985.93834105 10825612.4584232 0.00000000000882992625693495 96328.048848631 185919.074669848 10.5456764839936 107542.136172148 148102.866578455 188.907948959371 52968.5148310577 188494.55746349 420.472531554731 149.3533548149 4389.22619876227 48.4678001508404 4940214.94146817 7234722.07337133 100.004314401701 70.0669841343616 6459.41871079036 9160.91546609954 0 4988438.28657888 5398368.27175057 0 66997.2019517006 36197.3060193909 0 57418.2994961819 37609.9871239095 0 22480.2866132997 20195.9845624924 0 180.260873151246 919.18882215702 0 3121867.28078425 1770167.30946151 0 12.7082866675291 592.638522326819 0 0 0 0 0 0 0 0 0 0 0 0 0 0 0 0 0 0 0 0 0 16832032.5981143
"73" 72 6952371.01546072 10666973.9194915 0.00000000000449920804185822 95413.414370346 182051.182163346 8.87556655830097 106703.230195847 145551.937360082 169.483268425457 52555.322335268 185247.920276469 377.236952301827 148.172848863558 4312.33059388779 43.1829605792863 4957996.97731695 7184501.55826526 100.004346099206 70.8674719843988 6530.32123005677 9163.21499673125 0 5106141.50342429 5392447.26675355 0 68405.826546805 35902.7198621626 0 59302.5839279667 37417.9255238674 0 23218.0175189375 20092.850437593 0 186.047906761612 914.198292619724 0 3218657.26508822 1776736.85801175 0 13.5862064520923 606.183027832084 0 0 0 0 0 0 0 0 0 0 0 0 0 0 0 0 0 0 0 0 0 17050630.4197966
"74" 73 6936922.63733285 10509379.5717384 0.00000000000245756022767828 94490.6402828633 178207.511084242 7.46995053853622 105852.188665573 142996.276465518 152.031458431334 52136.1526263268 181995.260956115 338.392601024586 146.975483705153 4235.35119050918 38.4667278851062 4975638.74404663 7133217.77196003 100.008220590188 71.661562014159 6599.96984667781 9165.26358916442 0 5223249.39870246 5386582.32598277 0 69767.3681726195 35603.2823563914 0 61150.7084069091 37215.0490250559 0 23941.5911591921 19983.9088784111 0 191.717425987197 908.958777750289 0 3316147.01130693 1783265.19049265 0 14.4915844077948 619.651939412211 0 0 0 0 0 0 0 0 0 0 0 0 0 0 0 0 0 0 0 0 0 17269228.2414787
"75" 74 6921641.6134406 10352820.2077477 0.0000000000014285596608274 93560.2733522449 174389.977632925 6.28694074700939 104989.429154059 140438.166033811 136.35611140357 51711.2113743866 178739.484043032 303.502312478916 145.761873774933 4158.35436184185 34.2591702531148 4993138.26163969 7080873.48187318 99.9958640354616 72.4491651494848 6668.36374034992 9167.08827522758 0 5339773.20364364 5380773.99205435 0 71081.6759269714 35299.263904297 0 62960.9575917989 37002.002937792 0 24650.3359474371 19869.5064066607 0 197.264498396166 903.485387070881 0 3414327.10311364 1789751.21894459 0 15.4238452478916 633.041691172226 0 0 0 0 0 0 0 0 0 0 0 0 0 0 0 0 0 0 0 0 0 17487826.0631609
"76" 75 6906528.65932264 10197286.2626004 0.000000000000878392955364847 92622.8600304966 170600.404483149 5.29128322235878 104115.385032818 137879.780493987 122.279722427348 51280.7120310891 175483.356992348 272.170995080229 144.532653410875 4081.4032541912 30.5064669438753 5010493.62073373 7027472.02892204 100.00083301544 73.2301956770708 6735.50314590829 9168.71323213411 0 5455724.23001366 5375022.7688616 0 72348.6671946207 34990.9276478403 0 64731.7829820679 36779.3925451926 0 25343.6456181286 19749.9680500647 0 202.684700676948 897.79226045168 0 3513187.86720756 1796193.83916895 0 16.3823912773097 646.348933181423 0 0 0 0 0 0 0 0 0 0 0 0 0 0 0 0 0 0 0 0 0 17706423.8848431
"77" 76 6891584.39777448 10042767.9064033 0.000000000000567863120318213 91678.9454003116 166840.523340918 4.45330714346755 103230.503717217 135323.19136325 109.641978844586 50844.8749651963 172229.516280501 244.041823879887 143.288474480623 4004.55794072332 27.1603198712061 5027702.98509686 6973017.34681626 99.9917914372016 74.0045713451272 6801.38930200907 9170.16007447472 0 5571113.78348314 5369329.12200344 0 73568.3236657862 34678.5302244091 0 66461.7931222752 36547.7865962159 0 26020.9753916856 19625.5992180651 0 207.974086946798 891.892658254322 0 3612719.35219845 1802592.04948625 0 17.3666047560956 659.570517823165 0 0 0 0 0 0 0 0 0 0 0 0 0 0 0 0 0 0 0 0 0 17925021.7065254
"78" 77 6876809.36016951 9889254.99063383 0.000000000000384124243556555 90729.0721767842 163111.977244193 3.74804063223462 102335.244984011 132770.371713253 98.2981857851909 50403.9266339155 168980.473089595 218.792736102523 142.030004107969 3927.87556348876 24.1774157877707 5044764.5938181 6917513.88294168 99.9989759832182 74.7722134515467 6866.02440222058 9171.44811793517 0 5685953.22334122 5363693.47928993 0 74740.6876922354 34362.3223667107 0 68149.7443896034 36307.7205017289 0 26681.8383676318 19496.6874180618 0 213.129159149047 885.799043193346 0 3712911.40561171 1808944.82446655 0 18.3758501160089 672.703487414704 0 0 -0.0000375915631427179 0 0 -1.10711028631268e-16 0 0 -7.90993620490053e-27 0 0 -4.24751407008365e-27 0 0 -2.0716914746831e-28 0 0 -0.00000812456954071678 0 0 2.53726598330857e-38 18143619.528253
"79" 78 6862203.98789155 9736737.13560304 0.000000000000270558748207375 89773.7797652223 159416.322726927 3.15446658591386 101430.079359906 130223.200323892 88.1178202943199 49958.0987892066 165738.618594044 196.133212913165 140.757922496889 3851.41046452385 21.5189358428979 5061676.76322455 6860966.61782726 100.001237418691 75.533046920097 6929.41154833927 9172.5946172001 0 5800253.88123452 5196531.69234787 0 75865.8588598821 33963.2282632787 0 69794.5323379307 36056.8173938621 0 27325.8021356455 19361.9563085707 0 218.146839419063 879.447824222917 0 3813753.65202841 1780181.55355061 0 19.4094760400128 685.744780365189 0 0 161584.538711392 0 0 79.3211102524974 0 0 2.88185615324525 0 0 1.54751242510434 0 0 0.0753302359072155 0 0 35069.67443797 0 0 0.00028261354212743 18165479.3106484
"80" 79 6847768.63386985 9585203.70686435 0.000000000000197609717672698 88813.6033741403 155755.031777798 2.65489636266686 100515.486579753 127683.465545843 78.9832063884457 49507.6277183851 162506.228876527 175.801330348475 139.472920851252 3775.21430688393 19.1501092529492 5078437.88853649 6803381.0093997 99.9996964912792 76.2870003651662 6991.55470575838 9173.61498034123 0 5914027.09108865 5029806.72018059 0 76943.9908494043 33421.3895814277 0 71395.1835687818 35782.8071066484 0 27952.4855928916 19214.8169992086 0 223.024444292712 872.517956339781 0 3915235.54616154 1751156.77682035 0 20.4668174137563 698.68838130792 0 0 322791.0109132 0 0 298.061892387516 0 0 21.392952337233 0 0 11.4876863351603 0 0 0.558118309417868 0 0 70353.5629396804 0 0 0.00425274828941562 18187339.0928166
"81" 80 6833503.56420781 9434643.85152759 0.00000000000014909470390024 87849.0731824203 152129.493717495 2.23444265600295 99591.9541130237 125152.868892477 70.7883032515642 49052.7535183544 159285.469499517 157.561062076063 138.175699388314 3699.33618642014 17.0398078645226 5095046.44527269 6744762.98007046 99.9888815238649 77.034006145564 7052.4586607328 9174.52296182454 0 6027284.1592364 4863517.41972857 0 77975.2884622929 32762.4422826072 0 72950.8480999664 35474.619145781 0 28561.5559562085 19049.3248048209 0 227.759660636567 864.722212960371 0 4017346.38283244 1721863.69461157 0 21.5471971576272 711.523485608169 0 0 483620.877088312 0 0 630.821820350819 0 0 67.0556368791985 0 0 36.0078455432243 0 0 1.74607709728586 0 0 105857.589536885 0 0 0.0202638502618771 18209198.8749848
"82" 81 6819408.95989811 9285046.5308399 0.000000000000115769681591251 86880.7135595989 148541.017004633 1.880575849654 98659.9757572375 122633.028384138 63.4375988217626 48593.7194028179 156078.39976163 141.199816732311 136.866965444217 3623.82273516322 15.1601784780524 5111500.99041623 6685118.90296051 99.9326603861974 77.7740004078861 7112.12897939598 9175.33083611125 0 6140036.33837675 4697663.0808437 0 78960.0048030693 32008.0204883859 0 74460.7921985415 35124.8046429184 0 29152.7259560843 18861.4797976882 0 232.350523168961 855.869709956999 0 4120075.30754884 1692293.40928326 0 22.6499279472942 724.235784914439 0 0 644075.129240757 0 0 1056.19761883253 0 0 147.747446566443 0 0 79.338106130502 0 0 3.84003488462681 0 0 141589.845011713 0 0 0.0603239495497331 18231058.657153
"83" 82 6805484.91861536 9136400.43121831 0.000000000000092343402530421 85909.0423381375 144990.83094186 1.58275063215454 97720.0502970481 120125.481665734 56.8451011762211 48130.7710418294 152886.97666548 126.526192940621 135.547431669706 3548.71821709429 13.4863099201224 5127800.16335271 6624455.50173244 99.9483319272944 78.5069231199239 7170.57196839862 9176.04955367447 0 6252294.92316344 4532243.36515689 0 79898.4386464145 31176.3860569339 0 75924.3916476018 34728.772162517 0 29725.7512004862 18648.8164475498 0 236.795393453522 845.845092774878 0 4223411.41322524 1662435.37081472 0 23.7743138300765 736.808731580108 0 0 804154.352622401 0 0 1556.15383268622 0 0 268.467267176643 0 0 144.162792865917 0 0 6.96479681040669 0 0 177559.957161255 0 0 0.138823593928547 18252918.4393212
"84" 83 6791731.45657925 8988694.16399832 0.0000000000000754303952975537 84934.5701365134 141480.087377287 1.33209174415726 96772.6802276997 117631.688915046 50.9334203683024 47664.1559330459 149713.05861915 113.36793565848 134.21781431428 3474.06461695147 11.9959319966217 5143942.68659096 6562779.95912504 99.9934177071093 79.2327180946071 7227.79463705026 9176.68888110264 0 6364071.05714548 4367258.26239683 0 80790.9318939896 30282.9584470327 0 77341.1254218734 34284.1641429011 0 30280.4276987424 18410.0687800502 0 241.092940267559 834.591631722849 0 4327343.62795884 1632278.18158682 0 24.9196517439709 749.224525372508 0 0 963858.770072645 0 0 2115.4930615526 0 0 431.960665509154 0 0 231.95623288796 0 0 11.1860930182039 0 0 213778.599142944 0 0 0.27154217415253 18274778.2214894
"85" 84 6778148.5104804 8841916.22081461 0.0000000000000628833969675544 83957.7997318899 138009.862410116 1.12112949368174 95818.3705415543 115153.035567655 45.6329336775715 47194.1228040489 146558.408904289 101.570078185563 132.878831597021 3399.90172297867 10.6691436172845 5159927.36627736 6500099.8524688 99.9699241150987 79.9513330049466 7283.8046608577 9177.25752682433 0 6475375.78412873 4202708.06164464 0 81637.8671115536 29340.7606848747 0 78710.5697325874 33790.3496378607 0 30816.589530004 18144.8979867799 0 245.242121202387 822.097537825024 0 4431860.77559344 1601809.87057246 0 26.0852329455839 761.464874976174 0 0 1123188.27144621 0 0 2721.41005386187 0 0 639.228742638875 0 0 343.256002074751 0 0 16.5243015845607 0 0 250257.110898275 0 0 0.474880061958268 18296638.0036576
"86" 85 6764735.93946204 8696054.83847113 0.0000000000000534432337614591 82979.2254810867 134581.158058533 0.943577157591565 94857.6275764146 112690.834874127 40.8810275822481 46720.9210450994 143424.698930708 90.9932549411328 131.531202162324 3326.26720417927 9.48816754868875 5175753.09251367 6436423.02146083 99.9869760475448 80.6627193904399 7338.61034636637 9177.76325385394 0 6586220.19008779 4038593.33550359 0 82439.6651874783 28360.7947408155 0 80032.3924186956 33248.0130978758 0 31334.1066473066 17853.6716071185 0 249.242165409511 808.384928285389 0 4536951.70380285 1571017.91644903 0 27.270344352651 773.51157752531 0 0 1282142.43014816 0 0 3363.11636096858 0 0 889.940784521723 0 0 477.884512071716 0 0 22.9655176043275 0 0 287007.213242085 0 0 0.765273260032481 18318497.7858258
"87" 86 6751493.52715024 8551098.23019364 0.000000000000046187710404631 81999.3327885197 131194.903883192 0.794143635812037 93890.9579243372 110246.330304038 36.6214101375209 46244.8001716883 140313.511296049 81.5121709512561 130.175643618737 3253.19668259462 8.43712942239375 5191418.83948881 6371757.70552564 99.9876034167081 81.3668326553922 7392.22059721962 9178.21298083652 0 6696615.17872196 3874914.93573788 0 83196.7831181523 27352.3575130275 0 81306.347662746 32658.8223345041 0 31832.8828087404 17537.2852302178 0 253.092557412501 793.500967925842 0 4642605.14237858 1539889.83047368 0 28.4742698064434 785.346951705471 0 0 1440720.50821977 0 0 4031.5243611006 0 0 1182.76758079769 0 0 635.127997361663 0 0 30.4704424752791 0 0 324040.797996225 0 0 1.15875496451783 18340357.567994
"88" 87 6738420.98372658 8407034.47056844 0.0000000000000405216390233227 81018.597619757 127851.958694986 0.66837577534258 92918.8673996356 107820.697816179 32.8034878300489 45766.0093162382 137226.342675138 73.0142148475277 128.81287115911 3180.72380126874 7.50185879383248 5206923.66543446 6306112.42875684 99.9742346503449 82.0636320595932 7444.64488135954 9178.61287255359 0 6806571.59333874 3711673.99947191 0 83909.7117901509 26323.3068395854 0 82532.2710015194 32025.161655914 0 32312.8536240271 17197.0191928883 0 256.793021878831 777.51079407627 0 4748809.81373801 1508413.07798101 0 29.6962912589266 796.954153583756 0 0 1598921.45088204 0 0 4718.98123713994 0 0 1515.64943731559 0 0 813.880433867958 0 0 38.9814862774972 0 0 361369.780755151 0 0 1.67063482695583 18362217.3501622
"89" 88 6725517.94803641 8263851.51979058 0.0000000000000360485754760644 80037.4860592799 124553.11223725 0.562525665282188 91941.8600647473 105415.048008608 29.3818013690178 45284.7967483081 134164.606556409 65.3982030471682 127.443596260222 3108.88028837017 6.66971021295197 5222266.71241418 6239495.98717648 99.9926382180224 82.753080701786 7495.89319930386 9178.96842094614 0 6916100.19942978 3548871.96557719 0 84578.9738673004 25280.2854667447 0 83710.0746104772 31349.9185369119 0 32773.984708296 16834.4240246857 0 260.34350927697 760.491899975788 0 4855554.44092777 1476575.18941544 0 30.9356898890815 808.317399041871 0 0 1756743.87090755 0 0 5419.04498509793 0 0 1886.0105316393 0 0 1012.75864456414 0 0 48.4284085342284 0 0 399006.005631217 0 0 2.3152719929454 18384077.1323305
"90" 89 6712783.98972709 8121537.35803431 0.0000000000000324323515807489 79056.4539110289 121299.086888075 0.473438948230822 90960.4373126352 103030.428164579 26.3155152602376 44801.409422641 131129.635845827 58.5732436437541 126.06852546004 3037.69601801114 5.92940242743295 5237447.2059555 6171917.52090155 99.9208505152345 83.4351454963459 7545.97605343986 9179.28451761187 0 7025211.5571147 3386510.60122729 0 85205.1217350316 24228.9096444361 0 84839.7428367822 30636.3141694285 0 33216.2699331826 16451.2294561276 0 263.744182331043 742.529708010532 0 4962827.67054481 1444364.02281941 0 32.1917471524142 819.422112313626 0 0 1914186.02283838 0 0 6126.29578611658 0 0 2290.92927730182 0 0 1230.19378245775 0 0 58.7327663474208 0 0 436961.193521646 0 0 3.10592237233408 18405936.9144987
"91" 90 6700218.61141005 7980079.71463131 0.0000000000000295340232626819 78075.946340275 118090.539330797 0.398460819720061 89975.0970043656 100667.824200236 23.567956386276 44316.0925543888 128122.685345755 52.4577093759042 124.688359210727 2967.19906797253 5.270873992117 5252464.45453443 6103386.28093634 99.9687420628315 84.1097971435858 7594.90441828412 9179.56551864382 0 7133916.29875625 3224592.03922868 0 85788.7355518555 23173.9279628046 0 85921.3279720577 29887.7698932411 0 33639.7297717885 16049.2726940469 0 266.995403240386 723.714110926447 0 5070618.30086812 1411767.27842393 0 33.4637457673936 830.255016515367 0 0 2071245.76644049 0 0 6836.17713135903 0 0 2727.27270788702 0 0 1464.50349277513 0 0 69.8113920618416 0 0 475246.927599837 0 0 4.05464421350768 18427796.6966669
"92" 91 6687821.25084128 7839466.46755414 0.0000000000000271540906804165 77096.3975553513 114928.062299688 0.335356914434903 88986.3326604948 98328.1625297973 21.1061971788196 43829.0892208407 125144.934128832 46.9783098496303 123.303790805485 2897.41577485467 4.68515370314267 5267317.84892102 6033911.90435839 99.9988322337053 84.7770100940893 7642.68971166131 9179.81530259436 0 7242224.73623879 3063118.82761255 0 86330.4212986025 22119.3551540625 0 86954.9462394169 29107.8028854225 0 34044.4097275317 15630.44240843 0 270.09772157727 704.136798074823 0 5178915.00144584 1378773.15888742 0 34.7509706422928 840.804179076102 0 0 2227920.51790737 0 0 7544.86197816077 0 0 3191.80151246986 0 0 1713.94831537715 0 0 81.5790836674414 0 0 513874.671876464 0 0 5.17224904010825 18449656.4788351
"93" 92 6675591.28311498 7699685.39685868 0.0000000000000251731716904779 76118.2305277452 111812.186369772 0.282246721618213 87994.6327048745 96012.3118601566 18.9006793164647 43340.6399889681 122197.487822017 42.0692539624533 121.915505377322 2828.3707870466 4.16424441163801 5282006.86139542 5963504.20121861 99.9813979239768 85.4367625074648 7689.34376676336 9180.03732227208 0 7350147.11424644 2902093.99257018 0 86830.8088540887 21068.5848360605 0 87940.7739752519 28299.9456356255 0 34430.3788392499 15196.6354918829 0 273.051862796628 683.889216079529 0 5287706.52082914 1345369.86564657 0 36.0527097455143 851.059022517384 0 0 2384207.18772885 0 0 8249.13996320562 0 0 3681.25120452365 0 0 1976.77527121386 0 0 93.9506587950004 0 0 552855.819322462 0 0 6.46828746902469 18471516.2610032
"94" 93 6663528.02286563 7560724.22456774 0.0000000000000235162516860163 75141.8567490613 108743.381641247 0.237547545421776 87000.4797594742 93721.0849186826 16.9248742102191 42850.9825680993 119281.380805596 37.671494209842 120.52417896776 2760.0871156417 3.70101889938012 5296531.04484242 5892173.15814797 99.9465576787839 86.0890362058972 7734.87880505522 9180.23465101043 0 7457693.57704973 2741521.11906756 0 87290.5502441389 20024.4845447824 0 88879.0439994511 27467.6846905231 0 34797.728260075 14749.7241663386 0 275.858717335594 663.061040149111 0 5396981.67747215 1311545.56808766 0 37.3682549222481 861.010309012106 0 0 2540102.10088767 0 0 8946.32232729159 0 0 4192.39394942669 0 0 2251.25106274449 0 0 106.842496303794 0 0 592201.770165571 0 0 7.95106145281436 18493376.0431714
"95" 94 6651630.72647323 7422570.65245603 0.0000000000000221289977422595 74167.6760233421 105722.059560863 0.199927340209247 86004.3499887928 91455.2401239911 15.1549768490544 42360.3514870174 116397.578339624 33.7320452446691 119.13047766352 2692.58618361894 3.28912661755718 5310890.0317332 5819928.94177274 99.9385164093337 86.7338166228765 7779.30740999542 9180.41002398315 0 7564874.137331 2581404.45089953 0 87710.3178189477 18989.4758743281 0 89770.0421574329 26614.4149462455 0 35146.5699035772 14291.5314387979 0 278.519330247104 641.739054510751 0 5506729.35070902 1277288.34160027 0 38.6969026602118 870.650105492129 0 0 2695600.89762159 0 0 9634.16173455706 0 0 4722.08477945577 0 0 2535.68689067808 0 0 120.173667185592 0 0 631924.039114813 0 0 9.62765615211957 18515235.8253395
"96" 95 6639898.59426767 7285212.38994994 0.0000000000000209664915240398 73196.0762932451 102748.574682677 0.168265015292726 85006.712492429 89215.483207928 13.5696298685025 41868.9777947786 113546.978628271 30.2033697073115 117.735056799162 2625.88787355527 2.92291019979752 5325083.53300222 5746781.89599334 99.9858939929322 87.3710927474569 7822.64250154626 9180.56587508459 0 7671698.65482739 2421749.01923181 0 88090.8025536123 17965.6020987418 0 90614.1040197333 25743.4064288721 0 35477.0351515967 13823.8132629656 0 281.034891320194 620.006358878093 0 5616938.47776402 1242586.0539618 0 40.0379548068601 879.971734715126 0 0 2850698.40570147 0 0 10310.7846129599 0 0 5267.29526326123 0 0 2828.4565339637 0 0 133.86673805528 0 0 672034.398142671 0 0 11.5039860059958 18537095.6075078
"97" 96 6628330.77272797 7148637.22820641 0.0000000000000199681698640472 72227.4334985632 99823.22646733 0.14161702617475 84008.0287443551 87002.4687928903 12.1496749763699 41377.0887845332 110730.414827314 27.0428249474036 116.338560223672 2560.01057400208 2.59733076218107 5339111.33682718 5672742.5771221 99.9879798955956 88.0008570643992 7864.89731145004 9180.70436984078 0 7778176.76871933 2262560.80374153 0 88432.7123698521 16954.5852781596 0 91411.6117313737 24857.7810523997 0 35789.2736207138 13348.246058636 0 283.406725661205 597.94183312694 0 5727598.01281206 1207426.2980298 0 41.3907192403744 888.96971658964 0 0 3005388.48011298 0 0 10974.6340144435 0 0 5825.13714681821 0 0 3128.00904461762 0 0 147.848315218649 0 0 712545.057007588 0 0 13.5848506819685 18558955.3896759
"98" 97 6616926.35667234 7012832.90298917 0.0000000000000191112875658968 71262.1114655953 96946.2610816118 0.119189256707286 83008.7520774351 84816.8019305826 10.8779291215801 40884.9077396323 107948.657002559 24.2121648190005 114.941619628933 2494.97122472061 2.30790109638266 5352973.30731976 5597821.62298029 99.9782295458343 88.6231054905343 7906.08535925195 9180.82743476962 0 7884318.04113894 2103846.94260721 0 88736.7705142906 15957.8745382948 0 92162.9909997608 23960.4972994374 0 36083.4519829581 12866.4184854625 0 285.636284698972 575.619804968984 0 5838697.0520004 1171795.89470661 0 42.7545104965262 897.639703151487 0 0 3159663.79388944 0 0 11624.4213064758 0 0 6392.87802642868 0 0 3432.87716388425 0 0 162.049384675484 0 0 753468.896237876 0 0 15.8739974958993 18580815.1718442
"99" 98 6605684.39143541 6877787.17630512 0.000000000000018379124242964 70300.4618258721 94117.8732140847 0.100313354249547 82009.3272117139 82659.0396073909 9.73898302539394 40392.653701292 105202.41404577 21.6770912500701 113.544853938049 2430.78536094019 2.05062594778954 5366669.38313434 5522029.79420692 99.9967681949191 89.2378373076746 7946.22042905159 9180.93678356629 0 7990131.88182896 1945616.00713463 0 89003.713974629 14976.6869571212 0 92868.7082111649 23054.341148345 0 36359.7528368585 12379.8265709698 0 287.725137581556 553.1098758463 0 5950224.7861909 1135680.71981769 0 44.1286503533847 905.978409848329 0 0 3313515.56430833 0 0 12259.0852616339 0 0 6967.95073533517 0 0 3741.68236270344 0 0 176.405492968556 0 0 794819.76717165 0 0 18.3741876300523 18602674.9540124
"100" 99 6594603.87502914 6743487.89995323 0.0000000000000177426704675839 69342.8239627636 91338.2078490168 0.0844268126070145 81010.1898249991 80529.6922175939 8.71901990959011 39900.5412570892 102492.335549665 19.4068507665067 112.148868751425 2367.46715667557 1.82194864883126 5380199.57600206 5445378.00378583 99.9928068851384 89.8450550923906 7985.31654696835 9181.03394045094 0 8095627.4907938 1787878.36112085 0 89234.2919885266 14012.0422705695 0 93529.267672185 22141.9218843455 0 36618.373627428 11889.8714611862 0 289.674962953207 530.476868882638 0 6062170.46542746 1099065.41482134 0 45.5124683756962 913.983545193364 0 0 3466933.19434724 0 0 12877.7573338069 0 0 7547.95781118597 0 0 4053.13724067047 0 0 190.856805162085 0 0 836612.878232046 0 0 21.0872640755129 18624534.7361806
"101" 100 6583683.76028422 6609922.93103339 0.0000000000000171911091894923 68389.5249845058 88607.3621072308 0.0710562092186443 80011.7661642524 78429.2250111371 7.80565245440163 39408.7803495572 99819.0136505379 17.373871592055 110.754255848557 2305.02946731639 1.61870344930281 5393563.96919688 5367877.22843936 99.9931573053969 90.4447646429577 8023.38795930628 9181.12026098134 0 8200813.94888958 1630646.66870053 0 89429.264533672 13064.7924464438 0 94145.208963316 21225.6716927093 0 36859.5256100378 11397.8592021896 0 291.48754106969 507.780869846149 0 6174523.48149133 1061932.68209781 0 46.9053024206862 921.653740369006 0 0 3619903.7656547 0 0 13479.7320720715 0 0 8130.67215055352 0 0 4366.04587750242 0 0 205.348069102068 0 0 878865.330504516 0 0 24.0142197069125 18646394.5183488
"102" 101 6572922.95696904 6477080.2022435 0.0000000000000167104088447413 67440.8797222079 85925.3870161564 0.0598030970566843 79014.472696303 76358.0595156624 6.98777620106759 38917.5761041492 97182.9848381157 15.5534373507631 109.361592743444 2243.48387147442 1.43807295061961 5406762.71594056 5289538.54464761 99.9914039795732 91.0369749037679 8060.44911140715 9181.19695060128 0 8305700.15351967 1473936.57487351 0 89589.4009338349 12135.6470360436 0 94717.104403221 20307.8481502482 0 37083.4328576351 10905.0020780017 0 293.164746248189 485.077338005686 0 6287273.32579604 1024262.68653798 0 48.3064991068636 928.988479977349 0 0 3772411.35883487 0 0 14064.44176292 0 0 8714.03473814272 0 0 4679.30261365796 0 0 219.828509171985 0 0 921596.826339054 0 0 27.155264282884 18668254.300517
"103" 102 6562320.33388329 6344947.70768158 0.0000000000000162902314881977 66497.1907514216 83292.2892965685 0.0503321308144422 78018.7157963986 74316.5749351182 6.25543778068593 38427.1286758381 94584.7317356051 13.9233937699137 107.971442291538 2182.84071216025 1.27755011016483 5419796.03775277 5210373.0976185 99.9886042762158 91.6216978874883 8096.51462717981 9181.26508116764 0 8410294.83871452 1317767.69981977 0 89715.4784905201 11225.1951019536 0 95245.5566178085 19390.5389123491 0 37290.331308993 10412.4211274524 0 294.708539633026 462.417268654644 0 6400409.61430728 986031.991759746 0 49.7154142474076 935.988034829996 0 0 3924436.05993954 0 0 14631.4345024512 0 0 9296.15015693292 0 0 4991.88963935257 0 0 234.251667855071 0 0 964830.691780454 0 0 30.5098894713338 18690114.0826853
"104" 103 6551874.72092383 6213513.51548964 0.0000000000000159218417127072 65558.7484358808 80708.0331687443 0.0423610735397356 77024.89147311 72305.1095293088 5.59971650366148 37937.6331136214 92024.6848554839 12.4638851210528 106.584352346177 2123.10913742503 1.1349043356299 5432664.22275252 5130392.09240956 99.9849716165228 92.1989485952383 8131.59928929608 9181.32560567335 0 8514606.56825456 1162165.21940182 0 89808.2811346314 10333.9245500472 0 95731.1962047347 18475.6680507855 0 37480.467854322 9921.14954748774 0 296.12096224719 439.847393316118 0 6513922.0902965 947211.959124823 0 51.1314132495726 942.653397432289 0 0 4075952.38076587 0 0 15180.3548704814 0 0 9875.28042713143 0 0 5302.8736861715 0 0 248.575209165173 0 0 1008595.48519994 0 0 34.0769312372572 18711973.8648535
"105" 104 6541584.9111203 6082765.76715877 0.0000000000000156002169021576 64625.8309920459 78172.5421086915 0.0356523859093999 76033.3851281112 70323.9619736011 5.01261798337643 37449.2792422041 89503.2243300377 11.1571174468699 105.20085546243 2064.29714043835 1.00815123793376 5445367.62391684 5049606.77480489 99.9951947360427 92.7687449350475 8165.71802004449 9181.37937136071 0 8618643.7420134 1007162.04708035 0 89868.5981646556 9462.23962623731 0 96174.6794923459 17565.0036397996 0 37654.0994578558 9432.13676677897 0 297.404128327295 417.410407429458 0 6627800.63733519 907766.521549709 0 52.5538714814695 948.986220639154 0 0 4226927.07773335 0 0 15710.9264459833 0 0 10449.8375792304 0 0 5611.4020389154 0 0 262.760694213198 0 0 1052927.20748314 0 0 37.8546291097678 18733833.6470217
"106" 105 6531449.66263855 5952692.71311754 0.0000000000000153156790923856 63698.704573117 75685.7005913914 0.0300061475033306 75044.5713493661 68373.3927001596 4.4869785947416 36962.2515601355 87020.681618385 9.98714590442469 103.8214686463 2006.41159904259 0.895525655351886 5457906.65730244 4968028.44287002 99.9968123517094 93.3311076388428 8198.88586283279 9181.42713139896 0 8722414.56589536 852802.768742229 0 89897.2230316486 8610.47748254142 0 96576.6863884277 16660.1663097279 0 37811.4923155987 8946.25303888806 0 298.560218927569 395.145218536275 0 6742035.26161578 867648.27073031 0 53.9821746075501 954.988759832838 0 0 4377315.21783962 0 0 16222.9352591785 0 0 11018.3752443745 0 0 5916.69801975734 0 0 276.773335950548 0 0 1097873.26573707 0 0 41.8406819728288 18755693.4291899
"107" 106 6521467.70074971 5823282.68723334 0.0000000000000150631187425373 62777.6233712164 73247.355831504 0.0252540991304114 74058.8137362624 66453.6252207819 4.01637968392735 36476.7291536815 84577.3411900861 8.93968381261232 102.44669314726 1949.45831478299 0.795457601279854 5470281.80023568 4885668.40858515 99.9896068271084 93.8860601782021 8231.11796433067 9181.46955528146 0 8825927.08273556 699151.087010262 0 89894.9521578568 7778.92568489932 0 96937.9183162008 15762.6386610921 0 37952.9210472307 8464.29449748952 0 299.591475785277 373.087212529426 0 6856616.12420823 826790.921545709 0 55.4157188940662 960.663818900335 0 0 4527052.73512532 0 0 16716.2123076974 0 0 11579.5793713292 0 0 6218.05600339723 0 0 290.581735578363 0 0 1143499.94878843 0 0 46.0323000975089 18777553.2113582
"108" 107 6511637.71976343 5694524.11868422 0.0000000000000148401059316383 61862.8297364652 70857.3195096745 0.021254628666271 73076.4647552457 64564.8474340512 3.59507055071372 35992.8856257181 82173.4421887924 8.00193122578201 101.077014292093 1893.44205149714 0.706550823967187 5482493.58947605 4802537.99069775 99.9864266067696 94.4336286791062 8262.42955724502 9181.50723808153 0 8929189.16570186 546303.504122905 0 89862.5837981631 6967.84320058808 0 97259.0962305702 14873.7756720741 0 38078.667919434 7986.98874502448 0 300.500195425401 351.268541770675 0 6971533.54211956 785095.601399677 0 56.8539114857085 966.014700297273 0 0 4676042.74855857 0 0 17190.6125987766 0 0 12132.257939085 0 0 6514.8358928889 0 0 304.157596862903 0 0 1189906.14630647 0 0 50.426253125359 18799412.9935264
"109" 108 6501958.38492334 5566405.55084467 0.0000000000000146433554133803 60954.5543117258 68515.3694338784 0.0178885509797122 72097.8656245238 62707.2129145979 3.21789932038362 35510.8890389446 79809.1800731246 7.16242106795052 99.712901358058 1838.36657339011 0.62756369892918 5494542.61935816 4718648.51429234 99.9903559606406 94.9738418359008 8292.8359437199 9181.54070869087 0 9032208.50455356 394423.574347969 0 89800.9169923351 6177.49202009879 0 97540.9587157416 13994.8166625638 0 38189.0221010762 7515.00127721041 0 301.288723509117 329.718450053885 0 7086777.98266714 742396.570585538 0 58.2961706545633 971.045159609176 0 0 4824121.31037452 0 0 17645.9835624235 0 0 12675.3291036442 0 0 6806.45675464667 0 0 317.475403420577 0 0 1237257.65054746 0 0 55.0189135889265 18821272.7756946
"110" 109 6492428.33426378 5438915.65586076 0.0000000000000144664091053448 60053.0161818071 66221.2512316001 0.0150555561886416 71123.3462264266 60880.8421856673 2.88025090869545 35030.9018727177 77484.7082363039 6.41088105483813 98.3548074834062 1784.23468263132 0.55739220389481 5506429.53991686 4634011.30745293 99.9790847229446 95.5067308246789 8322.35247935301 9181.57043715147 0 9134992.59607951 243848.661152134 0 89710.75050975 5408.20291215033 0 97784.2601596444 13126.9007536755 0 38284.2789484638 7048.94378456358 0 301.959449411795 308.463685174239 0 7202340.06079767 698354.391071626 0 59.7419260225483 975.759365456272 0 0 4970950.64964732 0 0 18082.0993366388 0 0 13207.8058416195 0 0 7092.38857229406 0 0 330.512008247311 0 0 1285894.00247241 0 0 59.8062951208067 18843132.5578628
"111" 110 6483046.18042616 5312043.21193391 0.0000000000000143073422502735 59158.4230359769 63974.6799805099 0.0126712204027268 70153.2250460316 59085.8239750809 2.57799136197205 34553.0809928216 75200.1396046483 5.73810980567963 97.0031696133081 1731.04825647327 0.495054752376555 5518155.05500008 4548637.66677005 99.9578018773113 96.0323292162776 8350.99455782096 9181.59684117972 0 9194513.01489477 143247.570346194 0 89569.9216513368 4671.40580984689 0 97989.0845201539 12271.3816902637 0 38364.4713326 6589.54320724731 0 302.512547754639 287.536735909901 0 7297744.85813785 667812.099384069 0 61.1906166588063 980.161888822945 0 43035.7568004769 5067861.53987417 0 22.9602251611888 18487.6304264455 0 0.684482271188252 13728.4812244552 0 0.267986996707512 7371.98324376194 0 0.00225326769984369 343.238398716467 0 20465.7094698368 1320972.26523866 0 0.00000209957727219984 64.7840612681332 18864992.340031
"112" 111 6473810.51243418 5185777.10684734 0.0000000000000141690984890118 58270.971342654 61775.341805578 0.0106644898722247 69187.8091346775 57322.2164540284 2.30741792541614 34077.5776334979 72955.548214218 5.13586570495841 95.6584084792935 1678.80828387246 0.43967868552351 5529719.92037352 4462538.84518201 99.9635645876057 96.5506728890741 8378.7775961056 9181.62029197115 0 9198302.4652686 106129.92638708 0 89291.252578638 4009.25106425574 0 98148.3351262622 11432.6020317954 0 38426.8207804253 6139.13143289738 0 302.924602575038 267.048194983966 0 7366630.6712924 656137.206285552 0 62.6416363613435 984.258249873475 0 141581.733394997 5101343.9233896 0 156.853875910448 18820.5225001851 0 9.93093107062612 14233.154319088 0 3.88813633917256 7642.98493261462 0 0.0326371840283054 355.547335503911 0 67749.8052904167 1337125.01941639 0 0.000065388816670449 69.9469768493362 18886852.1221993
"113" 112 6464719.89742676 5060106.39381575 0.000000000000014046066944241 57390.8465352044 59622.8954829719 0.0089755635700494 68227.3940970246 55590.0484582668 2.06521425706593 33604.5373910719 70750.9707650669 4.59676721734021 94.320928610328 1627.51490159684 0.390488243095919 5541124.94182129 4375726.08539904 99.971776690304 97.0617999417586 8405.71702031275 9181.64111936456 0 9181741.30618684 92456.3142533522 0 88844.8909467972 3436.21467268461 0 98248.2643712586 10617.6351719013 0 38465.9448591298 5701.50676508937 0 303.150548582321 247.179347917609 0 7425550.26891475 651459.490615305 0 64.094203596752 988.056242704912 0 260264.522671289 5111436.77019291 0 432.325583567238 19066.391215536 0 42.2785308444848 14714.8882557456 0 16.5527976152699 7901.66864648864 0 0.13870721429776 367.260765552145 0 125290.635399072 1346222.66193211 0 0.000436157779088796 75.2875814010798 18908711.9043675
"114" 113 6455772.88234803 4935020.25350393 0.0000000000000139356315189209 56518.2232077922 57516.9739689625 0.00755411110753808 67272.2641003377 53889.3206921717 1.8484102629338 33134.1002285246 68586.4081536732 4.11420348846548 92.9911183736946 1577.16742983284 0.346793853405648 5552370.97324624 4288210.573552 99.9763713961578 97.5657506062457 8431.82825207536 9181.65961643535 0 9157902.68950251 87396.6579756782 0 88240.6442649322 2947.71475960335 0 98275.880938569 9833.12043522185 0 38476.7572369582 5280.23441902802 0 303.148124071997 228.099182024801 0 7480665.53356513 649376.505229465 0 65.5473213676975 991.566313570153 0 386017.751720268 5112969.70010677 0 840.356227609265 19229.9057970319 0 111.519398940031 15167.1752151575 0 43.6618303417627 8144.53978653998 0 0.365239421630797 378.212814842595 0 186917.617488811 1352667.81920637 0 0.00158815580325736 80.7958091814692 18930571.6865356
"115" 114 6446967.99559375 4810508.0158799 0.0000000000000138336928789542 55653.2653202869 55457.1859207081 0.00635777287739896 66322.6919046942 52220.0069140989 1.65434608138413 32666.4004903719 66461.8269815805 3.68225418114526 91.6693500438841 1527.76440724117 0.307982599115283 5563458.9147736 4200003.44432253 99.9587142025498 98.0625671608842 8457.12669553249 9181.67604358121 0 9131580.0685144 85502.344933014 0 87499.4056203583 2533.82019958093 0 98221.5213471771 9084.17031745225 0 38455.4744890294 4878.05972626041 0 302.886255600622 209.936090659537 0 7534244.21975176 648270.173257161 0 66.9998157046168 994.801118171355 0 514054.555747774 5111390.85915582 0 1360.83640913414 19321.0804754327 0 228.125565884179 15585.0292700339 0 89.3152209294972 8368.92098650835 0 0.745841421099184 388.27808588165 0 250354.470114737 1358078.78125551 0 0.00418420517380453 86.4594301287637 18952431.4687038
"116" 115 6438303.74861351 4686559.11124749 0.000000000000013748581978247 54796.126411264 53443.1171901331 0.00535089772776248 65378.9389128576 50582.0551035096 1.48063979221657 32201.5669272285 64377.1610408304 3.29561760203036 90.3559798977469 1479.30362547519 0.273509731070067 5574389.7108613 4111115.72468633 99.9887690136412 98.5522938441073 8481.62772487526 9181.69063215556 0 9104533.64092155 84771.532821386 0 86643.3388944694 2183.97230582852 0 98079.1093348501 8374.26767579777 0 38399.7176504887 4496.8529275319 0 302.345800984354 192.775566388523 0 7587113.92585894 647545.958565612 0 68.4503926724625 997.774888054337 0 642621.18829645 5108701.61325803 0 1972.38046948496 19350.5528650772 0 398.988181719437 15965.0892742601 0 156.210977320369 8573.0073626319 0 1.30220520135132 397.373966241472 0 314765.291377664 1363050.22932226 0 0.0090192792469941 92.2646817445308 18974291.2508721
"117" 116 6429778.6374685 4563163.20775026 0.0000000000000136667099516093 53946.9498181775 51474.3322422424 0.00450348054973066 64441.2552385748 48975.3886086561 1.32515846869486 31739.7227294474 62332.3127746533 2.94954626903045 89.0513483341922 1431.78216312228 0.242891116026522 5585164.3484201 4021558.4410277 99.9765295585076 99.0349767686624 8505.34667245059 9181.70358769857 0 9077412.40114477 84468.7330749631 0 85692.7646503425 1888.4877302425 0 97845.7053398603 7705.46712658461 0 38308.3358305794 4137.71732020518 0 301.517968756984 176.66580187187 0 7639569.75796939 646985.491289293 0 69.8976921902664 1000.50283372393 0 771074.835494732 5105636.96544879 0 2655.43992069988 19328.0811330468 0 627.866687188519 16305.4175436159 0 245.820987503809 8755.75840829023 0 2.04568367679446 405.455029384592 0 379846.782424211 1367800.85817915 0 0.0169667481810856 98.1968642811176 18996151.0330403
"118" 117 6421391.14434437 4440310.06363919 0.0000000000000135920178380467 53105.8689038224 49550.3755938106 0.00379026811829489 63509.8797920984 47399.9072747531 1.18599222933529 31280.9855692425 60327.1547133222 2.6397891556172 87.7557800167755 1385.19641906558 0.215696516399212 5595783.85494652 3931342.47710647 99.9578485073767 99.5106638365471 8528.29881741333 9181.71509281014 0 9050458.43155865 84323.7194820964 0 84665.3981743966 1638.92818429878 0 97520.9030505215 7078.66167502025 0 38181.1699510417 3801.13243434033 0 300.402257766322 161.624914541884 0 7691710.36022624 646508.15505265 0 71.340332726983 1003.00064669679 0 899179.47649808 5102466.64789485 0 3393.06470768771 19262.1743505112 0 915.99097811522 16605.2333034971 0 358.626777593721 8916.75485953075 0 2.97934728437173 412.505811691788 0 445492.353641874 1372411.5023438 0 0.0289337297092149 104.24083701684 19018010.8152085
"119" 118 6413139.7390192 4317989.59214996 0.000000000000013530303548793 52273.0072882484 47670.7731607638 0.00319000654048249 62585.0403817598 45855.4885523869 1.06143098103422 30825.4676507175 58361.5308848562 2.36253992552773 86.4695840375553 1339.54214525758 0.191543611116243 5606249.29667129 3840478.61766744 99.9821415291487 99.9794046547705 8550.49937491745 9181.72530970425 0 9023764.69894877 84237.2047081225 0 83576.3796093382 1428.08735698152 0 97106.2559910926 6493.83588446532 0 38018.8282442842 3487.08998069944 0 299.004518450812 147.647740092362 0 7743562.21071813 646083.705356102 0 72.7769462928642 1005.28410638321 0 1026848.02596255 5099289.445986 0 4170.87247482813 19160.1056498034 0 1262.63359242625 16864.6595966666 0 494.343533235597 9056.0627884246 0 4.09991907700802 418.534020688538 0 511667.779779542 1376912.62926012 0 0.0458261265501054 110.381409727449 19039870.5973768
"120" 119 6405022.88028637 4196191.94267466 0.0000000000000134696884492751 51448.4790853233 45835.0336174572 0.00268480788448627 61666.9538304571 44341.9885837488 0.949943576432659 30373.2757672401 56435.2581974986 2.11439054109201 85.1930541006543 1294.81447882824 0.170092676485544 5616561.77672596 3748977.60811593 99.9677611380895 100.44125045205 8571.96348583571 9181.73438247987 0 8997369.34399119 84172.704901088 0 82438.5416497474 1249.86246683477 0 96604.7850881067 5950.2836304417 0 37822.4934568337 3195.2107812995 0 297.335299681228 134.711633930413 0 7795125.62662522 645700.317767988 0 74.2062047986389 1007.36878026891 0 1154047.96706982 5096141.33432814 0 4976.78026079546 19028.0407498669 0 1665.60097739206 17084.5056061356 0 652.112439478557 9174.11671380177 0 5.39942443476052 423.564735324189 0 578365.12983599 1381316.43500881 0 0.0685222790668799 116.603640883079 19061730.379545
"121" 120 6397039.01733245 4074907.36051243 0.0000000000000134177251406174 50632.3891431851 44042.6496631517 0.00225961711523966 60755.8261059527 42859.2432698429 0.850159136620828 29924.5113656185 54548.127797982 1.89228969118826 83.9264687240006 1251.00797362839 0.151041854747244 5626722.43332997 3656850.01745589 99.9756576424045 100.896253996544 8592.70620699828 9181.74243913962 0 8971290.31624128 84116.810384922 0 81262.7223724302 1099.1036273572 0 96020.5730385976 5446.78792828059 0 37593.7640372732 2924.84133409321 0 295.408496155153 122.78122941895 0 7846391.98863626 645352.580478312 0 75.6268392185435 1009.26980202919 0 1280766.86033338 5093035.20663323 0 5800.69115260507 18871.1886705954 0 2121.63800811008 17266.0869045294 0 830.659056964174 9271.62307792563 0 6.86654038178405 427.635649480406 0 645585.674513341 1385628.57737484 0 0.0978537979213589 122.893057938565 19083590.1617132
"122" 121 6389186.59107013 3954126.31175373 0.0000000000000133706459666444 49824.8332878615 42293.0993166757 0.00190176345092961 59851.8524639158 41407.0693144203 0.760850315666788 29479.2706165555 52699.9064001715 1.69350554132282 82.6700914577864 1208.11663107252 0.134122945826506 5636732.43800047 3564106.33658418 99.9825686831916 101.344469514719 8612.74250193928 9181.74959338431 0 8945537.82835349 84064.5889734154 0 80058.0600400449 971.471668681246 0 95358.4371702554 4981.76644047282 0 37334.5260551685 2675.13194817794 0 293.24026528318 111.81226007382 0 7897349.9906189 645037.463454106 0 77.037652931923 1011.0017128627 0 1406999.76791103 5089975.47297238 0 6634.19893792181 18693.9439928704 0 2626.75407199029 17411.0800240831 0 1028.42098980866 9349.48215281784 0 8.48767558641305 430.793251548423 0 713333.533162924 1389852.43279148 0 0.134592202832309 129.235814430128 19105449.9438814
"123" 122 6381464.03542648 3833839.43706878 0.0000000000000133264413181658 49025.8985693728 40585.8471129274 0.00160058277081516 58955.217602673 39985.2652463462 0.68091830629735 29037.6444908688 50890.3375862589 1.51559235917794 81.4241711182195 1166.13393033553 0.119097664806206 5646592.99378678 3470756.92453041 99.9775003364336 101.785952611431 8632.08723214126 9181.75594620778 0 8920118.96992541 84014.2230956876 0 78832.2526955231 863.312900481057 0 94623.6691579511 4553.38771312335 0 37046.8512954521 2445.09916098375 0 290.848172211819 101.754588362156 0 7947988.0520782 644752.702114991 0 78.4375304367262 1012.57835326023 0 1532744.68926121 5086963.42320162 0 7470.32806305858 18500.0121791036 0 3176.48234981571 17521.4062980249 0 1243.64939875471 9408.72566486758 0 10.2478223834391 433.089797430947 0 781613.31010194 1393990.61547998 0 0.179440174880844 135.618796663529 19127309.7260496
"124" 123 6373869.77858677 3714037.5609325 0.0000000000000132837799431976 48235.6635096731 38920.3452796132 0.00134709982199841 58066.0958286743 38593.6124192623 0.609379406601214 28599.7188409888 49119.1430790612 1.356360614693 80.1889420352062 1125.05285786773 0.105754313893248 5656305.33353157 3376812.00360909 99.9539255859413 102.220760191303 8650.75514876582 9181.76158731457 0 8895039.34504159 83965.0394581195 0 77591.7808029942 771.551690292023 0 93821.8302607866 4159.66306988934 0 36732.9170900836 2233.67508390473 0 288.250523239183 92.5545784212146 0 7998295.19294426 644496.282169755 0 79.8254424315042 1014.01279451769 0 1658000.91753726 5083999.19783507 0 8303.31056126894 18292.5170798666 0 3766.08362900823 17599.1400450823 0 1474.48879769403 9450.46749132401 0 12.1312205622148 434.580939650929 0 850429.219795955 1398045.49971912 0 0.23302642654106 142.029690684784 19149169.5082178
"125" 124 6366402.24419417 3594711.66015924 0.0000000000000132513100444336 47454.198351822 37296.034909176 0.001133760754843 57184.6512317123 37231.8759892273 0.545352986097045 28165.5744872613 47386.0239862894 1.21385019486114 78.9646243126457 1084.86593624988 0.0939048232365332 5665870.71816024 3282281.61707966 99.9802154785494 102.648950381472 8668.76088485994 9181.76659637965 0 8870303.69166238 83916.7851382843 0 76342.0961701216 693.599323679098 0 92958.5920893207 3798.51851149695 0 36394.9439755823 2039.74601123339 0 285.465852845247 84.1569329829666 0 8048261.38515465 644266.204546637 0 81.2004480833494 1015.31730121144 0 1782768.45470272 5081082.51247014 0 9128.39670024888 18074.0921599392 0 4390.70463630358 17646.4367490985 0 1719.03904372876 9475.86509385496 0 14.1218676888773 435.32389228264 0 919784.772847978 1402019.38379726 0 0.29590337272959 148.457018315693 19171029.2903861
"126" 125 6359059.85250582 3475852.98092692 0.0000000000000132194084727847 46681.5653098128 35712.347025838 0.000954208016535446 56311.0378689723 35899.8058675232 0.488050706113055 27735.2873085983 45690.6620132114 1.08630641038065 77.7514241000763 1045.56525229857 0.0833821199380756 5675290.43500014 3187175.72172886 99.9868158808977 103.070582455765 8686.11894802664 9181.77104416808 0 8845915.9733545 83869.3616218986 0 75087.7816613068 627.277033918668 0 92039.6144381263 3467.85031212003 0 36035.1478622989 1862.18227456096 0 282.512535021761 76.5060960820512 0 8097877.55449088 644060.658593374 0 82.5616951456758 1016.5033174926 0 1907047.80569333 5078212.9242537 0 9941.69493833477 17846.9575558906 0 5045.49935737494 17665.4775425224 0 1975.40283596435 9486.08970703497 0 16.2039052869288 435.376030127405 0 989682.676922545 1405914.52895842 0 0.368546939691069 154.890149398125 19192889.0725543
"127" 126 6351841.0215056 3357452.93462009 0.0000000000000131881281572803 45917.8188185212 34168.7036761165 0.000803090894540994 55445.3999570259 34597.1376512765 0.436766864343947 27308.9283370426 44032.7206470793 0.972158504507476 76.5495338744597 1007.14248450767 0.0740377890446174 5684565.79613107 3091504.07855633 99.9765252574097 103.485716760366 8702.84371354801 9181.77499352984 0 8821879.55999601 83822.7270922133 0 73832.6858845968 570.751125922736 0 91070.4531168567 3165.56739441273 0 35655.7039486366 1699.86099751801 0 279.408494544791 69.5473059503996 0 8147135.69951839 643877.812690004 0 83.9084184614108 1017.58147142785 0 2030839.90466574 5075389.93007987 0 10740.0368771474 17612.9850402552 0 5725.72040399139 17658.4269120018 0 2241.72148737884 9482.30362689939 0 18.3619052129929 434.793837730146 0 1060124.82257584 1409733.15784478 0 0.451357976885064 161.319296019773 19214748.8547225
"128" 127 6344744.16797432 3239503.12082408 0.0000000000000131630052950452 45163.0057832777 32664.5189543647 0.000675906064235715 54587.8720709115 33323.5935300328 0.390869746863674 26886.5638558221 42411.8463109509 0.870000404309451 75.359132730933 969.588929765948 0.0657399942748208 5693698.1367682 2995276.25763126 99.9935670792538 103.894414641025 8718.9494179498 9181.77850028387 0 8798197.23795138 83776.8605342352 0 72580.0367826307 522.478340169 0 90056.4919408667 2889.62303528688 0 35258.7200941683 1551.68312128924 0 276.170998158343 63.2273676648922 0 8196028.86133861 643715.856588688 0 85.2399372810389 1018.56159274901 0 2154146.0845071 5072613.00295704 0 11520.8633678389 17373.7527463361 0 6426.78626892081 17627.4010739841 0 2516.20125631491 9465.64322912848 0 20.5810762638868 433.632138669209 0 1131112.30421697 1413477.44242803 0 0.544664843081574 167.735493359556 19236608.6368907
"129" 128 6337767.7085177 3121995.42297565 0.0000000000000131326429491148 44417.1658285741 31199.2000012171 0.000568863388644551 53738.5793495108 32078.8831686582 0.349793882884894 26468.2555005053 40827.6694873833 0.778573481259911 74.1803866814549 932.895529363865 0.0583716297669586 5702688.81367856 2898501.70962329 99.9534092263635 104.29673837185 8734.45015299519 9181.78161400357 0 8774871.13542313 83731.7485522081 0 71332.5373972099 481.159856922772 0 89002.8940713906 2638.03800621392 0 34846.2177684496 1416.58583059961 0 272.816509248353 57.495202612681 0 8244551.01138831 643573.183393048 0 86.555651737831 1019.45274030642 0 2276968.05839583 5069881.60564592 0 12282.1284625156 17130.5912531568 0 7144.32927632327 17574.4449165253 0 2797.13211991266 9437.20658715345 0 22.8474074286552 431.943548053471 0 1202645.45646286 1417149.49156539 0 0.648726825023985 174.130570858065 19258468.4190589
"130" 129 6330910.06055294 3004921.84108881 0.0000000000000131131159505098 43680.3315455014 29772.1479220304 0.000478772971673918 52897.6377064016 30862.704565705 0.313033108419876 26054.0603628545 39279.8058108973 0.696751112289388 73.0134489602264 897.052894261695 0.0518286772972511 5711539.20363216 2801189.59289843 99.9800768718203 104.692751085727 8749.35986009707 9181.78437871475 0 8751902.90893785 83687.3805293124 0 70092.4466698169 445.702580577867 0 87914.5687583846 2408.91687639692 0 34420.1190302501 1293.55130826703 0 269.360592602356 52.3022214120403 0 8292697.17674152 643448.061438183 0 87.8550387513811 1020.26323628465 0 2399307.90303967 5067195.19593965 0 13022.2184006951 16884.6223905531 0 7874.2281741877 17501.5157789143 0 3082.90053462886 9398.04476206443 0 25.1477611895508 429.778101586826 0 1274723.89754185 1420751.34117293 0 0.763738118141389 180.497116654852 19280328.2012271
"131" 130 6324169.64325441 2888274.7513119 0.0000000000000130844639838983 42952.5287374779 28382.7587472139 0.000402950098351255 52065.1540454915 29674.74488765 0.280134354630807 25644.0310970331 37767.8571297364 0.623524853855657 71.8584603349461 862.051329633175 0.0460187462116055 5720250.70188844 2703348.99416958 99.9230900358281 105.0825167064 8763.69232513544 9181.78683351563 0 8729293.50416613 83643.746854352 0 68861.6475271697 415.186553859703 0 86796.1502560185 2200.45889503493 0 33982.2382725924 1181.61257881081 0 265.817858345912 47.6025582908596 0 8340463.16881746 643339.123437326 0 89.1376475724463 1021.00070486265 0 2521168.04063748 5064553.2288615 0 13739.8832589556 16636.7919144867 0 8612.62859674433 17410.472652844 0 3371.99744763581 9349.15600380509 0 27.4699277743056 427.183023196012 0 1347346.57585285 1424284.94751962 0 0.889832156999133 186.828437610747 19302187.9833953
"132" 131 6317544.87845927 2772046.59033499 0.0000000000000130732462073193 42233.7766639177 27030.4243129672 0.000339135229782174 51241.2264806909 28514.6812812833 0.250692085438187 25238.216027803 36291.4125398152 0.557992061136601 70.7155494228898 827.880858757237 0.0408597758337291 5728824.72071892 2604988.61216932 99.9866561560663 105.466099882238 8777.46117367002 9181.78901312776 0 8707043.49347789 83600.8382742121 0 67641.7043713817 388.837532312136 0 85651.9862701759 2010.96460959066 0 33534.2776997429 1079.8570623597 0 262.20193619103 43.3531977808436 0 8387845.84808925 643244.740566513 0 90.4030951348927 1021.67211350712 0 2642551.21914686 5061955.15772131 0 14434.179265077 16387.8970219954 0 9355.95403214259 17303.0696481433 0 3663.02259086249 9291.48224237166 0 29.8026492072944 424.202600361226 0 1420511.8176189 1427752.18334053 0 1.02708613021184 193.118516726726 19324047.7655636
"133" 132 6311034.19153359 2656230.253747 0.0000000000000130545169895709 41524.0882814778 25714.5330588615 0.000285426668338446 50425.9445589731 27382.1816579647 0.224343316721667 24836.6592603897 34850.0493828642 0.499344801735314 69.5848330109362 794.53124605731 0.0362788823309159 5737262.68796654 2506117.10489714 99.981483734202 105.843565921713 8790.67986653503 9181.7909483854 0 8685152.70076558 83558.645659437 0 66433.9116591453 366.003902116951 0 84486.1338043188 1838.83916253533 0 33077.8257007938 987.428344953109 0 258.52547287986 39.5140187015802 0 8434842.72546465 643163.771632305 0 91.6510613423456 1022.28381549931 0 2763460.49122819 5059400.43474379 0 15104.4200951475 16138.6095225754 0 10100.9094380898 17180.9527805263 0 3954.68589658149 9225.90736288316 0 32.1356203064394 420.878142172924 0 1494217.37441074 1431154.83625865 0 1.17552555284423 199.361969359437 19345907.5477318
"134" 133 6304636.01219999 2540818.76984814 0.0000000000000130379264251179 40823.4704825764 24434.4709116057 0.000240223886651249 49619.3894861743 26276.905457823 0.200763156492256 24439.4007916978 33443.3342190474 0.446859928966625 68.4664163786611 761.992019547233 0.0322113340127877 5745566.04564235 2406742.75552101 99.9824445209912 106.214980730612 8803.36169580455 9181.7926666703 0 8663620.55149869 83517.1599226451 0 65239.3348151059 346.137253581063 0 83302.3606513806 1682.5930316601 0 32614.3574337659 903.526576076955 0 254.800147020865 36.0477755640524 0 8481452.24605752 643094.904592456 0 92.8812843863402 1022.84159262715 0 2883899.19239856 5056888.51152892 0 15750.1357386024 15889.4953535168 0 10844.4792430874 17045.6593161801 0 4245.80671485745 9153.2568536357 0 34.4594723805349 417.247999982557 0 1568460.46974262 1434494.60901807 0 1.33512880006836 205.553999301597 19367767.3299
"135" 134 6298348.77532733 2425805.49998797 0.0000000000000130209155451476 40131.9243308822 23189.6220379486 0.000202179831526575 48821.6343549358 25198.5043894327 0.179660811692252 24046.4766225803 32070.8237683689 0.399890193766618 67.3603936236951 730.252492540363 0.0285996408041136 5753736.2485598 2306873.62723162 99.9709425177595 106.580410750991 8815.51978111774 9181.79419229788 0 8642445.89643339 83476.3719919829 0 64058.8448861867 328.776031370009 0 82104.1511351182 1540.84083277485 0 32145.2370734502 827.407825731366 0 251.036696729218 32.9200335470569 0 8527673.58560738 643037.01199963 0 94.0935561679016 1023.35069724193 0 3003870.91890401 5054418.83944259 0 16371.0377409535 15641.0310179749 0 11583.9211359926 16898.6190542847 0 4535.31138204974 9074.29849479551 0 36.7657442359914 413.347634491061 0 1643237.84418355 1437773.12110046 0 1.50583153063185 211.690355528315 19389627.1120682
"136" 135 6292170.92168381 2311184.09563012 0.0000000000000130043057168224 39449.4452903339 21979.3695300343 0.000170160763142636 48032.7443782423 24146.6232078719 0.160776011196688 23657.9188728656 30732.0659009279 0.35785628298617 66.266847994788 699.301786700573 0.0253927448204705 5761774.76300375 2206517.48444927 99.9541812545542 106.939922901726 8827.16706623345 9181.79554686045 0 8621627.07836864 83436.2728041581 0 62893.1477858847 313.53176796693 0 80894.714996665 1412.29868113963 0 31671.7212906514 758.382667559907 0 247.24495648153 30.0990698755477 0 8573506.68236475 642989.028604159 0 95.2877178713988 1023.81589311357 0 3123379.50572108 5051990.86997327 0 16966.989901952 15393.6174389106 0 12316.7566561573 16741.1570515904 0 4822.22953668448 8989.74382145529 0 39.0468437706222 409.209716458706 0 1718545.79875705 1440991.91129691 0 1.6875309567934 217.767290173724 19411486.8942364
"137" 136 6286100.8986513 2196948.51567634 0.0000000000000129935453151152 38776.0234702497 20803.0965046124 0.00014321256390611 47252.777099141 23120.9000867392 0.143875813646814 23273.7558846515 29426.6001103953 0.320239714246128 65.1858521872701 669.12884173642 0.0225453035250428 5769683.06545785 2105681.76386916 99.9748530803071 107.293584521797 8838.31631666153 9181.79674953111 0 8601161.93807021 83396.8533064154 0 61742.8091241438 300.077535075768 0 79676.9983363274 1295.78052419552 0 31194.9635360962 695.814209582494 0 243.433899616606 27.5557522791271 0 8618952.22195593 642949.937736992 0 96.4636557511265 1024.24149451881 0 3242429.005031 5049604.05506455 0 17537.9830197436 15147.5915959544 0 13040.7603133551 16574.4973723414 0 5105.68985971206 8900.25013728538 0 41.2960058982668 404.864250245277 0 1794380.23569646 1444152.44109564 0 1.88008986471988 223.781518315448 19433346.6764047
"138" 137 6280137.160911 2083093.11973151 0.0000000000000129816726496804 38111.6438162036 19660.1859958957 0.000120532110691711 46481.7826648985 22120.9679519228 0.128751723803374 22894.0123573381 28153.9592115381 0.286576417497827 64.117468737366 639.722457002711 0.0200170470570983 5777462.64131841 2004373.60919601 99.9801874998973 107.641463312844 8848.98011569394 9181.79781733618 0 8581047.74352349 83358.1044594643 0 60608.2750072231 288.138130774039 0 78453.6964640383 1190.19372511691 0 30716.0190716145 639.1157226309 0 239.611686199853 25.263401277456 0 8664011.55936455 642918.898048157 0 97.6212970816663 1024.63140372767 0 3361023.66534226 5047257.84743503 0 18084.1147078162 14903.2364213984 0 13753.9454118756 16399.7675963023 0 5384.91452438785 8806.42293527468 0 43.5072403729397 400.338713767604 0 1870736.69835872 1447256.09835721 0 2.08334054679852 229.73017936584 19455206.4585729
"139" 138 6274278.17108535 1969612.60981956 0.0000000000000129723833412515 37456.2863662424 18550.0225108414 0.000101443541646011 45719.8040135215 21146.4544438106 0.115217145093553 22518.7094394956 26913.6692921226 0.256451064885644 63.0617502803642 611.071287740261 0.0177722149411903 5785114.98371772 1902599.75063945 99.9992837734939 107.983627286901 8859.17086342286 9181.79876539378 0 8561281.26970937 83320.0172422596 0 59489.8898457767 277.481944704757 0 77227.2671167253 1094.53421018144 0 30235.8501449749 587.748034561047 0 235.785711041678 23.1976447075951 0 8708686.8006264 642895.061490483 0 98.7606064097445 1024.98914596382 0 3479167.91153333 5044951.70087936 0 18605.5707333906 14660.7890230802 0 14454.551481723 16218.0037507656 0 5659.21427536244 8708.81854614306 0 45.6752861733176 395.658205884415 0 1947610.40698382 1450304.20148987 0 2.29708831505194 235.610801054901 19477066.2407411
"140" 139 6268522.40035355 1856502.17363848 0.0000000000000129535502521977 36809.9264495045 17471.9922177355 0.0000853780131775927 44966.8771275282 20196.9829012959 0.103105073656892 22147.8648538572 25705.2509652858 0.229491938139529 62.0187399123449 583.163875261749 0.0157790499614147 5792641.59233084 1800366.56312478 99.9392004137335 108.320144713252 8868.90077397787 9181.79960712834 0 8541858.67583941 83282.5826564039 0 58387.9113232166 267.91401968494 0 75999.9445913846 1007.88131882958 0 29755.3315232338 541.216764814213 0 231.962653984422 21.3362673027037 0 8752980.70663042 642877.772568604 0 99.8815819892355 1025.31790249166 0 3596866.32582104 5042685.07055869 0 19102.610389799 14420.447705155 0 15141.0293179305 16030.1555489952 0 5927.982571307 8607.94695130448 0 47.7955585721453 390.845598979959 0 2024996.29358572 1453298.00360452 0 2.52111491492016 241.421265290609 19498926.0229093
"141" 140 6262868.32903123 1743757.33516574 0.0000000000000129478278899752 36172.5349027117 16425.4836952275 0.000071856769334341 44223.0312589025 19272.1728931038 0.0922660441160969 21781.4930081162 24528.2200457686 0.205366356258405 60.9884715068279 555.988662187003 0.0140093508070815 5800043.97224337 1697679.82347869 99.975200913871 108.651084068126 8878.18187393374 9181.80035446002 0 8522775.67409004 83245.7917306975 0 57302.5230934293 259.270248882944 0 74773.7538454995 929.392542484927 0 29275.2560133016 499.069499244485 0 228.148529283985 19.6590602064302 0 8796896.90102781 642866.173335286 0 100.984252476466 1025.62054135046 0 3714123.62978941 5040457.41327665 0 19575.5536304173 14182.3778540867 0 15812.0267007956 15837.091735819 0 6190.68999413106 8504.2746533684 0 49.8640993123103 385.921691501803 0 2102889.03393755 1456238.69678508 0 2.75518163760862 247.159776413685 19520785.8050775
"142" 141 6257314.44711905 1631374.33149756 0.0000000000000129321126099694 35544.0782772663 15409.8884889328 0.0000604768719160222 43488.2891591625 18371.6408275801 0.0825662886777263 21419.6051082442 23382.0883260111 0.183776578024613 59.9709700390289 529.53401036433 0.0124380742330605 5807323.63285216 1594544.9529559 99.929434923899 108.97651398589 8887.02600079234 9181.80101797322 0 8504027.17093909 83209.635525433 0 56233.8455739473 251.412485124327 0 73550.5245218968 858.298258606481 0 28796.3399529224 460.892962385801 0 224.348734077786 18.1476728036979 0 8840439.5949698 642859.82006236 0 102.068673855687 1025.89964590468 0 3830944.66750077 5038268.18774292 0 20024.7702706801 13946.7169108182 0 16466.3740731145 15639.6054384636 0 6446.87864136477 8398.22754945546 0 51.8775272788901 380.905358196723 0 2181283.0774816 1459127.4162616 0 2.999032207492 252.824831664325 19542645.5872457
"143" 142 6251859.25481964 1519349.84239582 0.0000000000000129265906173856 34924.5190463941 14424.6019140328 0.0000508992024366158 42762.6673019581 17495.0004502239 0.0738860906662586 21062.2092681286 22266.3642093759 0.164456137289411 58.9662518982223 503.788215108044 0.0110429819757382 5814482.08680868 1490966.59843845 99.9582511397607 109.296503212198 8895.4448019573 9181.80160706603 0 8485607.5546587 83174.1051365355 0 55181.9449749505 244.224429021155 0 72331.9046073809 793.896553949321 0 28319.2285582735 426.310237622587 0 220.56809504687 16.7854690719346 0 8883613.9755929 642857.99136516 0 103.134926597299 1026.15754121417 0 3947334.38966177 5036116.8548241 0 20450.670707109 13713.5785632265 0 17103.0707399176 15438.4194269461 0 6696.15672310977 8290.19375594708 0 53.8329915043161 375.813695793895 0 2260172.67494209 1461965.24451329 0 3.25239542395317 258.415193861685 19564505.369414
"144" 143 6246501.26302589 1407681.37872886 0.000000000000012921164509022 34313.8157974643 13469.0234119647 0.0000428383385079123 42046.1761169633 16641.8635420149 0.0661183074421017 20709.3106247729 21180.553598928 0.147166555274353 57.9743252175049 478.739526205667 0.00980432641512387 5821520.84898904 1386948.81020134 99.9840322041187 109.611120558323 8903.44973349974 9181.80213008334 0 8467510.32272313 83139.1916995059 0 54146.8410521819 237.608159655142 0 71119.3737341122 735.548189556774 0 27844.5011316912 394.978063467988 0 216.810913398071 15.5573895309448 0 8926425.99979282 642860.252034189 0 104.183113025612 1026.39631837378 0 4063297.83890565 5034002.87778291 0 20853.6983142095 13483.056293731 0 17721.2711255979 15234.1912339308 0 6938.19318145991 8180.52635776975 0 55.7281248139364 370.662163123937 0 2339551.90415723 1464753.21515385 0 3.51498761097579 263.929866139089 19586365.1515822
"145" 144 6241238.99377808 1296367.2637603 0.0000000000000129141251912579 33711.9234335586 12542.5574757266 0.0000360540668197054 41338.8202034763 15811.8403043111 0.0591670525109268 20360.9114435032 20124.160387305 0.131694407201738 56.995190171869 454.376158520672 0.00870457229449085 5828441.43551626 1282494.76013656 99.993875861447 109.920434857913 8911.05205984551 9181.80259443457 0 8449728.11531632 83104.8863931634 0 53128.5135340583 231.481226317713 0 69914.2557757488 682.671775262569 0 27372.6759932848 366.584242345757 0 213.081007056971 14.4498203655755 0 8968882.65003188 642866.150155362 0 105.213354909213 1026.61785679639 0 4178840.13604852 5031925.72250488 0 21234.3226244959 13255.2263656704 0 18320.2721844356 15027.5180620471 0 7172.71276149796 8069.5460435491 0 57.561001792046 365.464713983879 0 2419414.69356837 1467492.31669915 0 3.78651481259149 269.368068772637 19608224.9337504
"146" 145 6236070.98069439 1185406.85101592 0.0000000000000129017471709016 33118.7933585403 11644.6141997647 0.0000303442143643465 40640.5985566269 15004.5399887876 0.0529465125553121 20017.0112293834 19096.6872584569 0.117848689236015 56.0288392959025 430.686310836809 0.00772814883090613 5835245.36280675 1177606.60228628 99.9591991850212 110.224514924806 8918.26285315866 9181.80300669863 0 8432252.51109052 83071.1804432074 0 52126.9075496712 225.774192130139 0 68717.7309151906 634.739163881183 0 26904.2152056735 340.845167341315 0 209.381750754566 13.4504697104652 0 9010992.04946247 642875.293604633 0 106.22579123779 1026.82384466786 0 4293966.46744695 5029884.85771407 0 21593.0338345696 13030.1503552226 0 18899.5009715763 14818.941472764 0 7399.49114511175 7957.54362346371 0 59.330097582621 360.233922876279 0 2499754.84415042 1470183.49604864 0 4.06667482308363 274.729217862107 19630084.7159186
"147" 146 6230995.76937496 1074800.69320487 0.0000000000000128966040460175 32534.3736422459 10774.6094122094 0.0000255386023801325 39951.5048098639 14219.5718549643 0.0473798858343693 19677.6068466494 18097.6369063182 0.10545845556682 55.0752578265338 407.658195569754 0.006861228985209 5841934.14663885 1072285.15966476 99.9776617522393 110.523429511806 8925.09299234621 9181.80337271726 0 8415073.89151131 83038.0651255971 0 51141.9380167693 220.428562511708 0 67530.8471766295 591.271081570531 0 26439.5290889888 317.503475773731 0 205.716114033853 12.5482513449004 0 9052763.76576244 642887.170278467 0 107.220576173516 1027.01579768232 0 4408682.05264571 5027879.7551777 0 21930.3387095318 12807.8772957919 0 19458.5022577477 14608.9518410419 0 7618.35010193563 7844.78242132423 0 61.0342470923524 354.981103392772 0 2580566.03640128 1472827.69592253 0 4.35515906695665 280.012905753502 19651944.4980868
"148" 147 6226011.9177682 964551.04028897 0.0000000000000128915513053423 31958.609311644 9931.96873681166 0.0000214941015634836 39271.5273081252 13456.5432267091 0.04239845717226 19342.6925547482 17126.5095612662 0.094370759512448 54.1344237841301 385.279972316458 0.00609153866191444 5848509.30138613 966529.705594709 99.9941796532618 110.817247277305 8931.55316808903 9181.80369767577 0 8398184.31873664 83005.5317697036 0 50173.4953511536 215.39509133382 0 66354.5300234924 551.833122667807 0 25978.9799786408 296.325898484181 0 202.086692514324 11.7331790209783 0 9094211.23720619 642895.832984727 0 108.197877274692 1027.19507567295 0 4522988.76926474 5025909.88989703 0 22246.7516071453 12588.4454538073 0 19996.9323210706 14397.9924213744 0 7829.15505873376 7731.50045797547 0 62.6726254084778 349.71641530957 0 2661839.62105392 1475431.44858971 0 4.65165395302406 285.218883657822 19673804.2802551
"149" 148 6221117.99654232 854662.219400325 0.0000000000000128808863896189 31391.4422880686 9116.12191375495 0.000018090098755189 38600.6496210881 12715.0653020919 0.0379407053093384 19012.260261133 16182.8103844806 0.0844486666562676 53.2063087345964 363.539938740577 0.00540817377302123 5854972.33894183 860337.412296284 99.9647162483736 111.106036736877 8937.65387253097 9181.80398618046 0 8381550.51128748 82973.5717614185 0 49221.4431109323 210.632227639627 0 65189.5947136062 516.031739997922 0 25522.8870625847 277.101106693246 0 198.495748296455 10.996261388848 0 9135334.58895889 642934.100404306 0 109.157873617659 1027.36289887633 0 4636911.79821378 5023974.74029559 0 22542.8022680144 12371.8839333992 0 20514.5385904681 14186.4634788434 0 8031.80712943245 7617.91266960956 0 64.2446801798891 344.448972736054 0 2743582.35141125 1477962.51068699 0 4.95584300410311 290.347044500436 19695664.0624233
"150" 149 6216312.58938791 745141.362522867 0.0000000000000128760125702129 30832.8118091418 8326.51109266717 0.000015225185009961 37938.8504309925 11994.7481135819 0.0339515913256421 18686.2994660112 15266.0430536497 0.0755696710151375 52.2908775831435 342.426361060433 0.0048014559777973 5861324.76816203 753702.504870807 99.97793780163 111.389866239851 8943.40541140041 9181.80424231953 0 8365173.32383657 82942.1765459026 0 48285.6150412386 206.104981720543 0 64036.7516869095 483.5108631779 0 25071.5284907063 259.637896082404 0 194.945226830316 10.3294143149456 0 9176161.45152596 642973.260698937 0 110.100754428892 1027.52036116692 0 4750439.41691515 5022073.78838561 0 22819.0316541896 12158.2139011706 0 21011.1621603649 13974.7257056047 0 8226.24409966947 7504.21274236582 0 65.7501418906331 339.186932511148 0 2825776.4096323 1480450.03764437 0 5.26740750837728 295.397409057115 19717523.8445915
"151" 150 6211594.29333242 635999.70980142 0.0000000000000128712251112727 30282.6544596842 7562.58886765654 0.0000128139852661279 37286.1039070895 11295.2041097097 0.0303818554895985 18364.7974467754 14375.7143214488 0.0676241299607178 51.388089122606 321.927591141438 0.00426279075008803 5867568.09396089 646615.217153776 99.9897667512432 111.668803928921 8948.8178987104 9181.80446972324 0 8349061.926556 82911.3376303255 0 47365.8443011645 201.783839173679 0 62896.6174902422 453.94849549488 0 24625.1456520712 243.763359369856 0 191.436792241932 9.7253730370222 0 9216732.14400335 642963.670838926 0 111.026717552388 1027.668443212 0 4863547.51732037 5020206.51993388 0 23075.9647200112 11947.4497283599 0 21486.722092531 13763.1037245702 0 8412.43428068667 7390.57499375462 0 67.188972325624 333.937584561814 0 2908395.26532924 1482944.24942531 0 5.58602810092192 300.370112019682 19739383.6267597
"152" 151 6206961.71901643 527254.574046064 0.0000000000000128562825270092 29740.904359698 6823.82157437802 0.0000107846451861196 36642.3798702907 10616.0482166973 0.0271874146768176 18047.7393390984 13511.3340939784 0.0605139229903349 50.4978962565165 302.032066327264 0.0037845469096985 5873703.81660043 539059.726392706 99.9207620183391 111.942917709074 8953.90125931095 9181.80467161473 0 8333149.20685795 82881.0465863792 0 46461.9478083171 197.643900450246 0 61769.7238677492 427.053672842341 0 24183.9467339801 229.321253306056 0 187.971856309949 9.17761435689065 0 9257045.59049987 642973.447016762 0 111.935968194094 1027.80802391247 0 4976282.24026388 5018372.42461397 0 23314.123261431 11739.5999197601 0 21941.2066895376 13551.8892019842 0 8590.37309273247 7277.15604406271 0 68.5613369990192 328.707431432181 0 2991459.8227276 1485377.64240065 0 5.91138573254263 305.265389877401 19761243.4089279
"153" 152 6202413.49095079 418932.88759475 0.0000000000000128516675500156 29207.4933189427 6109.69328588608 0.00000907668998751438 36007.6439896736 9956.89867950393 0.0243288185771043 17735.1082337198 12672.4165011868 0.0541512413490376 49.6202462720065 282.728335010704 0.00335994870397017 5879733.4309853 431010.326340467 99.9302303612504 112.212275216647 8958.66523049118 9181.80485085572 0 8317399.00433077 82851.2950526526 0 45573.6948631619 193.66414785948 0 60656.5220074562 402.563642058129 0 23748.1083845788 216.170483484641 0 184.551591438033 8.68028493499334 0 9297137.81766501 643002.762766618 0 112.828717749545 1027.93989082146 0 5088649.19421245 5016570.99615001 0 23534.0536895669 11534.6679108325 0 22374.6684253944 13341.343744168 0 8760.08108031589 7164.09637186047 0 69.8675895618756 323.502261811566 0 3074963.74831239 1487750.4167928 0 6.24316260285735 310.083569834878 19783103.1910961
"154" 153 6197948.247753 311079.015829349 0.0000000000000128471349741033 28682.3509858643 5419.71271783381 0.00000763922222215387 35381.8579751988 9317.37819353238 0.021770762972081 17426.8852713666 11858.481337223 0.0484575046797923 48.7550811072167 264.005091449638 0.00298297996472601 5885658.42598959 322424.081751694 99.9387014284491 112.476943789826 8963.11936405106 9181.805009987 0 8301750.80927445 82822.0747368612 0 44700.8269886208 189.826828738319 0 59557.3871663056 380.241265721942 0 23317.7775236419 204.183710758596 0 181.176944894052 8.22813579965232 0 9337057.2485187 643063.834970079 0 113.705182688289 1028.06474955054 0 5200660.94371113 5014801.73245167 0 23736.3006631296 11332.6527466372 0 22787.2180038899 13131.7015665325 0 8921.60158594128 7051.52174722093 0 71.1082533289857 318.32721781611 0 3158905.52085487 1490050.9678826 0 6.58104302121354 314.82505976913 19804962.9732644
"155" 154 6193564.64236414 203773.258995479 0.0000000000000128426835240434 28165.4049901168 4753.42747785138 0.00000642940490690716 34764.9797669248 8697.11565229513 0.0194816540887149 17123.0497359481 11069.0562847393 0.0433623913587516 47.9023376136651 245.851230159628 0.00264829898955299 5891480.28381473 213221.989933391 99.9462802640235 112.736990440538 8967.27302904818 9181.80515126442 0 8286162.61344244 82793.3774179416 0 43843.0670107412 186.116936408928 0 58472.6235365218 359.872640613889 0 22893.0732478413 193.246072389135 0 177.848653838632 7.81646266137344 0 9376926.12503636 643076.638891508 0 114.565583509588 1028.18323225225 0 5312275.65727243 5013064.13574098 0 23921.3841163946 11133.5496607155 0 23179.0171453751 12923.1719476667 0 9074.99792600561 6939.54454952711 0 72.2839986496883 313.18685643397 0 3243245.8457125 1492359.85232151 0 6.92471417039181 319.490339136118 19826822.7554326
"156" 155 6188881.48510043 97554.8636604173 0.000000000000012838311935961 27656.5737367798 4110.46916566765 0.00000541118572005523 34156.9636958315 8095.74925419617 0.0174332189767933 16823.5791337678 10303.680868977 0.0388029712709262 47.061947776204 228.255943384601 0.00235116300692928 5896838.55686104 103607.783654672 99.9530608470307 112.992481827919 8971.13541594878 9181.80527669082 379.85714789115 8270053.91645066 82765.1949480289 0.00734668979109902 43000.0514022571 182.521773739946 0.0000222526117593768 57402.467437148 341.264918491097 0.00000440338653380394 22474.0880802905 183.254011836257 0.00000000453168522960871 174.567254830746 7.44105166843675 361.922521216602 9416528.83396649 643095.855946323 0.000000000000120825264329432 115.41014376941 1028.29590525585 0 5423531.08992145 5011357.71267211 0 24089.8221680283 10937.3505689912 0 23550.2707673911 12715.9414786883 0 9220.35032937486 6828.26497533904 0 73.395618363277 308.085205466952 0 3328000.5246297 1494622.91966306 0 7.27386673767265 324.0799507518 19848682.5376008
"157" 156 6138237.25450211 35860.1464125148 0.0000000000000128340189577005 27143.9320255022 3503.56005792125 0.0000045542207832841 33557.3756866826 7513.20674435314 0.015600156048806 16528.259666575 9562.26312917673 0.0347229279795998 46.2332648077536 211.217683486015 0.00208736095330832 5858172.64600713 39367.2749997465 99.9591272586756 113.243483531389 8974.71557502159 9181.80538804441 46799.7750878277 8209976.25895842 82737.5192548058 11.871221077634 42158.3246539368 179.030584595438 0.480196596510906 56346.629161846 324.244310037241 0.0950221596241891 22060.7085957995 174.114206910353 0.0000976315734528518 171.331575106146 7.09813005565756 44647.8337382515 9410087.55612243 643127.21922053 0.0000000350612249444263 116.239087451045 1028.40327595389 0 5534435.92693446 5009681.97447353 0 24242.1301180351 10744.044462888 0 23901.222607008 12510.1761296501 0 9357.75422345184 6717.7721480222 0 74.4440145585254 303.025814588864 0 3413165.46114952 1496834.96656484 0 7.62819549436269 328.59449334197 19870542.319769
"158" 157 6047014.43638373 13182.0049956935 0.000000000000012829803350321 26597.864639697 2964.61451698574 0.00000383297266370274 32963.155832229 6951.29189705976 0.0139598234333483 16235.584215874 8847.09877807607 0.031071865061323 45.4117366751055 194.794750399775 0.00185315399560765 5780463.4101479 15642.3266530895 99.9645547228662 113.490048428877 8978.02296055754 9181.80548690396 133875.965290112 8111439.81435158 82710.3423511502 65.128985713052 41285.2400518482 175.634238124852 5.19105424780448 55301.6759013113 308.654269219798 1.02721508010834 21651.5907884028 165.742594799974 0.00105364817478975 168.13014585727 6.78432155624881 127878.333395832 9362479.15263258 643150.547617701 0.000000755212678752371 117.052611170892 1028.50579897241 0 5644983.68533246 5008036.43753223 0 24378.8148990741 10553.6173258244 0 24232.1510728631 12306.0231101154 0 9487.31861017523 6608.14511684759 0 75.4301861398506 298.011800975012 0 3498725.80146465 1499016.7023774 0 7.98739976002558 333.034614838136 19892402.1019372
"159" 158 5940982.64465323 4845.70049737442 0.0000000000000128256638905995 26011.0668736773 2500.8558149767 0.00000322594800255205 32369.5089375384 6413.0318658786 0.0124919591544334 15943.1909692354 8162.04055657277 0.0278046832792222 44.5902634113872 179.083968378588 0.00164522253745988 5688223.35071749 6825.82017765776 99.9694105402236 113.732196072868 8981.0683827242 9181.80557467114 235837.526812014 7999089.12897929 82683.6563512663 167.005411246447 40372.8254987402 172.324956200322 20.0431712713973 54262.1146681884 294.353832994367 3.96617850639517 21244.5840557456 158.063480518595 0.00406125801438494 164.944840749291 6.49660589416536 225542.369750512 9299305.72137837 643202.712082919 0.00000445548855411087 117.850836018783 1028.60388173168 0 5755201.1990023 5006420.6243704 0 24500.386701343 10366.0517160709 0 24543.3644155133 12103.6125053723 0 9609.1641751266 6499.45373561401 0 76.3552140506889 293.045889059172 0 3584690.40778689 1501131.78265543 0 8.35118384548322 337.401006279577 19914261.8841054
"160" 159 5829609.68322686 1781.3046922286 0.0000000000000128215993718565 25387.7112052948 2106.87160839063 0.00000271505732751249 31772.1066758132 5901.10389640618 0.011178431101016 15648.9480642065 7510.49586815332 0.0248810240635513 43.7624874568837 164.170268478949 0.00146061924000896 5590475.95474942 3497.91736941452 99.9737549224002 113.969908981505 8983.86417094921 9181.80565259042 343215.384722889 7882003.77640707 82657.4534760118 313.246025911225 39425.7562073603 169.096094544243 50.3611674746312 53222.9950360758 281.216112105017 9.96555770991651 20837.7502177467 151.008726487611 0.0101867651523237 161.759455755922 6.23228220802509 328617.896005877 9230010.3330098 643252.506610738 0.0000152602652609526 118.633798889528 1028.6978894297 0 5865075.5191523 5004834.06396801 0 24607.331094765 10181.327022392 0 24835.197005601 11903.0587268663 0 9723.42183036609 6391.75944150768 0 77.2202501467832 288.130445472422 0 3671039.85940243 1503211.9378777 0 8.7192574204936 341.694396274799 19936121.6662736
"161" 160 5716373.86045821 654.826135406109 0.0000000000000128176086036215 24734.9884861269 1773.95702104573 0.00000228507597959456 31167.7417912613 5417.37150733947 0.010003013190248 15351.2758076362 6894.83646388661 0.0222647712944226 42.9237561152226 150.112056738638 0.00129672729159439 5490543.92573927 2193.59631823506 99.9776417387721 114.203139915208 8986.42382870096 9181.80572176666 452529.975811584 7763520.01263923 82631.7260507388 496.576127741866 38452.0078000485 165.941965193057 100.068033645487 52180.6808043206 269.126919695392 19.8016411099744 20429.6656371064 144.517016121601 0.0202059797197708 158.562212699156 5.98893603528986 433783.638962567 9158076.04739644 643281.313356487 0.0000387583562417272 119.401469307631 1028.78814951348 0 5974601.13129267 5003276.29163206 0 24700.1164827318 9999.42008900776 0 25108.003769241 11704.4618618224 0 9830.23053578727 6285.11597982894 0 78.0264999865426 283.267511410529 0 3757759.89879301 1505276.30805588 0 9.09133580956904 345.915545956569 19957981.4484419
"162" 161 5602552.88471953 240.724017710228 0.000000000000012813690411003 24060.233384252 1493.28731877609 0.00000192319041643662 30554.3514754275 4962.87176853264 0.00895118504862209 15049.1581893897 6316.38225085973 0.0199236054308036 42.0711401475147 136.941058154031 0.00115122335339583 5389651.74854805 1638.37354574865 99.9811191844816 114.431821318934 8988.76158981744 9181.80578318078 562502.353055873 7644848.25801537 82606.4665012333 709.575589911155 37459.6874225713 162.857688784366 171.65612747217 51132.8754839414 257.983527270489 33.9676208945396 20019.4311974984 138.533185798935 0.0346010839613975 155.345799310321 5.76440956198374 539816.533645035 9084782.62320711 643300.667455356 0.0000815298636000423 120.153771242937 1028.87495568696 0 6083789.95687041 5001746.84875076 0 24779.1941881755 9820.30584485979 0 25362.1559037879 11507.9089480782 0 9929.73562176386 6179.57008855778 0 78.7752098319511 278.458833120172 0 3844848.9986189 1507313.87763628 0 9.4671402182027 350.065244401047 19979841.2306101
"163" 162 5488615.99080017 88.4949491418031 0.0000000000000128098436340646 23370.0371538712 1256.89427484495 0.00000161861636587781 29930.8533194292 4537.93613213063 0.00800995273930017 14742.0620827039 5775.55507725716 0.0178286044842484 41.2031752172854 124.666395441916 0.00102204465709314 5288251.66518134 1363.49271555522 99.9842303781209 114.65587395343 8990.89201449303 9181.80583770367 672662.059234255 7526411.18229388 82581.6673496928 945.566336807746 36456.0335892491 159.839070188379 266.391908741453 50078.4251926213 247.693537344009 52.7141063867324 19606.59513345 133.007619490743 0.0536046174873649 152.106683119461 5.55677484260774 646265.747071714 9010594.51187851 643344.424800632 0.000150713626729492 120.890602998988 1028.9585715017 0 6192666.67886314 5000245.28254992 0 24845.0254291653 9643.95783029236 0 25598.0389002127 11313.4751754558 0 10022.0880148748 6075.16214347203 0 79.4676612131732 273.705890544414 0 3932315.17780053 1509291.30745189 0 9.84639790937912 354.144304483852 20001701.0127783
"164" 163 5374735.40180846 32.5329204538056 0.0000000000000128060671272926 22670.0539221241 1057.87622439882 0.00000136227745182086 29296.9468118794 4142.33530776906 0.00716768832570654 14429.8394745078 5272.0631189788 0.0159538869185078 40.3195554772276 113.279382036647 0.00090735978965678 5186511.71768122 1196.50638200075 99.9870138964636 114.875213951377 8992.82966011355 9181.80588610851 782835.665010344 7408381.25473538 82557.3212112932 1198.80628589463 35447.2340950882 156.882493290429 384.563654614589 49017.081646076 238.173862703457 76.0981423857699 19191.0602372433 127.895700641978 0.077251601515182 148.844303436058 5.36430971435442 752964.634933795 8935705.12755238 643386.470912477 0.000253653477412162 121.611853382468 1029.0392335721 0 6301221.32954388 4998771.14588511 0 24898.0557119278 9470.34860732806 0 25816.0510014949 11121.2250095326 0 10107.4436343375 5971.92676159513 0 80.1051668360309 269.009924024445 0 4020141.14868015 1511235.22559932 0 10.2288423676326 358.153559145122 20023560.7949465
"165" 164 5260974.21562015 11.9600513417283 0.000000000000012802359759167 21965.037239379 890.353977071643 0.00000114653471622655 28652.9297211982 3775.41291987673 0.00641398629345588 14112.6370268588 4805.07098893402 0.0142762920725305 39.4208526554282 102.757905013709 0.000805542752402535 5084495.38531513 1073.89557773323 99.9895042528737 115.089758277295 8994.58882760246 9181.80592908176 892958.882453221 7290811.15693282 82533.4207914256 1464.45300589433 34438.4684402973 153.984831822841 525.710624647999 47949.285676787 229.349802910817 104.028556750297 18772.9991026439 123.157316266479 0.105427330420948 145.560339631907 5.18547615095663 859851.104000804 8860187.76975089 643426.932350663 0.000397624362319694 122.317414151814 1029.11715445309 0 6409459.04509566 4997323.99707437 0 24938.718128167 9299.45006779207 0 26016.5998130862 10931.2132344649 0 10185.9620649439 5869.89336117636 0 80.6890603568939 264.371958975564 0 4108320.7737193 1513146.01579124 0 10.6142134225556 362.093858034203 20045420.5771147
"166" 165 5147355.40912986 4.39691816375649 0.0000000000000127987204118263 21258.942866225 749.353958043126 0.000000964958976417975 27999.5422887853 3436.19877276945 0.00573953505970914 13790.8193362674 4373.34389261567 0.0127750941651588 38.5082793288784 93.0701137164122 0.000715149927535931 4982227.70989863 972.155842204503 99.9917323253239 115.299428792153 8996.18337365399 9181.80596723285 1003007.56074021 7173715.17589796 82509.9588835331 1738.46111854677 33434.0214563525 151.143373768046 688.817552173089 46875.9831559488 221.154209351539 136.304446699776 18352.7820550661 118.756408591123 0.13790765286873 142.258093218105 5.01890082248556 966901.486417127 8784075.62767191 643465.923422412 0.000589628289517267 123.007189225037 1029.19252521452 0 6517384.90073262 4995903.3997672 0 24967.4376495544 9131.23365932415 0 26200.1002582248 10743.4859137739 0 10257.8057565297 5769.08667761803 0 81.2206905507171 259.79282851427 0 4196847.97426408 1515024.07043513 0 11.0022573343366 365.966064503783 20067280.3592829
"167" 166 5033887.1689357 1.61647466414138 0.000000000000012795147980809 20555.0412734433 630.681058939739 0.000000812139233962715 27337.8398492954 3123.50136263375 0.0051360019851691 13464.9061944291 3975.36537062477 0.0114317463540858 37.583496688584 84.1774121265793 0.000634899626499495 4879719.63875163 882.461504209298 99.9937257393292 115.504155165534 8997.62657732347 9181.80600110285 1112972.35541389 7057093.55029701 82486.9283674449 2017.46996913113 32437.4109225468 148.355757278077 872.473690254925 45798.4748601959 213.526730824504 172.646651112668 17930.9183717234 114.660569949242 0.17439169009967 138.941987182909 4.86335764754331 1074106.19639123 8707387.11157651 643503.547422805 0.000836247956578157 123.681101210302 1029.26551774341 0 6625003.90936458 4994508.92284368 0 24984.631292214 8965.67054799724 0 26366.9728691083 10558.0812701683 0 10323.139354938 5669.5272359267 0 81.701416529541 255.273194069404 0 4285716.73409862 1516869.78920129 0 11.3927268545126 369.771052923373 20089140.1414511
"168" 167 4920572.18194919 0.594283819348976 0.000000000000012791641374857 19856.0217063219 530.801227735368 0.000000683521425619119 26669.0907451458 2835.98195219438 0.00459593047023413 13135.5223073106 3609.43157552012 0.0102296516918112 36.648461587392 76.0368374100621 0.000563653930877954 4776976.98640068 801.358360684129 99.9955092105465 115.703876861872 8998.93105024933 9181.80603117213 1222849.4377025 6940941.42048021 82464.3222081095 2298.69971598875 31451.5052112646 145.619916378006 1075.00031621103 44718.2965566892 206.413132310553 212.722981348199 17508.0093328043 110.840676969801 0.214527876327437 135.617168909105 4.71775214312138 1181460.76816534 8630135.15622967 643539.89775098 0.00114354673683554 124.339095791595 1029.33628680176 0 6732321.0203874 4993140.14033781 0 24990.7082021418 8802.73173311723 0 26517.6422720136 10375.0304871568 0 10382.1291089169 5571.23178116697 0 82.1326035444023 250.813564053343 0 4374921.10268152 1518683.57773647 0 11.7853812652437 373.50970628288 20110999.9236194
"169" 168 4807411.03823832 0.218486864114939 0.0000000000000127881995157674 19164.083157549 446.73889913693 0.000000575272711581823 25994.695627494 2572.21306850414 0.00411264786614805 12803.3575478702 3273.72572355072 0.0091539581536842 35.7053066041338 68.6029229541889 0.000500402569063464 4674003.73267378 727.350174220825 99.9971048512845 115.898544395265 9000.1086813049 9181.80605786714 1332637.09159707 6825264.80956542 82442.1334546384 2579.86049631702 30478.6301392135 142.934034983058 1294.55156546404 43637.1247248146 199.764680167465 256.168174429105 17084.711309839 107.270560436554 0.257934386067152 132.289200434761 4.58110739496745 1288962.55761923 8552340.36829578 643552.626426738 0.00151700529668541 124.981144426374 1029.40497186542 0 6839328.4278653 4991796.63137959 0 24986.0654756147 8642.3881265631 0 26652.5356964589 10194.358436364 0 10434.9422864298 5474.21366901863 0 82.5156188130765 246.414310698488 0 4464445.46073426 1520488.27899723 0 12.1799863992417 377.182914058351 20132859.7057876
"170" 169 4694403.47528705 0.0803265443109756 0.0000000000000127848213382817 18481.0121608564 375.989312687414 0.0000004841672552092 25316.1244391206 2330.72413062925 0.0036801830638464 12469.1359177758 2966.37616625541 0.0081913752066257 34.7562472524205 61.8291378689917 0.000444248600389566 4570803.23439938 659.651116899152 99.9985324447308 116.088120014414 9001.17060804258 9181.80608156652 1442334.46950337 6710031.06251658 82420.3552395917 2859.07475736434 29520.6463592094 140.296507977601 1529.19321261942 42556.7034833258 193.537587558583 302.599482381898 16661.7071563743 103.926707491753 0.304214946227526 128.963820550876 4.45255148728449 1396609.5302963 8473993.3214418 643586.67494335 0.00196148676771104 125.60724573912 1029.47169876661 0 6946056.34030823 4990477.98015173 0 24971.0984032586 8484.61060624007 0 26772.0814541848 10016.0843352056 0 10481.7465791494 5378.48321893829 0 82.8518272059884 242.075685182645 0 4554303.47229057 1522239.44226592 0 12.57631463688 380.791570313658 20154719.4879558
"171" 170 4581548.83284929 0.0295333449833234 0.0000000000000127815057900027 17808.2487167703 316.444229677486 0.000000407490094314923 24634.8678438742 2110.03656362923 0.00329319274640244 12133.5916245948 2685.50108098266 0.00733000966134722 33.8035112397145 55.6689825021602 0.000394395704659917 4467378.66777297 597.733192687112 99.9998096902865 116.272577949767 9002.12720869536 9181.8061026064 1551941.13729143 6595245.45932756 82398.9807784445 3134.81144301077 28579.0278464464 137.705908292272 1776.96343263889 41478.7871621435 187.692514477953 351.628695766327 16239.6837238109 100.787993157337 0.352970898678146 125.646759742754 4.33130624609477 1504399.81878825 8395113.43027144 643619.680154445 0.00248122386633664 126.217425903403 1029.53658116056 0 7052496.81159271 4989183.77585738 0 24946.1961259622 8329.37005097601 0 26876.7090501223 9840.22233990918 0 10522.7101459038 5284.04803260246 0 83.1425922466144 237.797831174409 0 4644479.66303934 1523959.91714947 0 12.9741448981621 384.336572013893 20176579.270124
"172" 171 4468847.00544893 0.010814105708839 0.0000000000000127781174218194 17146.9421283508 266.329232998983 0.000000342956230400393 23952.4003906283 1908.6903910509 0.00294689538811049 11797.4509386676 2429.24231588297 0.00655921876708451 32.8492855275887 50.0768068707003 0.000350136896014089 4363733.95256855 539.614722356295 99.9999005565112 116.451904329407 9002.9881096907 9181.80612128521 1661456.12169229 6480900.75965494 82378.0033691903 3405.83025866838 27654.9299533069 135.160959068568 2035.91892337979 40405.0986303679 182.194117162795 402.87127048579 15819.315546078 97.8354383763543 0.403810235505369 122.343607811074 4.21667716287872 1612330.79830005 8315711.84097103 643651.407305197 0.00307982263386292 126.811738267228 1029.59972183479 0 7158654.35941755 4987913.61269612 0 24911.7360822333 8176.63736235686 0 26966.8475244257 9666.78207915012 0 10558.0009635526 5190.91328046163 0 83.3892712280606 233.580796935829 0 4734968.24098338 1525650.42150107 0 13.3732626254388 387.818817527903 20198439.0522922
"173" 172 4356295.53889079 0.00395992939798866 0.0000000000000127748029360557 16497.9975553113 224.150899747623 0.000000288642540301112 23270.1531309143 1725.26395414742 0.00263701219786747 11461.4187062712 2195.79048709672 0.00586947876299522 31.8956776361997 45.0084071177109 0.000310844503493611 4259870.9089168 487.665436625578 99.9999748051832 116.626096850205 9003.76220462552 9181.80613786787 1770880.8136777 6366989.50587291 82357.4163920419 3671.1352075716 26749.2381911932 132.66051014529 2304.16923212988 39337.2981986872 177.01064226698 455.953120383305 15401.2526643728 95.0519920903706 0.456354211318575 119.059716679706 4.10804438052596 1720401.92967307 8235795.0062798 643682.126186707 0.00376027846839488 127.390262433642 1029.66121387737 0 7264533.7217833 4986667.08984581 0 24868.087828263 8026.38347768796 0 27042.9244870567 9495.7691332467 0 10587.7864490097 5099.08195906094 0 83.5932125828325 229.424546110648 0 4825763.71624443 1527311.16192103 0 13.7734597461306 391.239205300021 20220298.8344604
"174" 173 4243893.67807829 0.00144986694883875 0.0000000000000127715554078562 15862.1154679593 188.652311365943 0.000000242930463675659 22589.4937655016 1558.3881287529 0.00235971426428026 11126.1685710679 1983.40307295823 0.00525226723339788 30.9446882109196 40.421445588657 0.000275961274129893 4155793.19250826 440.651198741516 99.9999989250073 116.795164271941 9004.45768146839 9181.80615258962 1880214.92052806 6253505.09488116 82337.2133092016 3929.93521751043 25862.6129441506 130.203518203266 2579.90168641286 38276.961359184 172.113561417384 510.515550593806 14986.1119118979 92.4223350018454 0.510242039590975 115.800132395457 4.00485463127607 1828610.82400675 8155373.46128024 643710.743272628 0.00452500106093093 127.953102946864 1029.72114171927 0 7370138.80727173 4985443.81144871 0 24815.6125792319 7878.57937708798 0 27105.3653259462 9327.18546406325 0 10612.2331492243 5008.55512189133 0 83.7557537824035 225.328967330275 0 4916860.08048449 1528943.7049558 0 14.174534625423 394.598632672092 20242158.6166286
"175" 174 4131640.2354187 0.000530800482581245 0.0000000000000127683750158917 15239.8253034316 158.775603766129 0.000000204457770224107 21911.7128838518 1406.75615693654 0.00211157525920695 10792.336196524 1790.41692701014 0.00469995783500891 29.9981926275282 36.2757315144235 0.000244992474171517 4051504.19992386 397.968623677712 99.9999935543933 116.959125789166 9005.08205542627 9181.80616565928 1989458.59730815 6140439.17577091 82317.3876646753 4181.61055670662 24995.5257988259 127.789030014763 2861.39871890896 37225.5636176522 167.477242314601 566.218685830359 14574.4709754438 89.9327029602788 0.565134050857164 112.569550361797 3.9066140302384 1936955.33717565 8074455.52770064 643739.471936615 0.0053758454947792 128.500387710931 1029.77958206399 0 7475475.30502619 4984243.38660023 0 24754.6640994576 7733.19608698322 0 27154.5924948374 9161.02980020114 0 10631.5064623587 4919.33208623131 0 83.878219461541 221.293882754665 0 5008252.86797475 1530546.3055602 0 14.5762920089395 397.897994839525 20264018.3987969
"176" 175 4019533.80426794 0.000194341201691796 0.0000000000000127652637168817 14631.5133783699 133.630444948969 0.000000172077964914771 21238.014989177 1269.1300132017 0.00188952911254697 10460.5148454155 1615.25638043853 0.00420572608921735 29.0579296298629 32.5333925823597 0.000217498876038334 3947007.25791317 359.2477605412 99.999991974176 117.118010323814 9005.64220545938 9181.80617726225 2098612.23329948 6027785.35123419 82297.9330841148 4425.68498537866 24148.2913976385 125.416168321388 3147.04921656332 36184.4708456842 163.078652812782 622.743716165984 14166.8646180589 87.5707280576336 0.62071365378959 109.372288485185 3.8128816357881 2045433.38042052 7993050.6324682 643767.211793511 0.00631414735595562 129.032266238212 1029.83660471644 0 7580546.98611659 4983065.42933932 0 24685.5881554808 7590.20468159035 0 27191.024943087 8997.29798193595 0 10645.7704145457 4831.41061837284 0 83.9619199729156 217.319055661195 0 5099936.23439709 1532120.52774392 0 14.978542957788 401.138183926339 20285878.1809651
"177" 176 3907572.88026794 0.0000711595055373146 0.00000000000001276221948405 14037.4464409665 112.467503701775 0.000000144826122171068 20569.513264734 1144.344054416 0.00169083213628117 10131.2528020331 1456.43788743854 0.00376346507752897 28.1254954054577 29.1589619221915 0.000193090531784694 3842305.72252358 324.135153392388 99.9999951041306 117.271855771915 9006.14441287314 9181.80618756309 2207676.33053672 5915536.74302922 82278.8432746694 4661.80226084516 23321.0943172188 123.084119937813 3435.35519602871 35154.9341013319 158.89709476597 679.794217982162 13763.7826512462 85.3252957079138 0.67668837018221 106.212274677307 3.72326369742179 2154042.82110879 7911167.59494167 643793.912971016 0.00734076018307901 129.54890780512 1029.89227332195 0 7685358.13894742 4981909.55863959 0 24608.721971956 7449.57628351739 0 27215.0775093492 8835.98326998039 0 10655.1874225049 4744.78709942229 0 84.0081497884288 213.404197184413 0 5191904.88662587 1533666.88029887 0 15.3811047762819 404.320088165944 20307737.9631333
"178" 177 3795755.94930232 0.0000260428259971822 0.0000000000000127592304424417 13457.7915143232 94.656119642346 0.000000121890130868826 19907.227253525 1031.30656321844 0.0015130291301441 9805.05222934812 1312.57198955074 0.00336770999935294 27.2023418424195 26.1194003447321 0.000171421244892723 3737403.0456115 292.142208051813 99.999925613982 117.420708230205 9006.59440077566 9181.80619670795 2316651.41572287 5803686.13273473 82260.1120248408 4889.70634493554 22514.0104634436 120.792125739218 3724.93483771689 34138.0878131225 154.913964724356 737.096754352356 13365.6692239731 83.1864161447324 0.732790157486387 103.093045015513 3.63740851949013 2262781.41613271 7828814.88279224 643820.331837077 0.00845609396595585 130.050499574859 1029.94664602477 0 7789913.42868603 4980775.39840043 0 24524.3949917042 7311.28206425261 0 27227.1603851373 8677.07662182878 0 10659.9180835174 4659.45667369324 0 84.0181861003813 209.548972300686 0 5284153.97858659 1535185.06107869 0 15.7838009322808 407.444591175818 20329597.7453016
"179" 178 3684081.10778823 0.0000095414176649866 0.0000000000000127563218789044 12892.6326114869 79.6655095002113 0.000000102586493242003 19252.0827687986 928.999679231687 0.00135392305044831 9482.36912493066 1182.36322811305 0.00301357066067521 26.2897779384134 23.3840698075482 0.000152183662099157 3632302.38065868 263.421219114407 99.9999964592653 117.564621222236 9006.9973734811 9181.80620482655 2425538.41980576 5692226.61645747 82241.7332043274 5109.22473399499 21727.0256060711 118.539472242178 4014.52272973278 33134.9504499828 151.11253883772 794.400923312123 12972.9230849588 81.1451089177716 0.788775193868264 100.0177496458 3.55500187640204 2371647.20602048 7746000.360451 643846.851407485 0.00966015370882955 130.537244730762 1029.99977605502 0 7894217.24248603 4979662.57743761 0 24432.928983199 7175.29324504545 0 27227.6787165616 8520.56693910967 0 10660.1210194991 4575.41338153092 0 83.993287848023 205.75300514296 0 5376678.58691299 1536675.13618949 0 16.186460971953 410.512571315555 20351457.5274698
"180" 179 3572546.81125725 0.00000349412215963794 0.0000000000000127534655224914 12341.9848330121 67.0489496878729 0.0000000863399564893947 18604.913489822 836.478117229544 0.0012115478675352 9163.61410692725 1064.6085128376 0.00269667105999765 25.3889735452912 20.9246709102335 0.000135104915731565 3527007.29946979 237.303128925087 99.9999999691835 117.703654938684 9007.35805517195 9181.80621203402 2534337.92926332 5581152.02833833 82223.7007638546 5320.25440123547 20960.0518101794 116.325484532716 4302.96800210441 32146.4271797983 147.477779573232 851.478988657213 12585.8986235475 79.1932991032099 0.844423264618197 96.9891647850762 3.47576292139263 2480637.79818347 7662733.09670313 643872.712173157 0.0109525773216904 131.009360653127 1030.05171225143 0 7998273.26581907 4978570.72947303 0 24334.6372981392 7041.58109848665 0 27217.0321888873 8366.4412890535 0 10655.9527143481 4492.65027823702 0 83.9346946591046 202.01588372233 0 5469473.36574554 1538138.3098456 0 16.5889204298497 413.52490111897 20373317.309638
"181" 180 3461151.21829717 0.00000127923641978902 0.0000000000000127506645161906 11805.80618692 56.4304638524506 0.0000000726663701140668 17966.4638009387 752.866993077963 0.0010841442767139 8849.15381240263 958.194354826499 0.00241309532558895 24.5009647932324 18.7151546246259 0.000119942754827144 3421521.12651517 213.620839414997 99.9999738670884 117.837875502584 9007.68072732039 9181.80621843265 2643050.84202601 5470455.96856775 82206.0087349848 5522.75001211147 20212.9402383649 114.149520332771 4589.23090267078 31173.3139515299 143.996162082955 908.125202374151 12204.9074679296 77.3237240657474 0.899536861499592 94.0097089686524 3.39944053683456 2589751.03253433 7579021.25441589 643897.770482503 0.0123326722999854 131.46707716459 1030.10249952708 0 8102085.45426074 4977499.49312319 0 24229.8252755435 6910.11695095387 0 27195.6146350035 8214.68510288099 0 10647.5673606527 4411.15954060115 0 83.8436258456376 198.337164125177 0 5562533.33385924 1539575.16529791 0 16.9910207338045 416.482446792006 20395177.0918062
"182" 181 3349892.4424528 0.000000468383233219683 0.0000000000000127479223220892 11284.0075797233 47.4936186978808 0.0000000611582581262044 17337.3925170804 677.359013923521 0.000970137962729453 8539.31273229332 862.093290448118 0.00215933933639777 23.6266606694823 16.7316163429926 0.000106482110220285 3315847.16715362 192.231441953889 99.9999576965421 117.967354267072 9007.96926451743 9181.80622411318 2751678.11543862 5360131.95086163 82188.6512299045 5716.71396455067 19485.492200834 112.010965028109 4872.37825984751 30216.3025313633 140.655518263728 964.154906804185 11830.2204568839 75.5298497211591 0.953940084326013 91.081462016746 3.32581007938113 2698984.75324011 7494872.68209369 643922.23736383 0.0137994508123996 131.910634860278 1030.15217928415 0 8205657.88579903 4976448.51188631 0 24118.7903104661 6780.87218598719 0 27163.8137188752 8065.28235363278 0 10635.1167357578 4330.93256239268 0 83.7212796232771 194.716374247176 0 5655853.76105925 1540985.92623576 0 17.3926091056454 419.386067769175 20417036.8739743
"183" 182 3238768.55438265 0.000000171618805091498 0.0000000000000127452435871456 10776.4612140788 39.9720942026678 0.0000000514726761662401 16718.2772181144 609.21123637723 0.000868120149354698 8234.37534623544 775.359755389204 0.0019322674292088 22.7668503476957 14.9521785979885 0.0000945320449343302 3209988.69075245 173.032944374252 99.9999996801746 118.092167150699 9008.22716847548 9181.80622915621 2860220.7639648 5250173.71468901 82171.6224411839 5902.18801893421 18777.4684097842 109.909227507766 5151.57817875331 29275.9861911832 137.444896741158 1019.40348510336 11462.069866917 73.8057953498504 1.00747741350689 88.206185753409 3.25467047803429 2808336.82559223 7410295.15290037 643946.110458586 0.0153516629398901 132.340283533463 1030.2007897832 0 8308994.4483806 4975417.43412778 0 24001.8219630377 6653.81824859015 0 27122.0106636112 7918.21571570107 0 10618.7500952984 4251.96004002671 0 83.568832455537 191.153017118721 0 5749429.91262214 1542371.02483107 0 17.7935384584558 422.236616322062 20438896.6561426
"184" 183 3127777.76802452 0.0000000628468887922096 0.0000000000000127426129970059 10283.0076584459 33.6417472230877 0.0000000433209916846842 16109.6189683063 547.741553334066 0.000776830193891308 7934.58844707625 697.125613334266 0.00172907365737093 21.922210946012 13.3568674030535 0.0000839230466659655 3103949.09687093 155.613980268075 99.9999908372426 118.212394013467 9008.45760006189 9181.80623363329 2968679.67288125 5140574.96373424 82154.91664151 6079.24625285228 18088.5968009006 107.843736688062 5426.09424999177 28352.8657977364 134.354437180847 1073.72521526588 11100.6517962783 72.1462661039236 1.06001240834579 85.3853456801961 3.18584164755512 2917804.96982608 7325296.49727299 643969.653299494 0.01698782790713 132.756280703072 1030.24836647199 0 8412099.10121356 4974405.91306394 0 23879.2020240634 6528.92665040327 0 27070.5800142195 7773.46670808009 0 10598.614080314 4174.23204948744 0 83.3874384915977 187.646573870054 0 5843257.26717161 1543730.6226136 0 18.1936672909302 425.034937214276 20460756.4383108
"185" 184 3016918.12962401 0.0000000230139150571967 0.0000000000000127400354478908 9803.46178294166 28.3139319766712 0.0000000364602826264059 15511.8472474932 492.325034931071 0.00069514001161797 7640.16356966084 626.595499003181 0.0015472471226335 21.0933154679684 11.9274860241878 0.0000745046239961138 2997731.58931066 139.892203890206 99.9999801953527 118.328118075198 9008.66340929167 9181.80623760794 3077055.90910809 5031329.82048293 82138.5281833892 6247.98914681448 17418.5791764149 105.8139386137 5695.27948766339 27447.3561003829 131.37525748583 1126.99207056715 10746.128626727 70.5464924339348 1.11142637296259 82.620132972143 3.11916218353599 3027387.08708584 7239884.34328443 643992.561509399 0.0187062632233945 133.158890246072 1030.29494227822 0 8514975.41993804 4973413.60674419 0 23751.2045172553 6406.16897566877 0 27009.8894330248 7631.01582313541 0 10574.8526371511 4097.73811547524 0 83.1782290925225 184.196506378808 0 5937331.13812636 1545065.44394728 0 18.5928595792635 427.781867397789 20482616.220479
"186" 185 2906187.71397812 0.00000000842953016220172 0.000000000000012737511745304 9337.61777128479 23.8298783551801 0.0000000306860982982944 14925.3249589426 442.390220592215 0.000622040137815061 7351.27945738966 563.042098935547 0.0013845409519109 20.2806407379389 10.6474890761683 0.0000661431722625631 2891339.35272268 125.743283158776 99.9999842136284 118.439425376691 9008.84716326252 9181.80624113651 3185350.52482297 4922431.66155258 82122.4514988217 6408.53859134839 16767.096612284 103.819294044992 5958.57016533086 26559.7920676199 128.499352580362 1179.09249981355 10398.6315043942 69.0021757373438 1.16161702192417 79.9114863364274 3.05448730896416 3137081.08284379 7154065.50713269 644016.108240921 0.0205051117082437 133.548381135146 1030.34054787003 0 8617627.76104359 4972440.17803117 0 23618.0958926427 6285.51688788746 0 26940.2995200411 7490.8426424921 0 10547.606947136 4022.46727363685 0 82.9423124220017 180.802259637647 0 6031647.65442881 1546374.63077408 0 18.990984666896 430.478235746299 20504476.0026472
"187" 186 2795584.63193773 0.0000000030879302021867 0.0000000000000127350393031807 8885.25332605307 20.055960538773 0.0000000258263666914262 14350.3534111516 397.415435987893 0.000556627255211964 7068.08451594032 505.801463984591 0.00123894453579434 19.4845751908198 9.50185909903344 0.000058720078848663 2784775.54291348 113.004637433415 99.9999922813232 118.546404283239 9009.01117205571 9181.80624426908 3293564.54981563 4813875.89196768 82106.6810989462 6561.03369855421 16133.8141519124 101.859276454271 6215.47967841725 25690.4351234648 125.719503608155 1229.93021282286 10058.2627814374 67.5094395993656 1.21049716950262 77.260113277043 2.99168704526477 3246884.87663113 7067848.33348097 644038.025769283 0.0223823664214307 133.92502627981 1030.38521188792 0 8720058.48733315 4971485.29457928 0 23480.1350544054 6166.94213706081 0 26862.1636873928 7352.92594146322 0 10517.015377408 3948.40812664186 0 82.6807731984694 177.463263875137 0 6126201.4166829 1547660.8610112 0 19.3879171527025 433.124862821702 20526335.7848154
"188" 187 2685107.02426707 0.0000000011310398155587 0.0000000000000127326154527794 8446.13319950318 16.8797149166043 0.0000000217362666965937 13787.1771974208 356.92519009742 0.000498093032804 6790.69921664011 454.268423760353 0.00110865868591855 18.7054264149036 8.47698718157399 0.0000521300410347899 2678043.26364139 101.506200861073 99.9999927168684 118.649145029439 9009.1575126569 9181.80624705009 3401698.99748453 4705656.11701593 82091.2115736549 6705.62728612248 15518.3849448862 99.9333703664188 6465.59252836458 24839.479282173 123.029196489065 1279.42298999879 9725.09841789202 66.0647860591636 1.25799345981157 74.6665107926621 2.9306445836508 3356796.42528808 6981239.42435755 644059.573646717 0.0243358935487675 134.289101468138 1030.42896115114 0 8822271.79579739 4970548.62881141 0 23337.5732039169 6050.41656740906 0 26775.8279998416 7217.24378327856 0 10483.2134184831 3875.54889478211 0 82.394672320269 174.178936458992 0 6220988.73771083 1548923.28036834 0 19.7835367777466 435.722560670265 20548195.5669836
"189" 188 2574748.58355616 0.000000000470720442542916 0.0000000000000127302390825031 8020.0114780805 14.2064886453592 0.000000018293912401943 13235.988893151 320.486692602051 0.000445714138170795 6519.21841005945 407.892154220791 0.000992073404315614 17.9434283404452 7.5605587304496 0.0000462795725692761 2571141.07911117 100.038058805504 99.9999856826608 118.747739303708 9009.28805097221 9181.80624951894 3509759.34278005 4597766.81233991 82076.0375911806 6842.48360591757 14920.453027284 98.041069988501 6708.55852873151 24007.0570004541 120.422548882974 1327.50153582329 9399.19027291843 64.665056390578 1.30404515616542 72.1309849420092 2.87125483515694 3466818.21052454 6894236.93160996 644080.609038707 0.0263634533212743 134.640884405169 1030.47182084136 0 8924271.04724487 4969629.85789385 0 23190.6544185068 5935.91212545995 0 26681.631097144 7083.7736042305 0 10446.3336538556 3803.87746169369 0 82.0850467467861 170.948683607265 0 6316005.38268643 1550162.43199844 0 20.1777283107108 438.272132645471 20570055.3491519
"190" 189 2464511.75068691 0.000000000216837204234806 0.0000000000000127279121974152 7606.63462531053 11.9566189730005 0.000000015396720865085 12696.9334832902 287.706519902557 0.000398843299926296 6253.71350669519 366.171934421436 0.000887747990158509 17.1987479550505 6.74144511438243 0.0000410856777902714 2464076.16202708 100.006744966948 99.9999954795234 118.842279870132 9009.40446202951 9181.80625171076 3617742.32559319 4490202.46158473 82061.153897655 6971.77531267132 14339.6562820345 96.181878082151 6944.08734277297 23193.2447710097 117.894244704428 1374.10839794301 9080.5682947713 63.3073959374922 1.3486030099375 69.6536693849847 2.81342314002426 3576944.09093053 6806856.16815712 644101.181342677 0.0284627190853816 134.980653842551 1030.51381466606 0 9026059.62836793 4968728.66370962 0 23039.6155259205 5823.40086841357 0 26579.9041286952 6952.49229072567 0 10406.5057344101 3733.38141573249 0 81.7529094062538 167.771901929916 0 6411247.30181359 1551378.66186862 0 20.5703814329546 440.774373254868 20591915.1313201
"191" 190 2354395.42222262 0.000000000108147732981563 0.000000000000012725629390396 7205.7450079474 10.0630592706104 0.0000000129583551180416 12170.1127888464 258.2274485943 0.000356901309895731 5994.234657193 328.653116392749 0.000794393238154994 16.4714919569386 6.00960162400021 0.0000364746745034782 2356852.0193477 100.001695018654 99.9999878584278 118.932860226231 9009.50824846571 9181.80625365659 3725648.24322062 4382957.68255642 82046.5553166399 7093.67994803207 13775.6286895302 94.3553050392946 7171.94301749828 22398.0684252686 115.439475417176 1419.196885559 8769.24259691497 61.9892225899051 1.39162813910484 67.2345428194046 2.75706411915623 3687171.57629232 6719105.1481085 644121.299640288 0.0306312945928707 135.308688794466 1030.55496500407 0 9127640.82528971 4967844.7328301 0 22884.6862470008 5712.85497268188 0 26470.9707022354 6823.3762491175 0 10363.8563583389 3664.04808747323 0 81.3992491375895 164.647979820421 0 6506710.52398499 1552572.35139442 0 20.9613906231659 443.230068028561 20613774.9134883
"192" 191 2244397.86360439 0.000000000057930732511734 0.0000000000000127233938246864 6817.08127335279 8.46938102757137 0.0000000109061513059278 11655.5895633741 231.725467794528 0.000319369866221236 5740.81277002009 294.923322647586 0.000710855508685957 15.7617128627425 5.35597196425789 0.0000323811489286729 2249471.37331787 100.003262437018 99.9999956081445 119.01957429528 9009.60075740304 9181.80625538409 3833478.03702223 4276027.25877548 82032.2367486348 7208.37957209287 13228.0022298007 92.5608681279297 7391.93892489559 21621.5081213221 113.053887415034 1462.73006838718 8465.20541088872 60.7081985282647 1.43309099870707 64.8734452581574 2.70210065220667 3797498.94663843 6630990.40554639 644140.8743119 0.0328667295776612 135.625267834362 1030.59529303489 0 9229017.79170826 4966977.75648513 0 22726.089314847 5604.24674250978 0 26355.1468523214 6696.40146909158 0 10318.5092587979 3595.86458374638 0 81.0250306859546 161.57629871458 0 6602391.13021947 1553743.97570555 0 21.3506550418667 445.63999340726 20635634.6956564
"193" 192 2134517.41282652 0.0000000000330849846460424 0.000000000000012721199251807 6440.37982757821 7.12809226908476 0.00000000917895328750902 11153.391278863 207.906975924851 0.0002857851689836 5493.46137615636 264.608878449814 0.000636102472898962 15.0694146088009 4.77239932540644 0.0000287470278994403 2141936.84208494 99.9995594373982 99.9999772811061 119.10251615002 9009.68319582391 9181.8062569178 3941232.5885996 4169405.92634745 82018.1931705557 7316.05929313008 12696.4084577467 90.7980908801778 7603.93308639509 20863.5030097587 110.733534865259 1504.67985145471 8168.43291306463 59.4622049010818 1.47297043665612 62.5700931442385 2.64846296851052 3907924.57170757 6542518.19054724 644160.117562245 0.0351665337766059 135.930668466908 1030.63481885394 0 9330193.76171625 4966127.43053151 0 22564.0406075235 5497.54861861259 0 26232.7410269595 6571.54358128606 0 10270.5851986739 3528.81781857952 0 80.6311947475658 158.556234231541 0 6698285.441039 1554893.70326908 0 21.7380784160206 448.004916648059 20657494.4778245
"194" 193 2024752.48502136 0.0000000000200165438143889 0.0000000000000127190509945367 6075.37608035237 5.9992222845072 0.00000000772529016826668 10663.5136624684 186.506163097111 0.000255732189222569 5252.17837106646 237.371480305417 0.000569210356656667 14.3945577454633 4.25154394993525 0.000025520755162306 2034250.92064061 100.00167034695 99.9999821222252 119.181779765407 9009.75664454842 9181.80625827926 4048912.71506442 4063088.65475376 82004.4196351942 7416.90602947246 12180.4798051932 89.0665025990445 7807.82380424805 20123.9555759142 108.474837453567 1545.02611062957 7878.88692471546 58.2493191346612 1.51125281803518 60.3240933179891 2.59608783854708 4018446.93009679 6453694.69675159 644179.019824076 0.0375281895102875 136.22516656964 1030.67356157501 0 9431171.76869377 4965293.45542025 0 22398.7492898035 5392.73318676555 0 26104.0540922091 6448.77790975336 0 10220.2019723861 3462.89454136836 0 80.2186580638846 155.587157210264 0 6794389.77392896 1556021.91933021 0 22.1235689239683 450.32559574626 20679354.2599926
"195" 194 1915101.61270317 0.0000000000127515470379544 0.0000000000000127169462600604 5721.80548283692 5.04913049106001 0.00000000650184245600558 10185.9239853504 167.282576875613 0.000228839540554388 5016.94763457549 212.905097841693 0.00050935252575007 13.7370642329834 3.78680701831256 0.0000226565600967023 1926415.99435105 99.9908677208636 99.9999953552109 119.257458798234 9009.82207092114 9181.80625948788 4156519.12864787 3957070.52698653 81990.9112706516 7511.10747772839 11679.8507140028 87.3656379639687 8003.54559851123 19402.7356677362 106.274542526641 1583.75588862372 7596.5164889951 57.067794604203 1.54793121648133 58.1349558838454 2.54491785494656 4129064.5958268 6364526.00832126 644197.575700457 0.0399491629312659 136.509035898891 1030.71153942154 0 9531954.76485035 4964475.53616232 0 22230.4179011122 5289.77318628488 0 25969.3793493198 6328.0795197955 0 10167.4744125962 3398.08136256358 0 79.7883135479707 152.668434652886 0 6890700.54941254 1557129.0001359 0 22.5070390809081 452.602779371838 20701214.0421608
"196" 195 1805563.42204303 0.0000000000085115116909912 0.0000000000000127148808390021 5379.40439702246 4.24950393680018 0.00000000547215113011992 9720.56410955983 150.018866685151 0.000204774890029607 4787.74053157423 190.933103053832 0.000455789271356206 13.096821853762 3.37226060884579 0.0000201138084872521 1818434.28384964 99.998158644325 99.9999908316166 119.329646391517 9009.88034030665 9181.80626056089 4264052.4602788 3851346.74701337 81977.6632797525 7598.85124858437 11194.1585192427 85.6950367184171 8191.0654424932 18699.6842174587 104.129691179069 1620.86265005648 7321.25932804089 55.9160424230148 1.58300467019313 56.0021060184345 2.49490079323593 4239776.29354934 6275018.02510947 644215.77189912 0.0424269140440895 136.782547654842 1030.7487698078 0 9632545.61343136 4963673.38229304 0 22059.2425055312 5188.64151835096 0 25829.0025640345 6209.42326164687 0 10112.5144016805 3334.36477712797 0 79.3410304425402 149.799430585115 0 6987214.28658651 1558215.32496064 0 22.8884056250438 454.837206819188 20723073.824329
"197" 196 1696136.70374708 0.00000000000592318742103155 0.0000000000000127128573365403 5047.91082102735 3.5765135681989 0.00000000460553115446917 9267.35330098429 134.518700326449 0.000183240851534112 4564.51729749969 171.2056185973 0.000407858669543654 12.4736882580588 3.00258344086975 0.0000178564261428075 1710307.87907061 100.000013282786 99.9999957830878 119.398435001641 9009.93222649207 9181.8062615135 4371513.18855832 3745912.63114844 81964.6709394371 7680.32414597911 10723.0442057538 84.0542434253927 8370.37928690611 18014.6166676197 102.037587877712 1656.3455936476 7053.04318432048 54.7926151312651 1.61647749969792 53.9248947677025 2.44598904357739 4350580.86461823 6185176.55678786 644233.606087461 0.0449589055971461 137.045970100722 1030.7852694112 0 9732947.09701243 4962886.7078354 0 21885.4128098291 5089.3112541297 0 25683.2020082529 6092.78381042163 0 10055.4308880426 3271.73118598737 0 78.8776545109978 146.979506842448 0 7083927.61352271 1559281.25720127 0 23.2675894045798 457.029607969053 20744933.6064973
"198" 197 1586820.39755283 0.00000000000427907627788079 0.0000000000000127108703678347 4727.06498965763 3.01010411891574 0.00000000387615705630723 8826.19081877339 120.604844808736 0.000163971310997464 4347.22831372416 153.497075211119 0.000364968401897569 11.8674946632091 2.6730020812014 0.0000158523871893436 1602038.67835623 99.9955294472567 99.9999744052039 119.463916246316 9009.97842108651 9181.80626235913 4478901.65511632 3640763.65387686 81951.9296001382 7755.71157035651 10266.153007465 82.442807278978 8541.508859955 17347.3261150725 99.9957732579511 1690.20901901299 6791.78705156779 53.696192087984 1.64835868401585 51.9026088892621 2.39813910569968 4461477.32809088 6095007.28400831 644251.003038027 0.0475426109414463 137.299568231452 1030.82105423661 0 9833161.87133531 4962115.2312623 0 21709.1123048579 4991.75564265629 0 25532.2485131613 5978.13570269536 0 9996.32990691445 3210.16691567452 0 78.3990082590745 144.208023789939 0 7180837.22920281 1560327.22836398 0 23.6445152657015 459.180703261554 20766793.3886654
"199" 198 1477613.62507938 0.00000000000319726162454253 0.000000000000012708927652175 4416.60987455368 2.53339645829319 0.00000000326229332131239 8396.95829219401 108.117402895855 0.000146728138006701 4135.81527824477 137.603967321997 0.000326588436208454 11.2780492265484 2.37923727761483 0.0000140732597806051 1493628.36503938 99.9974343278813 99.9999937991127 119.526180771568 9010.01954200531 9181.80626310993 4586218.03161426 3535895.29398804 81939.4346851337 7825.19702172338 9823.13490050605 80.8602819619405 8704.49872991845 16697.5861892576 98.0019997635542 1722.46174540322 6537.40230167815 52.6255663900469 1.67866129182594 49.9344798031609 2.3513111400686 4572464.90425809 6004515.62626431 644268.109649268 0.0501755209461024 137.543603487304 1030.85613967381 0 9933192.61883084 4961358.67545745 0 21530.5184000415 4895.94811845236 0 25376.405531623 5865.45337004929 0 9935.31460478265 3149.65823634186 0 77.9058911803465 141.484340982293 0 7277940.04492199 1561353.44289545 0 24.0191119416774 461.291203679415 20788653.1708336
"200" 199 1368515.74384165 0.00000000000246203511817053 0.0000000000000127070209942299 4116.29160060724 2.13218458941675 0.00000000274564667030717 7979.52189736271 96.9121962928435 0.000131298243196832 3930.21227780544 123.3427952818 0.000292244476792938 10.7051401139277 2.11745507696821 0.0000124938027843706 1385078.39003827 99.9962543564125 99.9999956926345 119.585318136035 9010.05614111861 9181.80626377643 4693462.26558364 3431303.23372336 81927.181689892 7888.96168587204 9393.64499705435 79.3062255409959 8859.41361488927 16065.153677297 96.0542098354745 1753.11657935002 6289.79371247937 51.5796331598953 1.70740196394988 48.0196917006117 2.30546856909778 4683543.03216516 5913706.95203128 644284.921914584 0.0528551500546611 137.778333508416 1030.89054054847 0 10033041.8491227 4960616.76767549 0 21349.8025615064 4801.86230885134 0 25215.9292120721 5754.71116986664 0 9872.48526832019 3090.19137829863 0 77.3990800335316 138.807817770237 0 7375233.0102497 1562360.2514614 0 24.3913119432152 463.361810740525 20810512.9530019
"201" 200 1259526.38714292 0.0000000000019474213220621 0.0000000000000127051508082458 3825.85979229142 1.79451230716943 0.00000000231082091537001 7573.73434661726 86.8592861978258 0.000117490945061068 3730.3467677368 110.548182433596 0.000261512103523013 10.1485382856571 1.88422238713395 0.0000110916077249042 1276389.91847563 99.9741155544614 99.9999893812568 119.64141671102 9010.08871114048 9181.80626436812 4800634.04038659 3326983.36987909 81915.1661813941 7947.18409016203 8977.34387828392 77.7802003926981 9006.33592393862 15449.7709169882 94.1505163850787 1782.18982810747 6048.8604046313 50.5573790599604 1.73460044347474 46.157388886986 2.26057772287599 4794711.42311149 5822586.57212675 644301.266650589 0.0555790415605807 138.004011926315 1030.92427116773 0 10132711.8875731 4959889.2395011 0 21167.1304302227 4709.47204101386 0 25051.0684779673 5645.88341363877 0 9807.9393554932 3031.75254721083 0 76.879329132433 136.177813858333 0 7472713.1061458 1563348.16904618 0 24.7610514501805 465.393216499104 20832372.73517
"202" 201 1150645.48086731 0.00000000000157896125681924 0.0000000000000127033149228368 3545.06785772577 1.51031690059415 0.00000000194485814992612 7179.43670275816 77.8416219460827 0.000105135613646279 3536.14046553755 99.0711552041047 0.000234011527148161 9.60800002047298 1.67646664907235 0.00000984678090380004 1167563.72137783 99.9968070856002 99.9999636590587 119.694563594806 9010.1176918275 9181.80626489345 4907732.75827673 3222931.50637494 81903.3837974444 8000.03982107111 8573.89784140087 76.2817731540448 9145.36351461546 14851.1679724368 92.2891853144463 1809.70085590202 5814.49669342501 49.5578729063335 1.76027915004393 44.3466824132564 2.21660752448977 4905970.16907294 5731159.36357584 644317.393295722 0.0583447721744786 138.220888188905 1030.95734536078 0 10232205.1823584 4959175.82680732 0 20982.6619575776 4618.7513486181 0 24882.0651131819 5538.94439300957 0 9741.77152899319 2974.32793808666 0 76.3473706502859 133.593689818857 0 7570377.62931248 1564317.28326469 0 25.1282702047394 467.386103554785 20854232.5173382
"203" 202 1041873.43469148 0.0000000000013081830097376 0.0000000000000127015229528832 3273.67324221411 1.27112928181495 0.00000000163685260017965 6796.46003188479 69.7538086292707 0.0000940795620198992 3347.51016495815 88.7775746190715 0.000209402896108802 9.08326919995275 1.49143929669352 0.00000874166119109026 1058600.19761346 100.000927180915 99.9999999628231 119.744844539907 9010.14347555159 9181.80626535979 5014757.34904072 3119143.80988888 81891.8302459698 8047.70127180626 8182.97908466446 74.810514692874 9276.60764981727 14269.0646033945 90.4686198707884 1835.67167963442 5586.59285981342 48.5802572673282 1.78446279453248 42.586656037023 2.17352921055783 5017319.72088747 5639430.39012834 644333.110725174 0.0611499559501115 138.429207415618 1030.98977651504 0 10331523.8484771 4958476.26971297 0 20796.5515449468 4529.67447821506 0 24709.153857134 5433.86840376199 0 9674.07369348209 2917.90374815697 0 75.8039149514203 131.054807565757 0 7668223.78481761 1565268.11745809 0 25.4929114060244 469.341145068977 20876092.2995065
"204" 203 933211.169482898 0.00000000000110496438618673 0.0000000000000126997616686629 3011.4376422013 1.06982160528814 0.0000000013776256305692 6424.62690769761 62.5009848420134 0.0000841861594554387 3164.36847692566 79.5467079807441 0.000187382096852422 8.57407937415619 1.32668269632506 0.00000776056948424495 949499.15886552 99.9821550017496 99.9999997546069 119.792343892015 9010.16641230586 9181.80626577382 5121706.24245384 3015616.45440894 81880.5013043048 8090.33742904968 7804.26585791593 73.3660000939057 9400.19113811942 13703.1720496972 88.6873466439343 1860.12660088477 5365.03584905077 47.6237409443471 1.80717803059961 40.876371587398 2.13131608307302 5128761.10340925 5547404.38414531 644348.473027766 0.0639922476301499 138.629210279683 1031.02157760851 0 10430670.0228374 4957790.3125395 0 20608.9481685488 4442.21589524097 0 24532.5625026775 5330.62976792727 0 9604.93503391802 2862.46618874752 0 75.249650927619 128.560530792254 0 7766249.01622743 1566200.9452148 0 25.8549216064038 471.259004787965 20897952.0816746
"205" 204 824660.301467116 0.000000000000949971639898229 0.0000000000000126980346256284 2758.12719873469 0.900394856380754 0.00000000115945221833628 6063.75277979514 55.9978020583436 0.0000753331430230971 2986.62450348117 71.2699298924373 0.000167676995761082 8.08015562845019 1.18000027367386 0.00000688958628173438 840259.660509853 99.9802126161844 99.9999964974649 119.837144539507 9010.18681419843 9181.80626614136 5228577.18396671 2912345.64116997 81869.3928184665 8128.11367977403 7437.44255562209 71.9478086569867 9516.24664206469 13153.1946414232 86.9440030355505 1883.09187115382 5149.70990109823 46.6875922430451 1.82845313974907 39.2148737716699 2.08994328907577 5240296.08475858 5455085.76960712 644363.751526237 0.0668693454674522 138.821132914751 1031.05276123862 0 10529645.8439582 4957117.70376696 0 20419.9955200121 4356.35028968245 0 24352.5119999862 5229.20285417824 0 9534.44205622826 2808.00149622986 0 74.6852463502198 126.110225375213 0 7864450.99793249 1567115.81806488 0 26.214250609401 473.140337072228 20919811.8638428
"206" 205 716223.458224443 0.000000000000829721545816962 0.0000000000000126963395785258 2513.51269713104 0.757800079367965 0.00000000097583074608752 5713.64721923043 50.1674975457808 0.0000674111067232656 2814.18445126272 63.8495423309936 0.000150044076255006 7.60121627228813 1.04942955336891 0.00000611635421649163 730879.778662747 99.9862475168489 99.9999778592068 119.879327872521 9010.20495948326 9181.80626646766 5335366.91856314 2809328.02694515 81858.50070242 8161.1916114432 7082.19979852083 70.5555239046706 9624.91513799003 12618.8312479267 85.2373260464503 1904.59538709077 4940.49711794614 45.771132952286 1.84831774638758 37.6011944694196 2.0493876250647 5351927.39940454 5362479.14062273 644378.620996936 0.0697789935721409 139.005206843311 1031.083339648 0 10628453.0233138 4956458.19598969 0 20229.8321228392 4272.05258139305 0 24169.2165664772 5129.56209665124 0 9462.6786303458 2754.49594212848 0 74.1113482384 123.703259749091 0 7962827.24955659 1568013.37946612 0 26.5708513693418 474.985786931493 20941671.646011
"207" 206 607904.707977438 0.000000000000734697114374284 0.0000000000000126946821273767 2277.36978802805 0.637787917401537 0.000000000821289252114236 5374.11505587046 44.9410531647005 0.0000603221494941034 2646.95219169736 57.1977040278005 0.000134265429519129 7.13697437236433 0.933217853906463 0.00000542990274854156 621356.170374768 99.9534062270232 99.9999931806659 119.918973750684 9010.22109617363 9181.80626675739 5442070.76132752 2706560.16483514 81847.8209373354 8189.72879042951 6738.23450342085 69.1887335967326 9726.34450935651 12099.7765868339 83.5661422442038 1924.66641213883 4737.27797610945 44.8737329569057 1.86680255908856 36.0343565852294 2.00962736338971 5463659.18810299 5269588.72391382 644393.24591923 0.0727189838289581 139.181658924613 1031.11332474755 0 10727093.404179 4955811.54587111 0 20038.5914305002 4189.29792506004 0 23982.8837941545 5031.68201232474 0 9389.72603223646 2701.9358424528 0 73.5285832156191 121.339005251889 0 8061375.66320446 1568893.7784764 0 26.9246798927449 476.795990065121 20963531.4281793
"208" 207 499710.209615243 0.000000000000659313724345326 0.000000000000012693053060026 2049.47928184585 0.536781980707383 0.000000000691222364686486 5044.95742392162 40.2564328595839 0.0000539786653874765 2484.82977596138 51.2354600031068 0.000120146061668895 6.68713915503394 0.829800398645194 0.00000482049253031599 511683.223930883 99.99670999978 99.999975017747 119.956160478727 9010.23544527936 9181.80626701456 5548681.94727593 2604038.87051398 81837.3495708342 8213.87846663198 6405.24985936676 67.8470297496333 9820.68825327443 11595.7223947716 81.9293587875612 1943.3353205802 4539.9317849888 43.9948054179626 1.88393913384731 34.5133774669445 1.97064209817651 5575497.84772969 5176418.50422077 644407.589410396 0.0756871574231805 139.35071132001 1031.14272813709 0 10825568.595018 4955177.51409831 0 19846.4019924141 4108.0617148239 0 23793.7147643465 4935.5372170704 0 9315.66298882074 2650.30756631638 0 72.9375578874234 119.016836445331 0 8160094.17848988 1569757.36102782 0 27.2756951414586 478.5715729074 20985391.2103476
"209" 208 391649.823788393 0.000000000000598105113277896 0.0000000000000126914606608231 1829.62758237739 0.45177226935572 0.000000000581754060926633 4725.97273623957 36.0578921140301 0.0000483022609640289 2327.71791486425 45.8918626905836 0.000107511484081222 6.25141730899017 0.737780621069181 0.00000427947723715299 401851.849180921 99.9911795035931 99.9999936415539 119.990964789359 9010.24820370617 9181.80626724284 5655190.02011742 2501761.10876115 81827.0827162322 8233.78913857976 6082.95534813432 66.5300086592873 9908.1042746012 11106.3584765297 80.3259553969781 1960.63335890987 4348.33709763626 43.1338024610355 1.89975965407487 33.0372719453889 1.932412608602 5687453.24108441 5082972.50575142 644421.647088938 0.0786814060058765 139.512581473741 1031.17156112384 0 10923880.0825846 4954555.86533608 0 19653.3875536253 4028.31958855262 0 23601.9041641196 4841.10244048058 0 9240.56572355151 2599.59754389901 0 72.3388592219614 116.736131411215 0 8258980.9032764 1570604.43584059 0 27.623858937627 480.313152677389 21007250.9925159
"210" 209 283739.940517165 0.000000000000548136576785641 0.0000000000000126898980739323 1617.6074835329 0.38022547457694 0.000000000489622160443897 4416.95762097937 32.2953531038636 0.0000432227865299463 2175.51644018387 41.1031766776442 0.0000962055571150387 5.82951423821171 0.655912459606633 0.00000379918090315762 291846.230987098 99.9903643384791 99.9999999426783 120.023461832991 9010.25954684967 9181.8062674455 5761578.00450218 2399724.0213713 81817.016551775 8249.60375498673 5771.0667202853 65.2372709257302 9988.75372583893 10631.3736430649 78.7549771720052 1976.59241627262 4162.37207800049 42.2902113192721 1.91429671884126 31.6050550301859 1.89492073757941 5799541.94357918 4989254.38132984 644435.411995803 0.0816996725190484 139.66748210747 1031.19983473905 0 11022029.2036463 4953946.36818063 0 19459.6671801196 3950.04743177265 0 23407.6404041828 4748.35253956383 0 9164.50800257623 2549.79227380104 0 71.733054932905 114.496272025651 0 8358034.10631715 1571435.30979177 0 27.9691358704826 482.021337432986 21029110.7746841
"211" 210 176011.610424039 0.000000000000506897103684748 0.0000000000000126883636763819 1413.21987287864 0.320009485583177 0.000000000412081111615599 4117.70788859016 28.9238397354582 0.0000386774692447241 2028.12478094739 36.8121596633101 0.0000860885605769638 5.42113536612939 0.583084453687999 0.00000337278902251382 181635.938610416 99.9837890481631 99.999985926015 120.053725174271 9010.26963091626 9181.80626762546 5867814.27464666 2297924.92787999 81807.1473198678 8261.45800909205 5469.30596692856 63.9684214785056 10062.7998081015 10170.4565477542 77.2155281666401 1991.24478719616 3981.91482833493 41.4635508834505 1.92758312221931 30.2157442928058 1.85814928412786 5911795.13398834 4895267.63375908 644448.895145643 0.0847399516818757 139.815621226967 1031.22755975289 0 11120017.1438913 4953348.79511299 0 19265.3553723174 3873.22138125711 0 23211.1057383823 4657.26251139272 0 9087.56118152077 2500.87832983506 0 71.1206938653247 112.296644212763 0 8457252.23876822 1572250.2672375 0 28.3114932049822 483.696726128885 21050970.5568522
"212" 211 74409.5613553362 0.000000000000472658169857924 0.0000000000000126868629208938 1216.45058116919 0.269329852180889 0.000000000346820173523035 3828.02153855239 25.9029671940346 0.0000346101373878321 1885.44344436161 32.9674127924073 0.0000770354670890434 5.02599048967036 0.518305468321275 0.00000299425187155372 77228.602551281 99.9914013574341 99.9999992653065 120.081826797394 9010.27859499827 9181.80626778518 5967953.53757022 2196361.33900561 81797.4713263012 8269.30348642184 5177.40127030304 62.7230696014023 10130.4040274484 9723.29643038912 75.7067656429258 2004.62243078781 3806.84368048472 40.6533686162507 1.93965111396544 28.868361967965 1.82208190789037 6018205.91774562 4801015.5079598 644462.125741005 0.0878002900398532 139.957202139533 1031.25474668783 0 11217844.9241199 4952762.92245216 0 19070.5621858072 3797.81782825009 0 23012.4763840717 4567.80750477747 0 9009.79425261661 2452.84236729439 0 70.5023063824056 110.136638179198 0 8556633.94792775 1573049.56981928 0 28.6509007922939 485.339908678138 21084782.3070514
"213" 212 24856.8428413432 0.000000000000443954264762225 0.0000000000000126853896719469 1033.64503974426 0.226676309746176 0.000000000291894555345552 3547.97912055238 23.1964810459299 0.0000309705261986103 1747.51210415265 29.522794058456 0.0000689343970227112 4.64421156432064 0.460691889186452 0.00000265819868022222 26169.0196281144 99.9975729094276 99.9999962093498 120.107837779506 9010.28656292853 9181.806267927 6016072.1885441 2095030.99088928 81787.9849396082 8266.73295651699 4895.08694556211 61.5008288298916 10191.3765832812 9289.58377634405 74.2278949281398 2016.6877889664 3637.03745396287 39.8592377906448 1.95046137642351 27.5619367975404 1.78670304434956 6071230.22200367 4706501.05820374 644475.116104722 0.0908787526102238 140.092423480865 1031.28140583075 0 11315513.365669 4952188.53031607 0 18875.3933206983 3723.81341370959 0 22811.9226432146 4479.96283083416 0 8931.27389211488 2405.67112862815 0 69.8784047527337 108.015648625494 0 8656178.0763307 1573833.49171474 0 28.9873309821437 486.951466017041 21224020.2371497
"214" 213 5905.29123329144 0.000000000000419712650030349 0.0000000000000126839458897667 872.858575095527 0.190777772995063 0.000000000245667461151202 3278.61210048319 20.7718413370712 0.0000277136567116546 1614.83879576036 26.436888974454 0.0000616852359065836 4.27734371065788 0.409456144059705 0.00000235986143545243 6500.72822986781 99.999947319077 99.999996718776 120.131833646452 9010.29364493742 9181.80626805298 6033617.84622022 1993931.86901213 81778.6845913623 8245.62970407076 4622.10335866866 60.3013159863105 10244.3428815465 8869.01089862272 72.778164761676 2027.1688546071 3472.37568383185 39.0807549912434 1.95973454830231 26.2955056419015 1.75199782822362 6092825.22051987 4611727.08439992 644487.852752753 0.0939731554076041 140.221479250196 1031.30754724382 0 11413023.066372 4951625.40263976 0 18679.9500305834 3651.18497111155 0 22609.6090114071 4393.70396948507 0 8852.06450297035 2359.35144693175 0 69.2494834962118 105.933074856488 0 8755883.67694617 1574602.32844631 0 29.3207585369457 488.531970172565 21425289.2400957
"215" 214 -986.285047051206 0.000000000000399114953473137 0.0000000000000126825298786941 735.004779820076 0.160564457351992 0.000000000206761313004498 3021.29603725446 18.5998475056473 0.0000247992799118246 1488.10103327463 23.6725331890056 0.0000551983972230903 3.92743135651252 0.363896419257246 0.00000209500723557325 -1008.22959279499 99.9999589428354 99.9999918438868 120.153900179466 9010.2999391326 9181.80626814548 6039131.16769969 1893062.21988827 81769.5667766394 8205.01880587153 4358.19683570419 59.124150249391 10287.5001725942 8461.27244773347 71.3568630135232 2035.70889639139 3312.73882032886 38.3175378151835 1.96710656404775 25.0681148743904 1.71795202238845 6102223.57169601 4516696.1071354 644500.319518581 0.0970807754054347 140.344558852645 1031.33318077442 0 11510374.3887886 4951073.32720319 0 18484.3290337361 3579.90947113972 0 22405.6942610458 4309.00656826408 0 8772.22824740314 2313.87024530559 0 68.6160196439029 103.888320696421 0 8855750.04794811 1575356.37388596 0 29.6511605473848 490.081984329961 21650819.0685452
"216" 215 -6067.56304986304 0.000000000000381521639014132 0.0000000000000126811412569725 617.85758702629 0.135135999126162 0.00000000017401669883057 2777.16351084023 16.6543002798115 0.0000221913793403193 1367.85665459294 21.1963821743055 0.0000493937153058694 3.59614281570234 0.323387451749508 0.00000185987823617424 -5155.63404020062 99.9995658241231 99.9999829012308 120.174133366388 9010.30553282042 9181.8062682378 6042861.30596569 1792420.56085463 81760.6280533629 8147.06515242081 4103.11961304944 57.968953395917 10319.3495517495 8066.06586001853 69.963312820522 2042.01130838689 3158.0084043943 37.5692227973606 1.97227745768598 23.8788215932652 1.68455195393224 6108223.74460731 4421410.32424006 644512.534668105 0.100198353242428 140.461847147745 1031.35831606349 0 11607567.4500922 4950532.09559168 0 18288.6226354974 3509.9640371847 0 22200.3315182197 4225.84643938045 0 8691.82507700401 2269.21453527792 0 67.9784729768593 101.88079436497 0 8955776.77974244 1576095.88313618 0 29.9785163491499 491.602062898498 21881561.6723391
"217" 216 -10882.5815908055 0.000000000000366421250852297 0.0000000000000126797821064911 518.281145684427 0.113734624467865 0.000000000146457821670563 2546.91298359415 14.9116970604415 0.0000198577260052422 1254.44967848665 18.9785235314709 0.0000441994546568274 3.28449024929588 0.287372288648221 0.00000165113833550448 -8665.67042273989 99.9993518788213 99.9999905498278 120.192636441695 9010.3105036847 9181.8062683261 6046351.78584615 1692005.73043722 81751.8650410498 8074.84385354015 3856.62980005446 56.8353505391262 10338.9342629282 7683.09175382348 68.5968691863828 2045.88676599185 3008.06722278008 36.8354635846908 1.97505895948628 22.7266946811724 1.65178445888683 6113550.60196923 4325871.59182752 644524.521594773 0.103322241464601 140.573524503498 1031.3829625541 0 11704602.0712518 4950001.5031202 0 18092.9189452533 3441.32599078145 0 21993.668352806 4144.1995606523 0 8610.91276800714 2225.37141730675 0 67.3372863081229 99.9099084601916 0 9055963.77614477 1576821.10186036 0 30.3028074409136 493.092751576187 22113246.6810503
"218" 217 -15289.5982752621 0.000000000000353404398247425 0.0000000000000126784496939503 433.597881108236 0.095722567535613 0.000000000123263420710531 2330.85044347955 13.3509575955806 0.0000177694800967192 1148.03081544514 16.9921278489208 0.0000395514234410828 2.99289749149247 0.255354915959431 0.00000146582584310832 -11700.2882514611 99.9998093220692 99.9999973932427 120.20951643438 9010.31492083885 9181.80626840529 6049460.36066163 1591816.94083764 81743.2744194367 7990.97245442969 3618.49133715621 55.7229708698701 10345.7877642868 7312.05427957087 67.2569160197255 2047.24294907356 2862.79944510879 36.1159293455778 1.9753629647763 21.6108157311307 1.61963683526114 6118366.75933174 4230081.38755442 644536.292064142 0.106448577368095 140.679766855089 1031.40712949815 0 11801477.7240613 4949481.34874971 0 17897.3020972475 3373.97289710024 0 21785.8468853096 4064.04208128488 0 8529.54696312077 2182.32808388203 0 66.6928858191497 97.9750800722801 0 9156311.29016032 1577532.28312987 0 30.6240174037813 494.554587415095 22345851.6187175
"219" 218 -19286.8272527233 0.000000000000342106869054851 0.0000000000000126771427784634 361.56493469965 0.0805630649284098 0.000000000103742297521627 2128.98228317059 11.9531770368502 0.0000159008345846353 1048.60321409894 15.2131344105365 0.0000353921802045097 2.72134287635312 0.226893667844508 0.00000130131146023788 -14347.6387217945 99.9916030006824 99.9999977180048 120.224881398122 9010.31884576432 9181.80626847523 6052184.74964577 1491853.84002331 81734.8529271894 7897.63468941519 3388.47394751377 54.6314481907116 10339.8179344861 6952.66142766313 65.9428635502811 2046.06162849698 2722.09074442367 35.4103033824585 1.9731772592044 20.5302798510052 1.58809680308565 6122761.02266938 4134040.77203035 644547.832606865 0.109573421730896 140.780745767795 1031.43082596306 0 11898193.4685851 4948971.43500931 0 17701.8524306524 3307.88259780188 0 21577.0039060214 3985.35033113701 0 8447.78121817932 2140.07182450214 0 66.0456814358272 96.0757309914353 0 9256819.97263113 1578229.70101668 0 30.9421318224692 495.98809888921 22579287.8335404
"220" 219 -22851.3273232285 0.000000000000332341548897146 0.0000000000000126758601818453 300.28919201935 0.0678043600141018 0.0000000000873127181894542 1941.08928683479 10.701403730607 0.0000142286962948819 956.05890247085 13.6199683844088 0.0000316703240111877 2.46947245078758 0.201595336202307 0.00000115526097595483 -16635.7061479269 99.9989775067847 99.9999862233694 120.238838331274 9010.32233314727 9181.80626853678 6054501.5257624 1392116.56023567 81726.5973607211 7796.66557561384 3166.35308001305 53.5604212684301 10321.2148561542 6604.62529791236 64.6541460624422 2042.38041815189 2585.82840267491 34.7182819147548 1.96854628197076 19.4841963576713 1.55715247013146 6126762.01992755 4037750.25397843 644559.147665643 0.112692863066496 140.876628503467 1031.45406083771 0 11994747.9042093 4948471.56792485 0 17506.6466364154 3243.03323281631 0 21367.2710005411 3908.10083182627 0 8365.66705128816 2098.59003163686 0 65.396067224339 94.2112879657566 0 9357490.96399505 1578913.60749425 0 31.2571382083344 497.393805965728 22813548.0467783
"221" 220 -26127.2012540362 0.000000000000323784481840718 0.0000000000000126746049840556 248.159540336809 0.0570662404788966 0.0000000000734850775109737 1766.78490454892 9.58043933814553 0.0000127324005229923 870.207490300197 12.1932864303669 0.000028339859228595 2.23668867842621 0.179109908209806 0.00000102560214971408 -18695.771057237 99.9916226999609 99.9999911250891 120.251491637558 9010.32543162491 9181.80626859141 6056554.31476871 1292605.81811007 81718.5045730997 7689.61922525287 2951.90985012814 52.5095340538935 10290.3782008566 6267.66233367614 63.3902198965526 2036.278405761 2453.90140238816 34.0395730055937 1.96155605714298 18.4716893704116 1.52679230224324 6130501.66423604 3941209.79646816 644570.241553723 0.115803094858641 140.967578090095 1031.47684283794 0 12091139.0690998 4947981.55695239 0 17311.7578750406 3179.40325402134 0 21156.7746776285 3832.27030848721 0 8283.25399287926 2057.87020704145 0 64.7444217935902 92.3811829776831 0 9458325.97651887 1579584.25048422 0 31.5690259243197 498.772220180356 23048354.6210856
"222" 221 -29065.2589361574 0.000000000000316336304794704 0.0000000000000126733745539297 203.809402754208 0.0480287079137285 0.0000000000618473086478384 1605.56092356161 8.57665910126811 0.0000113934556584644 790.798663843762 10.9157479470684 0.0000253596271107749 2.02221955525904 0.159125866592117 0.000000910495310607294 -20507.3683083884 99.9949124131768 99.9999955108115 120.262942007703 9010.32818444993 9181.80626864011 6058293.45814625 1193323.05471132 81710.5714730159 7577.80634457859 2744.93098747077 51.4784358063194 10247.8603315203 5941.49352477922 62.1505616779578 2027.86489388627 2326.2005061119 33.3738956108363 1.95232245512098 17.4918983160645 1.4970050974605 6133960.11215364 3844418.60758485 644581.077786484 0.118900471765864 141.053753394004 1031.49918051168 0 12187364.2997592 4947501.21491591 0 17117.2558645853 3116.97143307453 0 20945.6364956141 3757.8357013927 0 8200.5896352033 2017.89996799714 0 64.0911086918788 90.5848535180911 0 9559327.39372593 1580241.91464342 0 31.8777861118226 500.123844716677 23283775.0797414
"223" 222 -31709.9737483256 0.000000000000309804487519507 0.0000000000000126721684204793 166.082758487883 0.040422441788771 0.0000000000520526034407382 1456.82546470743 7.67785027317297 0.0000101953146639596 717.540900527526 9.77180943858363 0.0000226927971552643 1.82517569375414 0.141365993883024 0.000000808307256171162 -22112.5204504007 99.9965917016616 99.9999994348593 120.27328564007 9010.3306300834 9181.80626868327 6059762.96926289 1094270.51364247 81702.7950238084 7462.3282200689 2545.20878924917 50.466781147159 10194.3189722771 5625.84458355455 60.9346667413546 2017.27003415284 2202.61832534063 32.7209787329778 1.94098149873231 16.5439783592817 1.46777996327965 6137179.99716122 3747374.99281248 644591.742025564 0.121981548894672 141.135309194276 1031.52108224365 0 12283420.1525239 4947030.35794835 0 16923.2069452119 3055.71686493483 0 20733.9731841304 3684.77417693146 0 8117.71967999 1978.6670532059 0 63.4364767873345 88.8217428447034 0 9660498.51166777 1580886.75839928 0 32.1834116194268 501.449174489467 23519720.8460825
"224" 223 -34062.8513845646 0.000000000000304066008423589 0.0000000000000126709850328207 134.001172673713 0.0340207736402502 0.0000000000438090774471919 1319.93274953407 6.87306692088138 0.00000912317058538638 650.116130367515 8.74753971748527 0.0000203064119481174 1.64459470014655 0.125583627829453 0.000000717588080468288 -23519.1213791903 99.9980184042068 99.9999943574969 120.282613733237 9010.33280272243 9181.80626872164 6060963.90201734 995451.58348476 81695.1722425365 7344.10967644639 2352.54108716264 49.474230062898 10130.4801343939 5320.44609704456 59.7420477235825 2004.63749096606 2083.04938010447 32.0805606654975 1.92768182822063 15.6271007670031 1.43910629653949 6140169.81345866 3650076.20601822 644602.197603244 0.125043107489857 141.212396259087 1031.54255625979 0 12379302.0607415 4946568.80543534 0 16729.6741170548 2995.61896825029 0 20521.896759645 3613.06313762201 0 8034.68798368081 1940.15932816782 0 62.7808606273352 87.091300216474 0 9761843.63704399 1581519.05849422 0 32.4858969334118 502.748696231678 23756180.5533977
"225" 224 -36211.9724643062 0.000000000000298980934137462 0.000000000000012669826113045 106.726672883222 0.0286329322985788 0.0000000000368710717186581 1194.20616369228 6.15249947562816 0.00000816377356585423 588.191095549915 7.83045387807207 0.0000181709798723845 1.47947525223657 0.111559320435907 0.000000637050602704739 -24792.718712485 99.9882427249759 99.9999974988855 120.29101218967 9010.33473277037 9181.80626875568 6061983.89328197 896871.024222708 81687.7001990894 7223.9361756583 2166.73125056557 48.5004478725311 10057.1093944556 5025.03366200826 58.5722333026933 1990.11875798709 1967.39015182673 31.4523883157591 1.9125789156005 14.7404532281332 1.41097376551986 6142995.69848604 3552518.08605953 644612.448493811 0.128082170083373 141.285161423661 1031.56361063141 0 12475004.1079724 4946116.37996128 0 16536.7170321199 2936.65748357211 0 20309.5146299819 3542.68023099158 0 7951.53659835137 1902.36478994879 0 62.1245807613105 85.3929810995178 0 9863368.47686587 1582139.04702457 0 32.7852381099024 504.022888584657 23992998.6910826
"226" 225 -38103.1504773631 0.000000000000294544114253662 0.0000000000000126686893895689 83.5496064923638 0.0240983588640433 0.000000000031031832107907 1078.95594202825 5.50735756283635 0.00000730526710220352 531.426060998974 7.00936417088251 0.0000162601106468394 1.32880296099237 0.0990978579806318 0.000000565552104538266 -25898.9658473748 99.99581735908 99.9999944932622 120.298561477975 9010.33644725581 9181.80626878592 6062768.32069278 798535.436152869 81680.3760153269 7102.4659276167 1987.58821629513 47.5451051720618 9974.98987141704 4739.34800720656 57.4247670649234 1973.86880019244 1855.53913120085 30.8362165965921 1.89583067412421 13.8832401421887 1.38337229392663 6145623.88513207 3454694.57689053 644622.49862287 0.131096007725784 141.353747669686 1031.58425327906 0 12570518.5587161 4945672.90725745 0 16344.391952644 2878.81247014877 0 20096.9296853681 3473.60335725399 0 7868.30580735752 1865.27157130361 0 61.4679440191517 83.7262473429563 0 9965080.56689331 1582746.95223436 0 33.0814327084631 505.272222191194 24230262.0603951
"227" 226 -39820.5949437338 0.0000000000002906097730744 0.000000000000012667575897693 63.8687169274937 0.0202819220149882 0.0000000000261173479482995 973.493616279257 4.92976478463954 0.00000653704152059904 479.48193040619 6.27424608954112 0.0000145501891910101 1.19157127819557 0.0880256037069156 0.00000050207811698219 -26897.2158316971 99.9978961172008 99.9999970081034 120.305336621541 9010.33797020516 9181.80626881271 6063400.96566452 700453.937719787 81673.1968642476 6980.24977755192 1814.92658137438 46.607877763225 9884.9042328325 4463.13510986112 56.2992064841245 1956.04249323478 1747.39686378611 30.2318078782623 1.87759390830456 13.0546828986664 1.35629204649972 6148114.29575971 3356597.14061791 644632.351812209 0.134082140905205 141.418294206075 1031.60449197623 0 12665835.1802186 4945238.21615142 0 16152.7516414043 2822.06430174016 0 19884.2403711655 3405.81067579006 0 7785.03415381129 1828.86794415572 0 60.8112437296521 82.0905673248488 0 10066989.949837 1583342.99855982 0 33.3744797268907 506.497159790948 24467825.4279944
"228" 227 -41365.7023415827 0.000000000000287116537067142 0.0000000000000126664844698342 47.1676843849924 0.0170698910636534 0.0000000000219811664962897 877.142254403792 4.41266425648019 0.00000584960286047837 432.025289482455 5.61611814461106 0.0000130200837862255 1.06679605521495 0.0781881288402439 0.000000445728026887546 -27789.4041506892 99.9958317471459 99.9999992582233 120.311407282583 9010.33932297466 9181.80626883651 6063882.80418266 602639.238602846 81666.1599691775 6857.75462684834 1648.56679180063 45.6884465727186 9787.62194146653 4196.14631596704 55.1951220005246 1936.79209977937 1642.8659971122 29.6389314937794 1.85802184172042 12.254020177955 1.32972341602769 6150469.42514969 3258213.60868099 644642.01182559 0.137038335702686 141.478936551107 1031.62433435278 0 12760940.169035 4944812.13851814 0 15961.8451522785 2766.39366183658 0 19671.5407346348 3339.28061047488 0 7701.75845888983 1793.14232245795 0 60.1547598542482 80.4854160694358 0 10169110.2489392 1583927.40667475 0 33.6643795368632 507.698156317809 24705683.9193986
"229" 228 -42740.1972162302 0.000000000000283992064347733 0.0000000000000126654136366439 33.0118722261095 0.0143665467557602 0.0000000000185000286062923 789.244341635065 3.94973381607248 0.00000523445554653389 388.732287670993 5.02693394772852 0.0000116508849261556 0.953526563072612 0.0694481011414693 0.000000395702298797752 -28577.2646721359 99.983924630651 99.9999930098774 120.316837913042 9010.34052454598 9181.80626885762 6064215.14778302 505109.451075459 81659.2626029809 6735.36664813532 1488.33549613092 44.7864975671041 9683.88943585722 3938.13847894579 54.1120961876745 1916.26532641644 1541.85133496428 29.0573632915611 1.83726224502254 11.4805083202997 1.30365701159304 6152691.55660404 3159526.40139466 644651.482355929 0.139962596607758 141.535806616147 1031.64378789824 0 12855814.3393268 4944394.50923195 0 15771.7174536133 2711.78153859809 0 19458.9204332229 3273.99185392901 0 7618.51382507997 1758.08326447528 0 59.498758995488 78.9102753377672 0 10271460.4800418 1584500.39353677 0 33.9511338199499 508.875658998799 24943832.6390154
"230" 229 -43977.2656645457 0.000000000000281253287744964 0.0000000000000126643650755257 21.0271054372975 0.0120913288149174 0.000000000015570195580053 709.167653876267 3.53530992898745 0.00000468399739880644 349.291531013675 4.49948536416576 0.0000104256716296009 0.850853518951036 0.0616834034132753 0.000000351291130887532 -29283.3161190296 99.9852344620936 99.9999948112225 120.321687958202 9010.34159178909 9181.80626887636 6064430.77691266 407891.408111273 81652.5020872838 6613.41246900492 1334.06620302824 43.9017216654403 9574.42280837415 3688.87414126562 53.0497229979734 1894.60387478226 1444.25990849061 28.4868852302918 1.81545607162888 10.7334218424278 1.27808364790126 6154803.74857767 3060509.17329786 644660.767000076 0.142853156699094 141.589032791448 1031.66285996492 0 12950429.8044171 4943985.16611976 0 15582.4087458237 2658.20921964211 0 19246.4646816182 3209.92337078494 0 7535.33361544954 1723.67947453892 0 58.8434942062496 77.364633694132 0 10374068.3707875 1585062.17243418 0 34.2347455032267 510.030107454128 25182214.5734009
"231" 230 -45078.1741992769 0.00000000000027883508123789 0.0000000000000126633373320515 10.8948384745688 0.0101764352280294 0.0000000000131043577298056 636.308584849778 3.16431941116966 0.00000419142568343668 313.405720896151 4.02731561421585 0.00000932930232764893 0.757913343824782 0.0547854572636243 0.000000311864384042722 -29908.3973051614 99.991880095973 99.9999964229556 120.326012091621 9010.3425396964 9181.80626889303 6064530.5596753 311027.489790534 81645.8757917158 6492.16396824196 1185.60056064161 43.0338146529635 9459.90365321386 3448.1218062788 52.0076070784461 1871.94261995301 1350.0010826317 27.9272850115052 1.79273673308526 10.0120542553542 1.25299433557044 6156807.37007282 2961120.04494787 644669.8693103 0.145708466259583 141.638740035066 1031.68155777086 0 13044743.1500518 4943583.94991502 0 15393.9531562132 2605.65828688207 0 19034.254092087 3147.05440006713 0 7452.24939113607 1689.91980432437 0 58.1892044514482 75.8479865508658 0 10476977.1888866 1585612.95303341 0 34.5152186932256 511.161933798067 25420826.3773887
"232" 231 -46067.1710641608 0.000000000000276677267488925 0.0000000000000126623300055782 2.34436617678069 0.0085648017298567 0.0000000000110290325296825 570.095013178162 2.83221817568241 0.00000375065304305433 280.793066192221 3.60464131450482 0.00000834822774099149 0.673891777598387 0.0486577300254599 0.000000276862641199085 -30468.4302844133 99.995431195647 99.9999978650367 120.329860471664 9010.34338159095 9181.80626890781 6064538.35303129 214592.452883089 81639.381133162 6371.84603112794 1042.7911233016 42.1824770966704 9340.97548368148 3215.65640593992 50.9853631495673 1848.40890149013 1258.98673924034 27.3783557460226 1.76922948278244 9.31571952795003 1.22838027227838 6158718.86394648 2861284.73966913 644678.792763036 0.148527180308685 141.685049967031 1031.69988840272 0 13138678.6044894 4943190.70421246 0 15206.3759458485 2554.11061147085 0 18822.3643040762 3085.36445678874 0 7369.29076632983 1656.79325370879 0 57.5361133825734 74.3598361942248 0 10580262.5753373 1586152.94142669 0 34.7925586058637 512.27156274034 25659626.7364012
"233" 232 -46954.8077126325 0.000000000000274751179877559 0.0000000000000126613427026779 -4.85489006415657 0.00720840127490914 0.00000000000928237481970297 509.987708428714 2.53493628969512 0.00000335623226787637 251.18797579324 3.226282550521 0.00000747032343495028 0.598025363013559 0.043214405064152 0.000000245789270093335 -30970.0549601292 99.9969164294592 99.9999991553247 120.333279011538 9010.3441293116 9181.80626892095 6064122.44756985 119073.867454815 81633.0155750279 6252.64271315412 905.510347076287 41.3474142634342 9218.24196314164 2991.2602639835 49.9826154407209 1824.12217337769 1171.13165418276 26.8398956508033 1.74505116033557 8.64375517610395 1.20423283467655 6160219.6513602 2761183.73516265 644687.54076883 0.151308145456685 141.728080973754 1031.71785881838 341.876594662314 13231747.6015711 4942805.27542355 0.00151863325444736 15019.684487205 2503.54834888914 0.00000459995176974952 18610.8651050045 3024.83333285963 0.000000910246666687448 7286.48506404793 1624.28897125863 0.000000000936767950097638 56.8844264496705 72.8996917937676 325.73031636673 10683745.3831683 1586682.34018 0.0000000000000249762673965232 35.0667714871895 513.359411687778 25898597.4146206
"234" 233 -47659.5617382409 0.000000000000273038687571641 0.0000000000000126603711823972 -10.8970841947491 0.00606681282054415 0.00000000000781233380591044 455.480893086893 2.2688286988995 0.0000030032889778355 224.341335401001 2.88760016223567 0.00000668473998292387 0.529601727171838 0.0383791977980746 0.000000218203376814882 -31359.215605561 99.9998153933417 99.999969863396 120.33630965381 9010.3447933779 9181.80626893261 6022098.13044055 63576.8052329463 81626.7766265139 6132.25812917948 776.319878388723 40.5283360414671 9092.16706291699 2774.81795218201 48.9989971766504 1799.17424708918 1086.39063525261 26.3117077731765 1.72028998661264 7.99583434326775 1.18054357099312 6122050.32734048 2702020.79321926 644696.116704386 0.1540503792897 141.76794866796 1031.73547584962 42128.4428631732 13284844.0920386 4942427.51273266 2.45037692691405 14831.1989486734 2453.95393422879 0.0991502735674784 18399.7256460011 2965.44109739617 0.0196200331076211 7203.82020640806 1592.39625439595 0.0000201588135961484 56.2340189890418 71.4670693975687 40183.0426969403 10746223.1550924 1587201.3483811 0.00000000724090765023729 35.3378641794933 514.425890845992 26137873.0355229
"235" 234 -48376.6493511423 0.000000000000271494535149713 0.0000000000000126594227749494 -15.944284767797 0.00510601677068558 0.00000000000657510193485413 406.103023439647 2.0306310408515 0.00000268746138382556 200.020892141911 2.58443950653823 0.0000059817688865792 0.467960245774069 0.0340843016364295 0.000000193713550184981 -31763.9702468035 99.9963432342485 99.9999708963515 120.338990647062 9010.3453831367 9181.80626894296 5943481.85686119 43173.1705764794 81620.6618419012 6004.73271053287 661.701550079692 39.7249568647053 8962.49912156927 2566.85326570175 48.0341501098867 1773.51532340998 1004.96875758394 25.7935997397616 1.69488891724886 7.37372735875044 1.15730419425677 6048821.09992719 2679420.55073771 644704.523792298 0.15675293726176 141.804771523868 1031.75274620456 120538.089231366 13302895.2122495 4942057.26805373 13.4247537496056 14634.3212715559 2405.31007764722 1.07065596944204 18188.2775278284 2907.16809651598 0.211863314255293 7121.03450320761 1561.10454928823 0.000217314849878576 55.5826748039868 70.0614919153839 115090.280708594 10772072.5465608 1587710.16168762 0.00000015582585621091 35.6058385128921 515.471403320908 26377129.4431488
"236" 235 -49011.7020435918 0.00000000000027012919543162 0.0000000000000126584932529609 -20.1513391399028 0.0042973811841097 0.00000000000553380941851669 361.414424500785 1.81742002680071 0.0000024048463836309 178.010089679487 2.31308003410995 0.00000535272259582335 0.412488069642646 0.0302694497228487 0.000000171972308209433 -32121.7429008393 99.9981527486725 99.9999718205807 120.341356815923 9010.34590689243 9181.80626895212 5851362.06211964 35669.5029066933 81614.6688198455 5868.72619102941 563.049693860341 38.9369956410906 8828.50615093759 2368.30466346274 47.0877240946189 1747.0005552163 927.233444553639 25.2853835276444 1.66869458077592 6.7805471817874 1.13450657607938 5962530.4722913 2670332.90587339 644712.765285157 0.159414687748616 141.838680665424 1031.76967647006 212387.648030697 13308093.4814387 4941694.39598753 34.3770398019125 14427.5428309221 2357.59976005245 4.12944825049494 17975.4394122108 2849.99495268968 0.81714259049199 7037.70459125794 1530.40345050027 0.000836729104597891 54.9268408338258 68.6824890915833 202986.850008101 10784344.9092681 1588208.97237494 0.000000918506074974103 35.8706815444755 516.496345219948 26616522.7752302
"237" 236 -49595.0424299422 0.000000000000268877975406582 0.0000000000000126575822507556 -23.6400992735572 0.00361680853607166 0.00000000000465742550622959 321.006794288593 1.62657792396785 0.00000215195132638955 158.107824052587 2.07019008504995 0.00000478982714583458 0.362619015756719 0.0268810798827078 0.000000152671167811534 -32451.9371799048 99.9881734283448 99.9999726475286 120.343439812755 9010.3463720231 9181.80626896027 5754288.17831836 32907.8348390823 81608.7952026789 5725.23299299826 479.17084416423 38.1641756861025 8689.54382408705 2179.99108715353 46.1593766982091 1719.50244194418 853.505326414439 24.7868752557657 1.6415730286169 6.21898834722562 1.11214274094952 5871319.3729884 2666275.7750561 644720.844345137 0.162034263260625 141.869821526107 1031.78627311402 309157.652489963 13308595.9432812 4941338.75377938 64.3926561314085 14211.9447057116 2310.80622910172 10.3647722445629 17760.251245996 2793.90256372932 2.05099963191608 6953.45459265567 1500.28270045097 0.00209651506343598 54.2633882985128 67.3295974698653 295751.701841204 10791523.582648 1588697.96938413 0.00000314321841258283 36.1323639263615 517.501105752763 26856002.550658
"238" 237 -50095.2137519023 0.000000000000267802837876075 0.0000000000000126566894093249 -26.5154752438906 0.00304401760657662 0.00000000000391983376123326 284.502408474845 1.45576071748955 0.0000019256508494926 140.128051935369 1.85278636771393 0.00000428612608435428 0.317832054188371 0.0238715915238781 0.000000135536267894817 -32733.5027608529 99.9955161773862 99.9999733874353 120.345268365917 9010.34678508339 9181.8062689675 5655360.11278646 31889.38275489 81603.0386757191 5575.84631220496 408.207697554666 37.4062246580264 8545.22343634449 2002.45590610613 45.2487728467102 1690.94406601911 783.997141934768 24.29789499457 1.61344347095132 5.69082062610048 1.09020486098776 5778157.97881512 2664125.96792341 644728.764075744 0.164610124978343 141.898350298931 1031.8025424876 407716.387726915 13307400.4750203 4940990.20127739 101.942002965073 13989.2736932337 2264.91299530155 20.5732023845408 17542.0303518646 2738.87210147063 4.07106200912063 6868.01722707483 1470.73218870572 0.00415415692878151 53.5901191082015 66.0023603511689 390394.076800986 10796732.9443861 1589177.33836948 0.00000797646488653393 36.3908434839392 518.486067331393 27095620.6310658
"239" 238 -50550.0570948723 0.000000000000266825040202422 0.0000000000000126558143762212 -28.8668491764562 0.00256193909540282 0.00000000000329905378491227 251.55269328712 1.30286957384793 0.00000172314825450611 123.89908773843 1.65819763944278 0.00000383539450196502 0.277648901863212 0.0211986844506095 0.000000120324483635492 -32990.7512858952 99.9962811423168 99.9999740494629 120.346868516241 9010.34715189628 9181.80626897391 5555767.53256831 31511.8075589536 81597.3969665887 5422.16635738719 348.289785847272 36.6628744961453 8395.41814412551 1835.96395364918 44.3555845010567 1661.3003274062 718.812578078273 23.818266592125 1.5842790194561 5.19688807295282 1.06868525111819 5684173.74063889 2662731.54990829 644736.527523054 0.167140649720799 141.92442939798 1031.81849082734 506911.683375647 13305608.5264135 4940648.60089112 145.473616234116 13761.2916102368 2219.9038282817 35.2541627021999 17320.3744207823 2684.88501019584 6.97615664093838 6781.23498336525 1441.74195112954 0.00710617181042085 52.9057668682258 64.7003277459263 485811.295041532 10801126.1473722 1589647.26174588 0.0000167648426741506 36.6460697828713 519.451605669755 27335314.2249087
"240" 239 -50952.9250635485 0.000000000000265956767762313 0.0000000000000126549568054542 -30.7706632079973 0.00215620695306518 0.00000000000277658619590888 221.836706618031 1.16602526598261 0.00000154194094479492 109.26285549843 1.4840321567051 0.00000343206210293045 0.241631526285982 0.0188247706327528 0.000000106819976873775 -33218.9009814366 99.9997625304971 99.9999746418092 120.348263840414 9010.34747763456 9181.80626897956 5455928.31857643 31369.887753917 81591.8678445405 5265.62112999256 297.732120255643 35.9338613616465 8240.22136735265 1680.54355823002 43.4794903610025 1630.58971220646 657.962725936492 23.347817515141 1.55409778196045 4.73725481209629 1.04757636461749 5589770.17318301 2661665.57401819 644744.13767691 0.169624208739077 141.948223346154 1031.83412425731 606318.673010233 13303624.4463663 4940313.81755088 193.595959632334 13529.5766232635 2175.762753231 54.6533978392425 17095.1195036537 2631.92300484219 10.8149119157009 6693.04367253682 1413.30216892496 0.0109974353022562 52.2098511294032 63.4230563217546 581595.511251685 10805131.3020615 1590107.91873594 0.0000309653968514418 36.897988270096 520.398089882397 27575094.2104575
"241" 240 -51336.5292020448 0.000000000000265131257712038 0.0000000000000126541163573869 -32.2925486902934 0.00181473026926717 0.00000000000233686134434445 195.059526712803 1.0435452548476 0.00000137978949772213 96.0740952466023 1.32814850616965 0.00000307114436589748 0.209379554279895 0.0167164509405831 0.000000094831133660625 -33438.8602955778 99.9850527189827 99.9999751718087 120.349475660595 9010.34776689325 9181.80626898458 5356032.48795449 31314.6605280424 81586.449119792 5107.42985607747 255.076638106146 35.2189255809946 8079.89675498443 1536.03641359803 42.6201755941571 1598.8643917464 601.385605793586 22.886378703467 1.52295235992349 4.31137468280961 1.02687078900602 5495120.77436293 2660767.78259662 644751.59747206 0.172059230588791 141.96989544507 1031.84944879103 705779.719103878 13301596.3415563 4939985.71866731 245.11610729757 13295.4817767515 2132.47404748022 78.8149962776059 16866.2901585543 2579.96806903467 15.5960521409077 6603.45290951347 1385.40316757575 0.0158321204235957 51.5025077655759 62.1701093475199 677594.579093489 10808909.8384505 1590559.4854167 0.0000520725759462742 37.1465436328241 521.325882582448 27814906.4367555
"242" 241 -51644.9157254007 0.000000000000264459860021167 0.000000000000012653292698634 -33.4884671340493 0.00152733296101893 0.00000000000196677533270658 170.950632490061 0.933923153290176 0.00000123468998921429 84.1995652562964 1.18862946782383 0.00000274818094373489 0.18052770697139 0.0148440497207917 0.0000000841878455092226 -33613.7906171601 99.9978702433383 99.999975646024 120.350523240128 9010.34802375401 9181.80626898905 5256083.18251831 31291.3643893673 81581.1386428659 4948.6127232614 219.081782042314 34.5178115914838 7914.83225134828 1402.14338947728 41.777331587725 1566.20113314197 548.964102820373 22.4337844367789 1.49092028997431 3.91824572288671 1.00656124224901 5400247.18333204 2659975.95525132 644758.909789253 0.174444247965726 141.98960522927 1031.86447033348 805235.400222547 13299578.1335152 4939664.1740915 299.031134538539 13060.1453889502 2090.0222372151 107.629323467789 16634.0536527153 2529.00245297604 21.2978826362162 6512.5281823944 1358.0354157138 0.0215836881113032 50.7843345006256 60.941056634558 773750.456009886 10812525.0616599 1591002.13476602 0.0000815619130530263 37.3916823732901 522.235339978722 28054843.2783874
"243" 242 -51941.5105212937 0.00000000000026381483454061 0.0000000000000126524855019602 -34.4063352665038 0.00128545052304489 0.00000000000165529951671784 149.262299486309 0.835810326126882 0.00000110484922867444 73.517251985792 1.06375859688874 0.00000245918054124299 0.154743292414581 0.0131812008623772 0.0000000747390957769155 -33784.6391845822 99.9933504256538 99.9999760703271 120.351423965621 9010.34825184246 9181.806268993 5156166.78688302 31279.8669742381 81575.9343039383 4790.01455889445 188.697406582414 33.8302678886693 7745.50150185597 1278.46323144033 40.9506557207681 1532.69366219267 500.541118763979 21.9898722122881 1.45809606750859 3.55653977868049 0.986640569238382 5305214.16674144 2659264.10951746 644766.077456298 0.176777930639888 142.007506602433 1031.879194683 904662.437803504 13297589.1305397 4939349.05607551 354.506052644711 12824.5161207728 2048.39209430165 140.873596503918 16398.6812710809 2479.00867122163 27.8763187225649 6420.37570406562 1331.18952392431 0.0282032859584388 50.0562612983053 59.7354744756972 870039.750005462 10816004.1088156 1591436.03670862 0.000120848284117221 37.6333547015478 523.126811971931 28294799.8962961
"244" 243 -52195.6662040335 0.000000000000263256891853509 0.0000000000000126516944461809 -35.0870887906077 0.00108187480357528 0.00000000000139315184922472 129.768013128153 0.747999405478516 0.00000098866259819275 63.9155885556558 0.951999243336273 0.00000220057158952568 0.131723754448073 0.0117044796917612 0.000000066350816932614 -33931.1207643445 99.9974010667692 99.9999764499716 120.352193515636 9010.34845437889 9181.80626899652 5056262.26229968 31272.7660382071 81570.8340321953 4632.32978500523 163.037777499395 33.1560469754439 7572.43270761877 1164.52407536232 40.1398511550215 1498.44650027719 455.931910417757 21.5544826324122 1.42458475336675 3.22470733562868 0.967101738528725 5210012.46579015 2658619.5852336 644773.103249081 0.179059107039351 142.02374653452 1031.89362753311 1004050.90927779 13295635.9264253 4939040.23923344 410.849906650959 12589.379952105 2007.56863320969 178.244988811406 16160.51680654 2429.96950036219 35.2714365368572 6327.13007556457 1304.85624350144 0.0356265544328517 49.3194455222135 58.5529455826218 966451.854403978 10819360.7036496 1591861.35816168 0.000171256179648225 37.8715158672861 524.000642249997 28534826.8669333
"245" 244 -52427.0089562885 0.000000000000262746459688277 0.0000000000000126509192160627 -35.5663867842871 0.000910539199780718 0.00000000000117252027307835 112.260910625503 0.669409523071814 0.000000884694222186792 55.2926873230072 0.851975756636835 0.00000196915810744792 0.111194290798274 0.0103930756530281 0.000000058903988307809 -34065.6922504002 99.9976623685448 99.9999767896581 120.352846016467 9010.34863422361 9181.80626899964 4956393.85138254 31267.3391702741 81565.8357951943 4476.1261448114 141.356728248034 32.4949053125224 7396.18407247895 1059.80859834096 39.3446266424664 1463.57010576817 414.933936654265 21.1274593014452 1.39049697104279 2.92106056899552 0.947937839302821 5114660.8061662 2658034.81015972 644779.989892546 0.181286776841125 142.038464207807 1031.90777447435 1103395.89009064 13293720.4504794 4938737.60050274 467.493743070203 12355.3850013318 1967.53710802055 219.387107322895 15919.9514103705 2381.86797663375 43.4127123827955 6232.94443958121 1279.02646516486 0.0437790309268546 48.5751888673273 57.3930590220033 1062980.91263319 10822603.5002498 1592278.26308005 0.000233999609125223 38.1061270427084 524.85716838241 28774891.7477117
"246" 245 -52635.0359536111 0.000000000000262284225304932 0.0000000000000126501595022264 -35.8742697046669 0.000766337871625697 0.000000000000986829920052641 96.5523109177722 0.599073081575302 0.000000791659222404773 47.55561582517 0.762456649277641 0.00000176208020470731 0.092905626008398 0.00922850127956597 0.0000000522929473414559 -34187.7373243559 99.9967241252347 99.9999770935926 120.353394185309 9010.34879391713 9181.80626900241 4856563.7370319 31262.584391051 81560.9375982358 4321.86358032592 123.025987353897 31.8466032701741 7217.3247347918 963.773804304116 38.5646963480397 1428.17710077922 377.334604842968 20.708648730355 1.35594505419457 2.64383814008588 0.929142078544753 5019163.0312557 2657504.19604353 644786.740061651 0.183460116594451 142.051790515843 1031.92164099604 1202694.39210996 13291842.9266547 4938441.01910616 523.971380916193 12123.0631741651 1928.28300950947 263.910875747506 15677.4038050558 2334.68739347063 52.2231551494754 6137.98273342328 1253.6912177458 0.0525803773270645 47.8248725388691 56.2554101507607 1159622.86980007 10825739.1341018 1592686.91250107 0.000310169597639836 38.3371558523747 525.696721913656 29014995.3462533
"247" 246 -52815.5763600767 0.000000000000261878147128062 0.0000000000000126494150010498 -36.036453343336 0.000644973586671742 0.000000000000830547178273704 82.470319729333 0.536123905331842 0.000000708407838994625 40.6197097174314 0.682339515876875 0.00000157677873840731 0.0766319157521073 0.00819433345445397 0.0000000464238903579619 -34294.2848643576 99.9997125679594 99.999977365538 120.353849462012 9010.34893571577 9181.80626900487 4756769.62314158 31258.1322197742 81556.1374837394 4169.91194506231 107.516662980559 31.2109050809083 7036.42022464129 875.86638390062 37.7997796859988 1392.37939341278 342.917284520936 20.2979002489137 1.32104013784091 2.39125501948792 0.910707778400124 4923519.89955909 2657023.04045544 644793.356382288 0.185578480009357 142.063847835874 1031.93523248794 1301944.24382237 13290002.9612181 4938150.37651395 579.902984204222 11892.8486555194 1889.79206228484 311.410799417716 15433.3049202135 2288.41129901424 61.6225248283169 6042.413673709 1228.84166684927 0.061947641707313 47.0699073978441 55.1396005507181 1256374.39380529 10828773.3329879 1593087.4645889 0.000400727582862259 38.5645766294452 526.519628455661 29255144.5251662
"248" 247 -52985.7000842801 0.00000000000026149423715211 0.0000000000000126486854145726 -36.0751670641203 0.000542829661571783 0.000000000000699014789326415 69.8585505160262 0.479786627289039 0.000000633911221404471 34.4079427914745 0.610637525640583 0.00000141096368635182 0.0621688407010636 0.0072759833950307 0.0000000412135416067122 -34396.1788954464 99.9955137750272 99.9999776088615 120.354222129935 9010.34906162351 9181.80626900707 4657030.05297575 31253.8457222291 81551.4335306289 4020.56574497249 94.3835606473844 30.5875787929829 6854.02154672602 795.53446548801 37.049601168604 1356.2860174621 311.465908113808 19.8950659244428 1.28589000126157 2.16154017179002 0.892628373704956 4827745.64765733 2656587.14328586 644799.841432179 0.187641394264811 142.074750009951 1031.94855424203 1401143.68062112 13288199.9424416 4937865.55640672 634.981151039103 11665.09356846 1852.05022197669 361.477460631218 15188.0861351259 2243.02349358806 71.5298051136146 5946.40615310836 1204.46911349814 0.0717977362395732 46.3116962396061 54.045237962881 1353232.48244668 10831711.3195841 1593480.07467848 0.000506503331781822 38.7883704630823 527.326207779294 29495311.1017884
"249" 248 -53126.8333482387 0.000000000000261168977096312 0.0000000000000126479704504021 -36.009692203259 0.000456862184082139 0.000000000000588313060893286 58.574772517739 0.429367183692297 0.00000056724871351458 28.8502610908257 0.546467324699277 0.00000126258584620981 0.0493316055310349 0.00646049218773003 0.0000000365879716788072 -34481.1418394425 99.9997329261745 99.9999778265756 120.35452142639 9010.34917342004 9181.80626900899 4557327.34148014 31249.67350103 81546.8238537247 3874.056393608 83.2519488183872 29.9763962246367 6670.65740844087 722.236445263738 36.3138902658945 1320.00159449017 282.768428089365 19.5000004865147 1.25059755816903 1.95296447728772 0.874897409666236 4731830.86905656 2656193.27901359 644806.197741744 0.189648553428759 142.084602482392 1031.96161145409 1500291.52797328 13286433.1873557 4937586.44463853 688.959189107605 11440.0811855018 1815.04367246841 413.70696037373 14942.170440091 2198.50802714677 81.8650717475002 5850.12577985452 1180.56499276345 0.0820492841018086 45.5516058306264 52.9719362214861 1450194.64794185 10834557.2965459 1593864.89531897 0.000628196261372905 39.0085250892981 528.116773904869 29735525.7097479
"250" 249 -53266.1298207191 0.000000000000260848654007437 0.0000000000000126472698216199 -35.8565128867396 0.000384509303784043 0.000000000000495143059031292 48.489766129307 0.384244301364502 0.000000507596475867828 23.8830191383145 0.489038201736629 0.00000112981151080253 0.0379532596703666 0.00573634904759825 0.0000000324815485361452 -34566.5989743928 99.9932955315064 99.9999780213759 120.354755643049 9010.349272686 9181.80626901072 4457689.55551496 31245.5955853404 81542.3066031416 3730.56221340309 73.8064075388965 29.3771329189752 6486.82864565637 655.447467974958 35.5923812754734 1283.62523079299 256.619354270821 19.1125612570292 1.21525979632498 1.76386085424628 0.857508539679149 4635795.92633535 2655838.11609807 644812.427794951 0.191599809866236 142.093502551687 1031.97440922532 1599386.5922308 13284701.9956062 4937312.9292005 741.641257872944 11218.0370570871 1778.75882316764 467.707904482881 14695.9659454005 2154.84919670703 92.5508749545209 5753.73233639329 1157.12087238466 0.0926239623837424 44.7909467405372 51.9193151879751 1547258.32935554 10837315.5888252 1594242.07631687 0.00076637926824524 39.225034667164 528.891635191693 29975743.5400911
"251" 250 -53379.641187718 0.000000000000260580340972698 0.0000000000000126465832466897 -35.6288924135981 0.000323614888357481 0.000000000000416728299189763 39.4862906788272 0.343861874299427 0.000000454217304389285 19.4484715283768 0.43764238547199 0.00000101099980654384 0.0278831945727859 0.00509332978737146 0.0000000288360062694892 -34636.8246906929 99.995548778395 99.9999781956741 120.354932217863 9010.34936082508 9181.80626901225 4358093.96600261 31241.6035750763 81537.8799636962 3590.216402175 65.7814384530569 28.7895680992392 6303.00448273644 594.664029354433 34.8848132012956 1247.24977732523 232.821555772413 18.732608085125 1.17996708936665 1.5926381929101 0.840455523266989 4539628.36717829 2655517.61300059 644818.53403014 0.193495164271796 142.101539703431 1031.98695256394 1698427.37896476 13283005.6690608 4937044.90018492 792.873971394525 10999.1383788632 1743.18230629981 523.106416042345 14449.86126701 2112.03154376471 103.513231303139 5657.37797279079 1134.12845138286 0.103447442905985 44.0309593587975 50.8870006849795 1644420.62293532 10839991.1748537 1594611.76477853 0.000921504353524401 39.437899473755 529.651094426628 30216004.0964213
"252" 251 -53485.8929282988 0.000000000000260327441349721 0.0000000000000126459104493664 -35.3396218667451 0.00027236427034662 0.000000000000350732006338978 31.4580178383461 0.3077221369808 0.000000406451519772099 15.4942475920206 0.391646356157374 0.000000904682414976562 0.0189855967979274 0.00452235325767549 0.0000000255996183725373 -34703.6768576081 99.993648527976 99.9999783516281 120.355057818892 9010.34943908382 9181.80626901361 4258559.93500317 31237.6933760267 81533.54215432 3453.11676361731 58.9535602352686 28.2134846244308 6119.62040750431 539.407086995323 34.190929640554 1210.96140919464 211.187478962284 18.3600032864386 1.14480283372305 1.43779041705287 0.823732224130933 4443342.97951014 2655228.46473444 644824.518840827 0.195334754874975 142.108795997897 1031.99924638675 1797412.78157809 13281343.518828 4936782.24974971 842.539409625378 10783.5218737371 1708.30097422317 579.549576294444 14204.222402376 2070.03985170243 114.682304599656 5561.205983568 1111.57955866857 0.114450015586493 43.272804780669 49.8746244303715 1741678.96145513 10842588.3109081 1594974.10515236 0.00109390947502198 39.6471255442126 530.395448911681 30456276.809786
"253" 252 -53596.7341919852 0.000000000000260066647015549 0.0000000000000126452511586066 -34.9983671969598 0.000229230169656169 0.00000000000029518747854285 24.3085775909546 0.275379551427788 0.000000363708814938265 11.9728815000218 0.350483065453541 0.000000809545426798032 0.0111380757075003 0.00401535376642466 0.0000000227264638019262 -34774.692580536 99.9796738156629 99.9999784911686 120.355138419996 9010.34950856928 9181.80626901482 4159099.92769639 31233.8624898854 81529.2914274808 3319.32891552615 53.1346552503399 27.6486689453527 5937.07713911878 489.223995963864 33.5104786778485 1174.83942142363 191.539905289304 17.9946115862751 1.10984330258616 1.29790174350387 0.80733260829843 4346950.03747217 2654967.75690538 644830.38457649 0.197118846265482 142.115346491547 1032.01129552063 1896341.9191144 13279714.8677253 4936524.87208337 890.549250691522 10571.2904229129 1674.10189676842 636.707632861832 13959.3907803307 2028.85914319065 125.992842855067 5465.35004419204 1089.46615164622 0.125566965184834 42.5175594924947 48.88182397144 1839030.96410571 10845110.8402539 1595329.23927051 0.00128382618261697 39.8527242776147 531.124990550619 30696542.1313699
"254" 253 -53658.1772318927 0.000000000000259903831534656 0.0000000000000126446051084797 -34.6145944833695 0.000192927180256835 0.000000000000248439478794472 17.950680851363 0.246435333571792 0.000000325460959823188 8.84138012082005 0.313644970000456 0.000000724413104122542 0.00423040944120575 0.00356516770509284 0.0000000201757754095891 -34814.7085642784 99.9952758103703 99.9999786160232 120.355179369823 9010.34957026453 9181.80626901588 4059660.4101606 31230.1090216804 81525.1260686106 3188.89415814377 48.1663696713417 27.094911060837 5755.74046699304 443.689527012699 32.8432127859083 1138.95619707416 173.712349931718 17.6363000662975 1.07515767104059 1.17164900728059 0.791250742359978 4250416.97081613 2654732.81543232 644836.133543339 0.198847818110619 142.121259676402 1032.02310470407 1995214.07782652 13278119.0510334 4936272.66337035 936.839821368037 10362.518643647 1640.57235858967 694.275241882604 13715.6822272843 1988.4746775851 137.384424080967 5369.9338063259 1067.78031481658 0.136738756889803 41.7662129890337 47.908242619226 1936474.38757143 10847562.2990705 1595677.3063901 0.00149138769207451 40.0547120247067 531.840005934613 30936889.1130994
"255" 254 -53745.3666580191 0.000000000000259691479149652 0.00000000000001264397203808 -34.1957825411515 0.00016237346476474 0.000000000000209094908541033 12.3053331998251 0.22053255228396 0.000000291235273322227 6.06083575513725 0.280677793815943 0.000000648233350297826 -0.0018365696764036 0.00316543280502068 0.0000000179113615021331 -34872.3577592244 99.9845657710741 99.9999787277376 120.355185454154 9010.34962504255 9181.80626901684 3960316.85259568 31226.4313162437 81521.0443955411 3061.83184181484 43.9154003565668 26.5520044742221 5575.94172516645 402.406176903453 32.1888887321973 1103.37730111735 157.549183293968 17.2849381143757 1.0408081637765 1.05780175284214 0.775480791784946 4153794.88686283 2654521.29548392 644841.768005067 0.200522154028897 142.126597924966 1032.03467858862 2094028.67712212 13276555.4166248 4936025.5217569 981.367935732131 10157.2575804371 1607.69985653019 751.971961578347 13473.3866403793 1948.87194832217 148.801553957681 5275.0707698627 1046.51425837812 0.14791107572156 41.0196676226691 46.9535293830346 2034007.10082387 10849945.9749178 1596018.44323406 0.00171663713158577 40.2531096698127 532.540776426917 31177193.7952322
"256" 255 -53799.2927596541 0.000000000000259545259888136 0.0000000000000126433516914409 -33.7483321773819 0.00013665851557793 0.00000000000017598129320695 7.30102883188867 0.197351741328389 0.000000260608781760674 3.5960291261537 0.251174943508853 0.000000580064707789858 -0.00715211722964688 0.00281049862172414 0.0000000159010923231682 -34909.2420091721 99.9928046292 99.9999788276947 120.355160952238 9010.34967367859 9181.80626901768 3861010.47071333 31222.8278247211 81517.044757947 2938.14377433772 40.2695281236857 26.0197461500204 5397.97886356759 365.003940428842 31.5472674908084 1068.16169241689 142.905541749279 16.9403973772739 1.00685031744827 0.955220654627877 0.760017019308109 4057047.76272133 2654330.93600111 644847.290183585 0.202142430789012 142.131417931365 1032.04602174032 2192785.2414121 13275023.3248663 4935783.3473173 1024.10739087447 9955.53865000458 1575.47209699953 809.54217407018 13232.7681981277 1910.0366803137 160.193650363081 5180.86436539364 1025.66031682809 0.159034756055871 40.2787401216177 46.0173389051373 2131627.06565473 10852264.9538109 1596352.78403141 0.00195953575929011 40.4479422162258 533.227578246575 31417553.5169535
"257" 256 -53849.014946723 0.000000000000259408150938263 0.0000000000000126427438174494 -33.2776063753597 0.000115016021270245 0.000000000000148111841834871 2.87320468313637 0.17660697061569 0.000000233202991586288 1.41516051557425 0.224772508056329 0.000000519064723208162 -0.0117963296331832 0.00249534699799782 0.0000000141164441628816 -34944.1157546533 99.9987170637519 99.9999789171321 120.355109688096 9010.34971686101 9181.80626901843 3761770.43699831 31219.2970553949 81513.1255367957 2817.81719976698 37.1342791658754 25.4979364706524 5222.11762473688 331.139680809985 30.9181141591046 1033.36195658098 129.647081139004 16.6025517158897 0.973333257841592 0.862854717299538 0.744853783379471 3960196.60897856 2654159.76031899 644852.702259744 0.203709307935585 142.135771141849 1032.05713864119 2291483.41220803 13273522.1484403 4935546.04202059 1065.04602213245 9757.37695829692 1543.87699335458 866.754577725509 12994.0659719649 1871.95482734244 171.514942917259 5087.40819364253 1005.21094756389 0.17006563026594 39.5441643270017 45.0993313956706 2229332.35679223 10854522.0875679 1596680.4605572 0.00221997100223902 40.6392383819507 533.900682551166 31657920.3406806
"258" 257 -53917.1828614127 0.000000000000259235804428312 0.0000000000000126421481697618 -32.7885844670529 0.0000968010305905477 0.000000000000124656040818727 -1.03651341648499 0.158042328914768 0.000000208679211861159 -0.510521533492947 0.201144782255155 0.000000464479536078039 -0.0158412074759906 0.00221552139898968 0.0000000125320946418689 -34991.5886319046 99.9857949913178 99.9999789971569 120.355035076917 9010.34975520112 9181.80626901909 3662619.4177044 31215.8375553427 81509.2851438051 2700.82791857061 34.4301152444106 24.9863791933143 5048.59329389633 300.496208120705 30.301197878614 999.024652269338 117.649615959324 16.2712771627745 0.94030008734773 0.779737614048256 0.72998553667026 3863258.17992062 2654005.98204193 644858.006374042 0.205223517945305 142.139704169669 1032.06803369056 2390122.93215602 13272051.2721392 4935313.50969773 1104.1832310157 9562.77408890315 1512.90266328855 923.401365888061 12757.4948291576 1834.61256945809 182.724310468154 4994.78637897004 985.158729484789 0.180964319904528 38.8165947906195 44.1991725677116 2327121.15437997 10856720.0169107 1597001.60217195 0.0024977642071231 40.827030210763 534.560355518593 31898256.8978671
"259" 258 -53958.7086264033 0.000000000000259116440236393 0.0000000000000126415645067208 -32.2850129728125 0.0000814707327058169 0.000000000000104914904329238 -4.48084195877327 0.141428774923518 0.000000186734368590717 -2.20698186029161 0.180000258993565 0.000000415634562347058 -0.0193513861777624 0.00196706413020327 0.0000000111255634131232 -35022.3201372408 99.9885888293552 99.9999790687597 120.354940166639 9010.34978924172 9181.80626901968 3563512.28131382 31212.4479033963 81505.5220209087 2587.14151261601 32.0900688255394 24.4848814070157 4877.61239428535 272.781153157682 29.6962917597514 965.19064666919 106.798678461366 15.9464518817113 0.907788255177846 0.704983445921323 0.715406824629485 3766205.19595882 2653867.89541777 644863.204627321 0.206685856983706 142.143259190921 1032.07871120651 2488703.60874488 13270610.0926519 4935085.6560092 1141.5279050307 9371.72044671908 1482.53742623017 979.297183080115 12523.2465397389 1797.99631037537 193.785074542993 4903.07400275873 965.496361594723 0.191695987659357 38.0966109506985 43.3165335725492 2424991.71631509 10858861.2350753 1597316.3358606 0.00279267802756785 41.011352701993 535.206858427908 32138637.5684307
"260" 259 -53984.506649065 0.000000000000259028633113493 0.0000000000000126409925912737 -31.7706553500662 0.0000685682812087015 0.0000000000000883001442413965 -7.50733000930792 0.126561318222596 0.000000167097259203066 -3.6976401538385 0.16107804137421 0.000000371926157580999 -0.0223848067746656 0.00174646056173255 0.00000000987689318791249 -35043.3180228265 99.99933127959 99.999979132827 120.354827675736 9010.34981946479 9181.8062690202 3464459.84256805 31209.1267072466 81501.834639727 2476.71633581353 30.0577527243692 23.9932534896628 4709.35448171139 247.725705999464 29.1031728099761 931.89547060421 96.9890247745904 15.6279561291359 0.875829942314428 0.637782143895373 0.70111228408556 3669046.63828391 2653743.96882961 644868.299081443 0.208097176262143 142.14647431913 1032.0891754272 2587225.30999974 13269198.0183493 4934862.38841301 1177.09667076129 9184.19722727533 1452.76980074553 1034.27793123288 12291.4910183064 1762.09267487438 204.664763123024 4812.33758959895 946.216661606356 0.202230064456085 37.3847216640828 42.4510909351421 2522942.38208794 10860948.0879684 1597624.78627109 0.00310442339775405 41.1922434612545 535.840447739186 32379044.3471877
"261" 260 -54031.3091494778 0.000000000000258900543739677 0.0000000000000126404321908916 -31.2488978328616 0.0000577091801139178 0.0000000000000743166391741161 -10.1589163331079 0.113256495669308 0.000000149525200958923 -5.00364535809815 0.144144630851843 0.000000332814156973069 -0.0249934876592828 0.00155058957967917 0.00000000876836656548757 -35078.3614460099 99.9907174458854 99.9999791901518 120.35470002712 9010.34984629831 9181.80626902067 3365498.65748003 31205.8726020676 81498.2215010479 2369.5045789165 28.2856849781599 23.511309065284 4543.9741147764 225.083273693015 28.5216218650277 899.16970840642 88.1241093671763 15.3156722172115 0.844452477178122 0.577394685836403 0.687096641888099 3571808.14364557 2653632.87146867 644873.291759961 0.209458374030677 142.149383957288 1032.0994305122 2685687.9849192 13267814.4690721 4934643.61613321 1210.91242891642 9000.1780710336 1423.58850194854 1088.19948392469 12062.3776463049 1726.88850620339 215.334856214674 4722.63562498615 927.312564546385 0.212539963063789 36.6813699228572 41.6025264897496 2620971.60124898 10862982.7249826 1597927.07575243 0.00343266606173202 41.3697423734043 536.461375172445 32619416.6275122
"262" 261 -54051.3390825001 0.000000000000258825547625102 0.0000000000000126398830774897 -30.7213690668081 0.0000485698257407197 0.0000000000000625476796972904 -12.4743485239626 0.10135011226511 0.000000133801031781004 -6.14408210881762 0.128991051973774 0.000000297815199770606 -0.0272240914323948 0.00137667956988901 0.00000000778425464099189 -35096.3766349741 99.9991834217627 99.9999792414438 120.35455937837 9010.34987012232 9181.80626902108 3266580.74913708 31202.6842497025 81494.6811343123 2265.45211191753 26.733878981953 23.0388649614063 4381.60270093371 204.628099363101 27.951423522939 867.039363217238 80.1155444027599 15.0094844783951 0.813678721467047 0.523148260072176 0.673354713585938 3474460.42423262 2653533.29349392 644878.184648778 0.210770388208679 142.152019126802 1032.10948054384 2784091.6105168 13266458.8759212 4934429.2501288 1243.00312560475 8819.63045261591 1394.98243892038 1140.9363529738 11836.0366325709 1692.37086348507 225.770521992557 4634.01908799827 908.77712136274 0.222602786748047 35.986937623859 40.7705273157532 2719077.88928976 10864967.1958229 1598223.32439233 0.00377703264486842 41.5438912982773 537.069887785617 32859833.2367759
"263" 262 -54086.0356211824 0.000000000000258722637223438 0.0000000000000126393450273492 -30.1912190568406 0.0000408778632401945 0.0000000000000526425502847165 -14.4885084414092 0.0906952188555924 0.000000119730426483675 -7.13613102338088 0.115430278543479 0.000000266496755721715 -0.0291183547174248 0.00122226931817791 0.00000000691059382854809 -35124.2154533472 99.9937854993966 99.9999792873378 120.354407649604 9010.34989127424 9181.80626902145 3167747.30871973 31199.5603380613 81491.2120971092 2164.50278726357 25.368656899905 22.5757411664058 4222.35023891799 186.153875273606 27.3923660805382 835.52620178262 72.8825567292432 14.70927923134 0.783527431121786 0.474431475069976 0.659881402137422 3377032.01361809 2653444.13473748 644882.979696792 0.212034189591734 142.154407773325 1032.1193295285 2882436.21620897 13265130.6810514 4934219.20306306 1273.40072205738 8642.51684691744 1366.94071212741 1192.38034205994 11612.5803796599 1658.52701912603 235.950350375696 4546.53198623713 890.603497533551 0.232399039546744 35.3017502916957 39.9547856736503 2817259.86035668 10866903.3931826 1598513.65005442 0.00413711626468918 41.7147337892047 537.666228051571 33100225.7974099
"264" 263 -54106.1431409135 0.000000000000258648950620251 0.0000000000000126388178210392 -29.6598352652333 0.0000344040703791437 0.000000000000044306077938641 -16.2328668351904 0.0811603018774211 0.000000107139495238036 -7.99529262031785 0.10329492966217 0.000000238471779723359 -0.0307137123023615 0.00108517327904172 0.00000000613498773302845 -35142.8346158096 99.9969073374783 99.999979328402 120.35424654805 9010.3499100537 9181.80626902178 3068968.80820764 31196.4995805992 81487.8129746757 2066.59601342024 24.1616509919912 22.1217607870794 4066.30720925934 169.472374436947 26.8442414721844 804.648128551359 66.3514521295148 14.4149447479974 0.754013643887327 0.430689688723387 0.646671696649516 3279505.46077166 2653364.34594738 644887.678816533 0.213250775674321 142.156575049898 1032.12898139788 2980721.86001759 13263829.3374679 4934013.38927341 1302.14033119411 8468.79570751826 1339.45261085237 1242.43921357126 11392.1048314085 1625.34445622977 245.856089220821 4460.21188342315 872.784971677937 0.241912343023969 34.6260816818786 39.1549989412142 2915516.2125472 10868793.0910507 1598798.16841495 0.00451248168771955 41.8823148339103 538.250633934197 33340642.5820122
"265" 264 -54131.9208994786 0.000000000000258564897059835 0.0000000000000126383012433411 -29.1296378707884 0.0000289555266551476 0.0000000000000372898359549028 -17.7358022440361 0.0726276629396278 0.0000000958726345755041 -8.73554438885374 0.0924352073777061 0.000000213393928571272 -0.0320437209343036 0.000963450725476982 0.00000000544643125782105 -35165.3489475789 99.9935236622845 99.9999793651448 120.354077590202 9010.34992672672 9181.80626902206 2970265.22891299 31193.5007158312 81484.4823794061 1971.67026646366 23.0889630893267 21.6767500063185 3913.54626313642 154.412118972186 26.3068452105243 774.419519868363 60.4550939599411 14.1263712218042 0.725149022888383 0.391420509993804 0.63372067114307 3181895.39290244 2653292.99152585 644892.283884784 0.214421165031323 142.158543578098 1032.13844001028 3078948.60964218 13262554.3088268 4933811.72474157 1329.25949531391 8298.42228713323 1312.50761063173 1291.03538805324 11174.6907835808 1592.81086601398 255.472386967002 4375.0904125365 855.314934169128 0.251129162987342 33.9601582114415 38.3708695498335 3013845.71841821 10870637.9729636 1599076.9929991 0.00490267004560923 42.0466806170713 538.823338963534 33581050.156397
"266" 265 -54144.9343414259 0.000000000000258506461202742 0.0000000000000126377950831732 -28.6001092923415 0.0000243698642235671 0.0000000000000313847407538285 -19.0228022050369 0.0649919683681753 0.0000000857906043842332 -9.36943989203322 0.0827170506504031 0.000000190953280726187 -0.0331383096425904 0.000855378347145781 0.00000000483515445390682 -35179.7474139096 99.9977927781614 99.9999793980208 120.353902121686 9010.34994152952 9181.80626902232 2871618.81117527 31190.5625068636 81481.2189503671 1879.65971421892 22.1304571769539 21.2405380409178 3764.12371681562 140.817098321716 25.7799763290694 744.851519696946 55.1324013093755 13.8434507368473 0.696942158116704 0.356169509302692 0.621023483341612 3084192.1787577 2653227.27769162 644896.796743202 0.215546392233913 142.160333688109 1032.14770915182 3177115.58399582 13261305.0692384 4933614.12706425 1354.79758550174 8131.34932514912 1286.09537070128 1338.10469148307 10960.4051445263 1560.91414523242 264.78654474406 4291.1937693874 838.186885750069 0.260038548834855 33.3041631807376 37.6021049210318 3112246.27780731 10872441.5374994 1599350.23521683 0.00530720312840649 42.2078783036281 539.384572309978 33821478.9425195
"267" 266 -54161.4063273202 0.000000000000258441948248369 0.0000000000000126372991335167 -28.0737307040886 0.0000205104292988806 0.0000000000000264148211428332 -20.1167856880867 0.0581589509075018 0.0000000767688071287781 -9.90826757771446 0.0740204829731825 0.000000170872506189852 -0.0340242150563217 0.000759425912045735 0.00000000429248389428187 -35196.5347137609 99.9976806067238 99.999979427437 120.353721336134 9010.34995467183 9181.80626902256 2773044.66893448 31187.6837409368 81478.0213528205 1790.50085643498 21.26916400248 20.8129570993368 3618.08115790398 128.545546361571 25.263437326401 715.95235746702 50.3278702160713 13.5660772379028 0.669398888856456 0.324526161131447 0.608575373481023 2986406.82586027 2653168.08902597 644901.219198916 0.216627503215844 142.161963638786 1032.15679253771 3275223.6897888 13260081.1030735 4933420.51542427 1378.79509191698 7967.52762328769 1260.20573143867 1383.59514204611 10749.3021368488 1529.64239360089 273.78827629773 4208.5431830907 821.394436151194 0.268631883439297 32.6582407630271 36.8484174031448 3210717.66227841 10874203.6173547 1599618.00439828 0.00572558727460972 42.3659558417799 539.934558857538 34061902.1638565
"268" 267 -54177.2810398952 0.000000000000258379263209096 0.0000000000000126368131913426 -27.5512362573085 0.0000172622098410004 0.0000000000000222319743358923 -21.0384399760705 0.0520442476382218 0.0000000686957480284245 -10.3622167046318 0.0662381333577355 0.000000152903439160034 -0.0347254384206369 0.000674234649758231 0.00000000381071960689223 -35213.0470191108 99.9964412309734 99.9999794537577 120.353536290642 9010.34996633988 9181.80626902275 2674530.7849247 31184.8632289772 81474.888277753 1704.12704848463 20.4907799696596 20.3938423399295 3475.44694148017 117.468783232717 24.7570341118592 687.727644132164 45.9911202240092 13.2941465012719 0.642522601578895 0.296120032239558 0.596371663138439 2888530.21662915 2653130.09688428 644905.553025128 0.217665551187732 142.16344981886 1032.16569381343 3373280.69016968 13258881.9047731 4933230.81056206 1401.29434837926 7806.90652725035 1234.82871183442 1427.46586518435 10541.4244342942 1498.9839112285 282.469493297519 4127.15536117769 804.931302711074 0.276902661276768 32.0224997485323 36.1095242081809 3309266.59482842 10875910.2296946 1599880.40782868 0.00615731688122938 42.5209617845175 540.473519276165 34302326.5114805
"269" 268 -54202.3493143804 0.000000000000258299291550562 0.0000000000000126363370575402 -27.0332573740753 0.0000145284081699288 0.0000000000000187115524570859 -21.8063520090243 0.0465723598354321 0.0000000614716571635388 -10.7404420342956 0.0592739125178215 0.000000136824011105934 -0.0352633990457747 0.000598598052395911 0.00000000338302581982474 -35235.6232728028 99.986852236638 99.9999794773084 120.35334792024 9010.34997669901 9181.80626902294 2576104.68888427 31182.0998051564 81471.8184414129 1620.47296287146 19.7832453848733 19.983031829203 3336.23742770755 107.470125201805 24.2605759525864 660.180617070702 42.0764675739738 13.027556106344 0.6163144741054 0.270617221148151 0.584407754078918 2790587.81533988 2653076.6944595 644909.7999617 0.218661592930571 142.164806930466 1032.17441655592 3471268.65177502 13257706.9786615 4933044.9347476 1422.33670916564 7649.43432917762 1209.9545069646 1469.68601098238 10336.8042305792 1468.92719605528 290.824091107096 4047.04290806177 788.791309000417 0.284846268703194 31.397017037384 35.3851473488846 3407874.21431175 10877598.6670931 1600137.55078294 0.00660187758135514 42.6729451285015 541.001670093147 34542735.8198248
"270" 269 -54198.2447972134 0.000000000000258276863945174 0.0000000000000126358705368458 -26.5210850129226 0.0000122275563729401 0.0000000000000157486480063668 -22.4372659137228 0.04167572198664 0.0000000550072564821725 -11.0511906739232 0.0530418279829953 0.000000122435506363539 -0.0356572787337175 0.000531444823245515 0.00000000300333396860489 -35239.2977150376 99.9980412160906 99.9999794983807 120.353157050907 9010.34998589602 9181.8062690231 2477714.97287551 31179.3923264582 81468.8105848534 1539.47343426168 19.1363894897029 19.5803665002586 3200.45840167574 98.4438639118181 23.7738754217891 633.312421046497 38.5425255620035 12.766205407814 0.590773755610915 0.247717048647348 0.572679127118057 2692542.85365612 2653032.9401712 644913.961715726 0.219616685532507 142.166048156211 1032.18296427477 3569200.42549887 13256555.8387622 4932862.81175281 1441.96446025578 7495.05860352252 1185.57348547454 1510.23364678747 10135.4642388268 1439.46094129574 298.847729653996 3968.21471633495 772.968383449355 0.292459760875749 30.7818408817525 34.6750135759927 3506552.58252089 10879244.5075528 1600389.53655962 0.00705874904872609 42.8219551690796 541.519223763579 34783193.4236751
"271" 270 -54209.9565485117 0.000000000000258224202708362 0.0000000000000126354134377738 -26.0143723244744 0.0000102910885421999 0.0000000000000132549675928614 -22.946180637588 0.0372938685251285 0.0000000492226564689671 -11.3018501647823 0.0474649235774354 0.000000109560106334147 -0.0359241295198676 0.000471823733182992 0.00000000266625658936624 -35253.2974447401 99.9961702729588 99.9999795172356 120.352964411113 9010.34999406126 9181.80626902324 2379393.19614234 31176.7396722534 81465.8634734841 1461.06070559248 18.5416317027805 19.185690111455 3068.10594566226 90.2943148908193 23.2967483481174 607.122280813628 35.3518320136275 12.5099955084999 0.565897934375784 0.227148994682957 0.561181340999466 2594412.17206894 2653024.92203375 644918.039962104 0.220531883483182 142.167185310978 1032.19134041339 3667089.25416936 13255428.0086166 4932684.36682436 1460.22126990403 7343.72648692263 1161.67618707601 1549.09499811684 9937.41862176319 1410.57403288968 306.537683218977 3890.67633095671 757.456557978508 0.299741710707059 30.1769938818672 33.9788543157026 3605314.34039316 10880822.3496843 1600636.46651463 0.00752740751571486 42.9680413702519 542.026388739899 35023625.0508404
"272" 271 -54224.4783576915 0.000000000000258166667471033 0.0000000000000126349655725471 -25.5144342091925 0.00000866129749460311 0.0000000000000111562007717936 -23.3465974526942 0.0333726880321941 0.0000000440463688404772 -11.499070387148 0.0424743302227917 0.0000000980386919352507 -0.0360792082939609 0.000418890171683251 0.00000000236701087609302 -35269.1496575893 99.9911831945473 99.9999795341063 120.352770642631 9010.35000131046 9181.80626902336 2281150.65604915 31174.1407438804 81462.9758966278 1385.17126839621 17.9917301690704 18.7988492051984 2939.16761422258 82.9349340656011 22.8290137660547 581.607733645322 32.4705033832257 12.258829232703 0.541682966946949 0.208669873771366 0.549910031285713 2496212.59909215 2653003.25423494 644922.036344098 0.221408236043319 142.168228979612 1032.19954835012 3764910.65085798 13254323.0211064 4932509.52665684 1477.14864187246 7195.38491094899 1138.25332005203 1586.26357371188 9742.67385394985 1382.25554695979 313.892667300201 3814.43028683317 742.249966633793 0.306692034994417 29.5824757438136 33.2964056073464 3704134.43613685 10882382.2096085 1600878.44009436 0.00800732805021494 43.1112532484212 542.523369540512 35264052.1686748
"273" 272 -54220.6154787657 0.000000000000258145580617795 0.0000000000000126345267570303 -25.0209062601888 0.00000728961508735477 9.38980558058906e-15 -23.650671850358 0.0298637557371219 0.0000000394144230684044 -11.648838374057 0.0380084163926999 0.0000000877288771522503 -0.0361361695631625 0.000371894203066685 0.00000000210135081751222 -35273.051970785 99.9991999724156 99.9999795492016 120.352576309392 9010.35000774637 9181.80626902347 2182944.27202999 31171.5944642343 81460.1466670854 1311.73895917335 17.4805701252026 18.4196930671272 2813.62349856132 76.2875002075392 22.370493867247 556.764839953611 29.8679146670252 12.0126111000722 0.518123483910856 0.192061238848191 0.538860909262138 2397909.06009946 2653011.30288358 644925.952473882 0.222246785016552 142.169188641632 1032.20759139938 3862686.32159941 13253240.4182783 4932338.21936641 1492.78947207331 7049.98079528208 1115.29575878563 1621.73928216735 9551.22951814614 1354.49474727764 320.912663810235 3739.47642060719 727.342844225696 0.313311819835909 28.9982658092579 32.6274080413025 3803034.38680117 10883881.3330397 1601115.55486844 0.00849798652524805 43.251640268811 543.010366817492 35504509.7725252
"274" 273 -54227.4431771718 0.000000000000258104227437736 0.000000000000012634096810663 -24.5341882192031 0.00000613516486889549 7.90314476536278e-15 -23.8692334156082 0.0267237360953894 0.0000000352695758033166 -11.756488100225 0.0340120277577677 0.0000000785032493686682 -0.0361070645536203 0.000330169959598225 0.00000000186550695005422 -35283.9021114527 99.9983565012786 99.9999795627084 120.352381906328 9010.35001346022 9181.80626902357 2084820.94242663 31169.099777362 81457.3746207069 1240.70071911648 17.0029857735503 18.0480736853496 2691.44689564635 70.2813606397667 21.9210139526922 532.588315694834 27.5164040840274 11.7712472999307 0.495212915354281 0.177127001911537 0.528029760852605 2299538.86059498 2653013.07543965 644929.789933092 0.223048562726142 142.170072784015 1032.21547281279 3960398.26703495 13252179.7511724 4932170.37446485 1507.18472631501 6907.46120754316 1092.79454129169 1655.52777926051 9363.07903848936 1327.2810827384 327.59879192438 3665.81215771143 712.729524973217 0.319603193449081 28.4243253687738 31.9716066971497 3901996.02477543 10885356.3502373 1601347.90656202 0.00899886138223989 43.3892517534853 543.48757742336 35744949.8508609
"275" 274 -54249.073422618 0.000000000000258034580598306 0.0000000000000126336755563941 -24.0556517864143 0.00000516354396226415 6.65191719351542e-15 -24.0120952374326 0.0239138481062046 0.0000000315606034464484 -11.8268528781385 0.0304358066806234 0.0000000702477947678976 -0.0360027741237117 0.000293126222187069 0.00000000165613287337662 -35304.3662767478 99.985631567678 99.9999795747939 120.352187866815 9010.35001853299 9181.80626902366 1986786.22113466 31166.6556480647 81454.6586159695 1171.99502011595 16.5546103618019 17.6838457100484 2572.6054641102 64.8527371656206 21.4804023857174 509.071761101472 25.3910013346373 11.5346456660253 0.472943715119487 0.163691258987667 0.517412445546338 2201106.35751647 2653005.65296956 644933.550273354 0.223814590304004 142.170889003073 1032.22319578023 4058044.87239488 13251140.5796527 4932005.92283398 1520.37521617987 6767.7734951545 1070.74086677117 1687.63968961199 9178.21035354545 1300.60418484431 333.953154061527 3593.43277587969 698.404441152549 0.325569173954117 27.8605997712663 31.3287510820647 4001017.89492602 10886810.7871413 1601575.58908769 0.00950943514923478 43.5241367999623 543.955194476964 35985365.6063767
"276" 275 -54245.4380015295 0.000000000000258014755367611 0.0000000000000126332628206177 -23.5842812507013 0.00000434579783575484 5.59883765024539e-15 -24.0880803757781 0.0213993867668443 0.0000000282416690996188 -11.86427839404 0.0272355831578013 0.0000000628604892862449 -0.0358330200064266 0.000260238055528196 0.00000000147025776750937 -35308.3596341737 99.991375454822 99.9999795856075 120.351994568641 9010.35002303663 9181.80626902374 1888825.89541648 31164.2610615066 81451.9975335619 1105.56058456664 16.1317499960867 17.3268664134739 2457.06192576071 59.9440888852858 21.0484905457107 486.207799498323 23.4691781320336 11.3027156516812 0.451307492370086 0.151596306342229 0.507004895335873 2102611.49276595 2652937.32602301 644937.235016812 0.224545876258474 142.171644096372 1032.23076343096 4155600.11273468 13250122.4722411 4931844.79670052 1532.39951398414 6630.86539369905 1049.12609318866 1718.08992997364 8996.60653258728 1274.45386519912 339.978701975159 3522.33164643086 684.362121751627 0.331213538174809 27.3070203426365 30.6985950695149 4100074.20164516 10888296.9151816 1601798.69457684 0.0100291957518133 43.6563442094759 544.41340742844 36225823.210227
"277" 276 -54241.8762040834 0.00000000000025799533207393 0.0000000000000126328584331095 -23.1199545779568 0.0000036575574944226 4.71252578686789e-15 -24.1049803482141 0.0191492948124799 0.0000000252717561239284 -11.8726022610607 0.0243718297613376 0.0000000562500378242247 -0.0356062786387665 0.000231039380428044 0.0000000013052442419367 -35312.3605689666 99.9965151887599 99.9999795952833 120.351802340804 9010.35002703496 9181.80626902381 1790902.91706113 31161.9150228311 81449.3902759762 1041.33610954493 15.7312774388556 16.976995649928 2344.77458849648 55.5035285181279 20.6251127825361 463.988180777941 21.73061968197 11.0753683053232 0.430295107163504 0.140700835000195 0.496803113665082 2004007.23482162 2652934.21038006 644940.845656648 0.225243415212872 142.172344145563 1032.23817883466 4253126.20939984 13249125.0059539 4931686.92961134 1543.29750373891 6496.68511545005 1027.94173484954 1746.89712639373 8818.24633847952 1248.82011301276 345.679121420953 3452.5004546483 670.597191130172 0.336540709882007 26.7635061265928 30.0808968382234 4199228.68156429 10889689.2185374 1602017.3134107 0.0105576376089969 43.785922424006 544.86240212327 36466280.8140774
"278" 277 -54267.1994922474 0.000000000000257920133030512 0.0000000000000126324622269645 -22.6633657305097 0.0000030783131865591 3.96657086154568e-15 -24.0697984991537 0.0171357793725129 0.0000000226141611816468 -11.8552738876429 0.0218091737468342 0.0000000503347458559208 -0.0353301215743979 0.000205116376880601 0.00000000115875090919195 -35335.12036181 99.9793411452564 99.9999796039408 120.351611469216 9010.35003058467 9181.80626902387 1693072.97136253 31159.6165567827 81446.8357671049 979.261360018337 15.3505427041647 16.6340958161275 2235.69778630796 51.4842886234052 20.2101063715943 442.403868468853 20.1570156986792 10.8525162463448 0.409896749640816 0.130878290217011 0.486803174387081 1905338.51751717 2652943.46635334 644944.383657595 0.225908186780265 142.172994590982 1032.24544500248 4350596.12565442 13248147.7661413 4931532.25640914 1553.10920436867 6365.18142131234 1007.17945999999 1774.08346960718 8643.10474081853 1223.6930926173 351.058803541145 3383.92940068332 657.104367685794 0.341555736949054 26.2299654610965 29.4754188114352 4298455.37452941 10891041.128256 1602231.53425088 0.0110942626458205 43.9129194712424 545.302360865451 36706690.822258
"279" 278 -54263.7787291026 0.000000000000257901493606375 0.0000000000000126320740385354 -22.2153755577329 0.00000259080228311472 3.33874350226666e-15 -23.9889456514084 0.0153339684068678 0.0000000202360399480905 -11.815450843231 0.0195159597905586 0.0000000450415082715538 -0.0350114848483602 0.00018210161776 0.00000000102869911200883 -35339.1099203881 99.9834565210207 99.9999796116874 120.351422200843 9010.3500337361 9181.80626902392 1595286.19189583 31157.3647073357 81444.3329518453 919.27885011123 14.9872977008837 16.2980318118365 2129.78276992912 47.8442336682174 19.8033114696324 421.445215979276 18.7318693707873 10.6340736413778 0.390102111371745 0.122015381459726 0.477001220735758 1806574.13281036 2652951.15490628 644947.850456434 0.226541154590797 142.173600298846 1032.25256488807 4448001.93907349 13247190.3463294 4931380.71320837 1561.87243345768 6236.30367871347 986.83108844337 1799.67406041884 8471.15338360258 1199.06314100361 356.122715327799 3316.60738265634 643.878462531235 0.346264164303318 25.7062974056373 28.8819275967444 4397748.17763987 10892367.0983903 1602441.44406957 0.0116385812283432 44.0373829166518 545.733462479832 36947148.4261084
"280" 279 -54260.4272869215 0.000000000000257883232288548 0.0000000000000126316937073727 -21.7746775849049 0.00000218049801434431 2.81033734520881e-15 -23.8680694949181 0.0137216052757191 0.0000000181080032996201 -11.7559148258552 0.0174638612600058 0.00000004030491057012 -0.0346563934040067 0.000161668894938972 0.000000000913243585054903 -35343.0826403541 99.9871390278849 99.9999796186187 120.351234747617 9010.35003653392 9181.80626902397 1497572.10777083 31155.1585373302 81441.8807957109 861.330331373174 14.639633288816 15.9686710017701 2026.97788663362 44.5454181534614 19.4045710704022 401.102002175534 17.4403243597573 10.419956180482 0.37090041127858 0.114010741807751 0.467393464285841 1707731.29263684 2652958.30654054 644951.247462494 0.227143265676244 142.17416562125 1032.2595413886 4545342.77733857 13246252.3480656 4931232.23737182 1569.62397930825 6110.00190851244 966.888589233503 1823.69650879872 8302.36100580884 1174.92076532533 360.876320291064 3250.52216132031 630.914378154017 0.350671959570966 25.1923930155764 28.3001939249808 4497108.84633022 10893666.6679509 1602647.12817916 0.0121901127513552 44.1593598224192 546.155882373357 37187606.0299588
"281" 280 -54257.1437748477 0.000000000000257865341473009 0.0000000000000126313210761654 -21.3413941000189 0.00000183517532877228 2.36560998469334e-15 -23.7121822584784 0.0122787741043757 0.0000000162037542573307 -11.6791345452207 0.015627530678296 0.0000000360664207663148 -0.0342701344148251 0.000143528600902649 0.000000000810746272205328 -35347.0323042325 99.9904341913652 99.9999796248207 120.351049291176 9010.35003901781 9181.80626902401 1399932.37760188 31152.9971281159 81439.4782844507 805.360173545486 14.3059258201813 15.6458831763947 1927.22920644225 41.5536830052454 19.0137309624457 381.363555297077 16.269006779942 10.2100810544765 0.35228051428769 0.106773710750508 0.457976183964959 1608808.45862445 2652964.97141815 644954.576058137 0.227715449704969 142.174694450302 1032.26637734577 4642616.82693738 13245333.380767 4931086.76748752 1576.39981014693 5986.22682079138 947.344078301215 1846.1804593845 8136.69382592774 1151.2566405125 365.325484564755 3185.66051061273 618.207107135012 0.35478542248343 24.6881365006407 27.7299925920444 4596539.12262793 10894940.3238875 1602848.67026134 0.0127483863296111 44.278896711821 546.569792595173 37428063.6338092
"282" 281 -54253.9268293363 0.00000000000025784781370593 0.0000000000000126309559906805 -20.9156031517474 0.00000154453604626915 1.99130027707047e-15 -23.5257813891665 0.0109876459976874 0.0000000144997525353277 -11.5873251618283 0.0139842767243291 0.0000000322736427399213 -0.0338574194852045 0.000127423497567931 0.00000000071975234477371 -35350.9534803549 99.9933827639811 99.9999796303701 120.350865986379 9010.350041223 9181.80626902405 1302369.2993885 31150.8795791876 81437.1244236595 751.313835303367 13.9847909750876 15.3295405111234 1830.481188557 38.8382761290654 18.6306396858878 362.21888483166 15.2058766387871 10.0043669317384 0.334231059341191 0.100223197870026 0.448745725040201 1509803.45385675 2652971.19469364 644957.83759925 0.228258618218376 142.175190268292 1032.27307554682 4739821.63801415 13244433.0615653 4930944.24334512 1582.23512404265 5864.92984266845 928.189815983626 1867.15706791573 7974.11590207816 1128.06160681225 369.476373302225 3122.00835864719 605.751730827824 0.35861108301573 24.1934063020591 27.1711023990566 4696041.38386374 10896188.5477305 1603046.15239696 0.0133129415536042 44.3960395379568 546.975361898285 37668521.2376596
"283" 282 -54250.7751136836 0.000000000000257830641681042 0.0000000000000126305982997102 -20.4973454367045 0.00000129992823659105 1.67626698017434e-15 -23.3128951999598 0.00983227757884949 0.0000000129749482782232 -11.4824707701295 0.0125138078276264 0.0000000288797235870114 -0.0334224379268434 0.000113125382693402 0.000000000638971310890315 -35354.8414482627 99.9960211862791 99.9999796353355 120.350684964002 9010.35004318074 9181.80626902409 1204886.02346808 31148.805007867 81434.8182384371 699.138273649117 13.675049208088 15.0195175352424 1736.67643395527 36.3715470136846 18.2551484902597 343.656632558239 14.2401082688126 9.80273393555379 0.316740395724364 0.0942867739301016 0.439698498107909 1410713.24980736 2652977.01697472 644961.033415689 0.228773665073197 142.175656187614 1032.27963872541 4836953.91136449 13243551.0151718 4930804.6059153 1587.16394258411 5746.06314196163 909.418205142711 1886.65929647164 7814.58941434935 1105.3266673595 373.335509098546 3059.55089825523 593.543418054301 0.362155772353478 23.7080759285681 26.6233060923863 4795618.85572937 10897411.8153091 1603239.65509226 0.0138833280619141 44.5108336607145 547.372755793785 37908978.8415099
"284" 283 -54247.6873174794 0.00000000000025781381823658 0.0000000000000126302478550108 -20.0866311213671 0.00000109406737276395 1.41112967827102e-15 -23.077132053686 0.00879839767931536 0.0000000116105001678799 -11.3663486234573 0.0111979606827648 0.0000000258427261801183 -0.0329689139780946 0.000100431588699093 0.000000000567257179210044 -35358.6921189688 99.9983820749279 99.9999796397784 120.350506333608 9010.35004491879 9181.80626902412 1107487.00171396 31146.7725489331 81432.5587729925 648.781997493114 13.3756913971725 14.7156910903704 1645.75608755629 34.1286188873521 17.8871112893345 325.665152128381 13.3619619709352 9.60510361986613 0.29979665768485 0.0888997016260622 0.430830978025416 1311533.51660645 2652982.47481415 644964.164811778 0.229261465970595 142.176094993091 1032.2860695627 4934009.04917633 13242686.8737201 4930667.79732578 1591.21905792444 5629.57964385509 891.021788650056 1904.72156428964 7658.07497156936 1083.04298557409 376.909702893854 2998.27270709165 581.57742370682 0.365426556431558 23.2320148609695 26.0863903002208 4895276.06200796 10898610.5964637 1603429.25730937 0.0144591060400246 44.6233238237116 547.762136613795 38149436.4453603
"285" 284 -54251.0482295462 0.000000000000257784890295073 0.0000000000000126299045112472 -19.6835300788979 0.000000920800829673453 1.18796552328849e-15 -22.8217242951712 0.00787322319503803 0.0000000103895320823991 -11.2405507722485 0.0100204658845936 0.000000023125087538242 -0.0325001582482349 0.0000891619692699232 0.000000000503591387346825 -35366.6649859667 99.9956667984126 99.9999796437538 120.35033018603 9010.35004646182 9181.80626902414 1010184.97751994 31144.781354293 81430.3450902898 600.193832713754 13.0858497968949 14.4179402825325 1557.66204574054 32.0871044536472 17.5263846322181 308.232945894144 12.5626727199896 9.41139895375176 0.283388219341392 0.0840040973377243 0.422139703268792 1212262.18082619 2652987.60596334 644967.233066761 0.229722875958845 142.176509178515 1032.29237068821 5030980.55106442 13241840.2766262 4930533.76083988 1594.43334760967 5515.43302986247 872.993246484954 1921.37759375468 7504.53189254749 1061.20188352412 380.205627733871 2938.15785774593 569.849087869433 0.368430289671371 22.7650893864751 25.5601454947551 4995019.42980536 10899785.3547951 1603615.03649318 0.0150398487402565 44.7335541341384 548.143663566816 38389883.4952031
"286" 285 -54248.0840948515 0.000000000000257768743870274 0.0000000000000126295681259424 -19.2881441348272 0.00000077497439215184 1.00013733523943e-15 -22.5495816745784 0.00704532946641964 0.00000000929696185865731 -11.1065103770312 0.00896678295726117 0.0000000206932376853974 -0.0320191365320221 0.0000791568309824693 0.000000000447071091204888 -35370.430997052 99.9975571561483 99.9999796473109 120.350156595036 9010.35004783171 9181.80626902417 912976.761415467 31142.8305926737 81428.1762717188 553.325148019073 12.804781633562 14.1261464667048 1472.33409713552 30.2268977609566 17.1728276459688 291.34809912167 11.834368677923 9.22154429060794 0.267503081837126 0.0795483294137649 0.413621274494592 1112881.45434607 2652992.43036783 644970.239435233 0.230158733302234 142.176900972472 1032.2985446808 5127858.69376157 13241010.8704575 4930402.44083659 1596.83752360052 5403.57776281565 855.32539479865 1936.66331859358 7353.91836954464 1039.79483853167 383.230394248602 2879.18998174382 558.353833995195 0.371174235955068 22.3071630537371 25.0443659058477 5094858.60862558 10900936.5475423 1603797.06859739 0.0156251386848418 44.8415680545074 548.517492791839 38630341.0990534
"287" 286 -54245.1801084071 0.000000000000257752925364961 0.0000000000000126292385594203 -18.9001426112998 0.000000652242348815377 8.42049057147256e-16 -22.263284307335 0.00630448812562213 0.00000000831928704001008 -10.9654982409262 0.00802389397806437 0.0000000185171227664731 -0.0315284461964801 0.0000702743116999658 0.000000000396894316791778 -35374.150614238 99.9992486755543 99.9999796504937 120.349985619475 9010.35004904787 9181.80626902419 815884.262646675 31140.9194492829 81426.051416729 508.128115887901 12.5318456647155 13.8401931955394 1389.71221364591 28.5299195913869 16.8263020057775 274.998733344307 11.1699715090208 9.03546535213998 0.252129348789185 0.0754862750785567 0.405272353876848 1013380.09684491 2652996.97951319 644973.185147605 0.23056985676754 142.177272370518 1032.30459406953 5224627.81697586 13240198.3087882 4930273.78278838 1598.46139590888 5293.96907863594 838.011182809631 1950.61458290903 7206.19172029966 1018.8134814674 385.991095333062 2821.3523682201 547.08716799039 0.373665589102271 21.858097414195 24.5388494818132 5194809.18600674 10902064.6253839 1603975.42811245 0.0162145704238792 44.9474083873375 548.883777415728 38870798.7029038
"288" 287 -54254.8949948673 0.00000000000025771294976989 0.0000000000000126289156747541 -18.5197918216282 0.000000548947275595831 7.08990950458782e-16 -21.9651338062897 0.00564154619686388 0.00000000744442516594875 -10.8186479941427 0.00718014970509934 0.0000000165698495629173 -0.0310303824882072 0.0000623884629444584 0.000000000352349103934366 -35386.0130589425 99.9912648539214 99.9999796533416 120.349817305095 9010.35005012756 9181.80626902421 718948.729012861 31139.0471254968 81423.9696424947 464.55739888189 12.2664873610679 13.5599661870193 1309.73632382596 26.9799223206526 16.4866718926083 259.172961517153 10.5631199790786 8.85308920561475 0.23725516950358 0.0717767594438534 0.397089664083324 913737.754454926 2653001.2619236 644976.071410532 0.230957046326195 142.177625159207 1032.3105213346 5321259.09808261 13239402.2520671 4930147.73324096 1599.33321165531 5186.56298984455 821.043690845216 1963.26742240322 7061.30856023446 998.249594260404 388.494861796324 2764.62803133995 536.044676877348 0.375911539155084 21.4177525109971 24.0433978281213 5294899.88817849 10903170.0573013 1604150.18809161 0.0168077498905257 45.0511172677467 549.242667607099 39111235.5456069
"289" 288 -54252.1070529051 0.000000000000257697768846144 0.0000000000000126285993377141 -18.1469130989983 0.000000462010957154247 5.96999132877348e-16 -21.6572201862166 0.00504831298816264 0.0000000066615643598311 -10.6669890469425 0.00642512562129777 0.0000000148273529299459 -0.0305270282979849 0.000055387464225763 0.000000000312803397768648 -35389.6337899295 99.9926192406139 99.9999796558898 120.349651685841 9010.3500510861 9181.80626902422 627715.17470885 31137.2128385494 81421.9300835804 422.602084050233 12.0082254498954 13.2853532887681 1232.3470526471 25.5623065270218 16.1538039538388 243.859034403574 10.0080981545385 8.67434424272523 0.222868883298601 0.0683830304993696 0.389069987333926 819571.185187868 2653005.33016803 644978.899407349 0.231321083283222 142.177960938539 1032.31632890825 5412182.27027523 13238622.3674854 4930024.239793 1599.44667328142 5081.31628389426 804.416128180513 1974.65740053793 6919.22496721462 978.09510758484 390.748730999679 2708.99977480571 525.22202755222 0.377919141896766 20.985987346793 23.5578161510228 5389497.75217919 10904253.2305848 1604321.4201769 0.0174042943539019 45.1527361573579 549.594310629951 39362896.3928648
"290" 289 -54249.3757130672 0.000000000000257682896373233 0.0000000000000126282894167168 -17.7811106754292 0.00000038884266938901 5.02737472342299e-16 -21.3413548147017 0.00451745894299335 0.00000000596102972464086 -10.5114135654501 0.00574949320017324 0.0000000132680984193612 -0.0300201451287007 0.0000491720387344228 0.000000000277696081412877 -35393.2027170267 99.9938311647026 99.9999796581699 120.349488785318 9010.35005193707 9181.80626902424 586486.198259606 31135.4158212274 81419.9318916117 383.549275034123 11.7566405951168 13.0162444427319 1157.55638310103 24.2639555550445 15.8275672643247 229.059323219354 9.49977063124341 8.49916015868294 0.208973373154205 0.0652722886176303 0.381210164467805 776767.099074502 2653009.18823924 644981.670298493 0.231662737086452 142.178281142009 1032.32201917559 5453107.1661384 13237858.3288466 4929903.25107618 1597.49756895443 4978.18651960455 788.12183089995 1984.74885586091 6779.89662852995 958.34209856493 392.745646191307 2654.45024940233 514.614965552583 0.37968094525682 20.562660297567 23.08191320163 5432724.43399472 10905314.6006094 1604489.1946247 0.0180038256808827 45.2523058403242 549.938850896454 39715930.316923
"291" 290 -54246.6998353146 0.000000000000257668326127783 0.0000000000000126279857827748 -17.4223107553549 0.000000327261977106746 4.23398172405369e-16 -21.0191427757049 0.00404242511487538 0.00000000533416377815757 -10.3527121134069 0.00514490469165946 0.0000000118728161513824 -0.0295112733021318 0.0000436540465285811 0.000000000246529014346411 -35396.7186568952 99.9949156111347 99.99997966021 120.349328618284 9010.35005269255 9181.80626902425 573985.497725184 31133.6553215703 81417.9742349521 349.018335733469 11.5113658637965 12.7525316502272 1085.6175562144 23.0730862495726 15.5078332878914 214.82393975086 9.03352409414825 8.32746793153919 0.195620407637354 0.0624152648392631 0.373507094019466 763615.33177768 2653012.85368058 644984.385221919 0.23198281984442 142.178587054521 1032.32759447548 5465309.9606913 13237109.8164393 4929784.71673568 1591.8500626465 4877.13202200903 772.154259780953 1993.26508482689 6643.27897191931 938.982788499167 394.430852779778 2600.96200429593 504.21931383538 0.381140663021307 20.1476294783809 22.6155012204789 5446290.26946454 10906354.5908862 1604653.58033096 0.0186059158856156 45.3498664212209 550.276430018916 40127352.7742735
"292" 291 -54244.078302193 0.00000000000025765405201022 0.0000000000000126276883094477 -17.0704304904494 0.000000275433781682432 3.56618132105322e-16 -20.6920117727735 0.00361734218734508 0.00000000477321950216423 -10.1915878880825 0.00460389005662092 0.0000000106242627628811 -0.0290017674825742 0.0000387552359250122 0.000000000218859967021678 -35400.1806775891 99.9958859886373 99.9999796620355 120.349171191715 9010.35005336325 9181.80626902426 572154.372647373 31131.9306025763 81416.0562983862 319.154694130316 11.2720787005549 12.4941089374989 1016.86746424462 21.9791144146585 15.1944758392213 201.21954883931 8.60521464208268 8.1591998017195 0.182878291701752 0.0597858432724349 0.365957731303206 761701.861550532 2653016.34230467 644987.045293513 0.232282244827194 142.178879828386 1032.33305710139 5466849.22998576 13236376.5169122 4929668.58741093 1582.3425540564 4778.11187597596 756.506998208537 1999.84597728033 6509.32728203294 920.009540602657 395.73309152475 2548.5175326309 494.030971564594 0.382225528679424 19.740753065512 22.1583958825386 5448609.44873063 10907373.6180065 1604814.64485595 0.0192100287151011 45.4454573245867 550.607186860916 40560691.5917657
"293" 292 -54241.5100183998 0.000000000000257640068042372 0.000000000000012627396872793 -16.7253798158573 0.000000231813412477409 3.00408239343034e-16 -20.3612299686817 0.00323695769114427 0.00000000427126422334717 -10.0286655069626 0.00411976433418354 0.000000009507007464869 -0.0284928162763414 0.0000344061300641956 0.000000000194296321135608 -35403.5880705074 99.9967542961483 99.9999796636689 120.349016505757 9010.35005395868 9181.80626902427 572127.282965909 31130.2409419124 81414.1772828055 293.486009700861 11.0384941372071 12.2408723212604 951.577992974222 20.9725330356901 14.8873710463422 188.299951728642 8.21112010954911 7.99428925188021 0.170801653184661 0.0573607215789927 0.358559087512069 761832.840781665 2653019.66837026 644989.651607496 0.232562024536714 142.179160497662 1032.3384093022 5466590.39214176 13235658.1231505 4929554.81471664 1569.43150770809 4681.085918353 741.173750088757 2004.19668924701 6377.99680471371 901.414857780745 396.594018174337 2497.09931235787 484.045912915716 0.382876510908052 19.341889582462 21.7104162430521 5448875.98472589 10908372.0916269 1604972.45444874 0.0198155216693579 45.5391172958912 550.931257587803 40997887.2351301
"294" 293 -54238.9939103659 0.000000000000257626368365152 0.0000000000000126271113513201 -16.3870629582697 0.000000195101459599444 2.53095208331839e-16 -20.0279217916256 0.00289657224523658 0.0000000038220954160462 -9.86449879289023 0.00368654649393739 0.00000000850724463571528 -0.0279854595273759 0.0000305450593767837 0.000000000172489596044527 -35406.9403256955 99.9975312686037 99.9999796651305 120.348864554558 9010.3500544873 9181.80626902428 572100.743622654 31128.5856316342 81412.3364049071 271.377241813648 10.8103592057733 11.9927197764549 889.911814418597 20.0448048707336 14.5863973129033 176.097338247617 7.84789801432074 7.83267098665126 0.159422624507964 0.0551191135703803 0.351308228806587 761955.368802657 2653022.84473785 644992.205236815 0.232823241125805 142.179429990686 1032.34365328306 5466336.81269681 13234954.3341573 4929443.35122453 1553.73638141627 4586.01473094991 726.148337896732 2006.13186227251 6249.24283567002 883.191380384221 396.976953666728 2446.68984095068 474.260185870328 0.383057133350025 18.9508981394706 21.2713846827062 5449142.94040183 10909350.4144722 1605127.07407092 0.0204216756749881 45.6308844038789 551.248775715614 41435082.8784944
"295" 294 -54236.5289258285 0.000000000000257612947236192 0.0000000000000126268316259413 -16.0553797668944 0.000000164203406819446 2.13269598282329e-16 -19.6930830000607 0.00259197939856999 0.00000000342016126360786 -9.69957819405976 0.0032988828709072 0.00000000761261700609452 -0.0274806047479282 0.000027117255035834 0.000000000153130320685673 -35410.237108442 99.9982265144834 99.9999796664382 120.348715327048 9010.35005495659 9181.80626902429 572074.743518574 31126.9639779007 81410.5328968836 252.274581302714 10.5874479327884 11.7495512002557 831.933636609502 19.1882605606154 14.2914352823337 164.624512937057 7.51254566572446 7.67428091339019 0.148753335469291 0.0530424687655401 0.344202275457976 762069.932995887 2653025.88301701 644994.707233549 0.233067010022269 142.179689141872 1032.34879120615 5466088.38560132 13234264.8549319 4929334.15044455 1535.79569003613 4492.8596289695 711.424700496847 2005.56438612411 6123.02080719103 865.331884076325 396.86466047359 2397.271669357 464.669911070716 0.382750983448103 18.5676386684197 20.8411268560764 5449409.98765814 10910308.9823475 1605278.56742079 0.0210277315576173 45.7207960437828 551.559872160966 41872278.5218587
"296" 295 -54234.1140334287 0.000000000000257599799027616 0.0000000000000126265575799276 -15.7302267473257 0.000000138198379079992 1.79745569087023e-16 -19.3575934311727 0.0023194152946746 0.00000000306049419480274 -9.53433706311492 0.00295198310231306 0.00000000681206772391541 -0.0269790409438485 0.0000240740978753708 0.000000000135943785481735 -35413.4782396056 99.9988486308896 99.9999796676084 120.348568807594 9010.35005537322 9181.8062690243 572049.271775127 31125.3753007045 81408.7660061326 235.71187603253 10.3695574671157 11.5112683813128 777.631905668563 18.3960127406669 14.0023678004584 153.879189494885 7.20236653785968 7.51905612210698 0.138790461143324 0.0511142379672587 0.337238400941641 762177.024234418 2653028.79369029 644997.158629282 0.233294453507556 142.179938701541 1032.35382519152 5465845.00691245 13233589.3963553 4929227.16680731 1516.06057665829 4401.58265343527 696.996891280687 2002.48370477689 5999.28635496826 847.829277600193 396.25504974987 2348.82742816012 455.271280621023 0.381957165393151 18.1919720981039 20.4194716370078 5449676.7919411 10911248.1841667 1605426.99695626 0.0216329165604284 45.8088889418663 551.864675288318 42309474.165223
"297" 296 -54231.7482223217 0.000000000000257586918223888 0.0000000000000126262890988643 -15.411497943229 0.000000116312288026946 1.51526300406601e-16 -19.0222285448961 0.00207551340135699 0.00000000273865111028504 -9.36915734300854 0.00264156251081794 0.00000000609570730998897 -0.0264814510891667 0.0000213724469813168 0.000000000120686245144241 -35416.663677882 99.9994053070396 99.9999796686554 120.348424976588 9010.35005574309 9181.8062690243 572024.317730149 31123.8189336121 81407.0349949745 221.297078149006 10.156504747938 11.2777749692716 726.937379732843 17.6618784856006 13.7190798796308 143.847666217674 6.91493990538638 7.36693486620427 0.129519096782912 0.0493196627002932 0.330413831068839 762277.128185631 2653031.58622492 644999.560435472 0.233506679842063 142.18017934474 1032.35875731781 5465606.5747548 13232927.6750796 4929122.35564697 1494.90836182869 4312.14656267005 682.859076321439 1996.9372495416 5877.99537787708 830.676600635118 395.157507288 2301.33985098452 446.060556936095 0.380686425943663 17.8237605098992 20.0062510662783 5449943.02097846 10912168.4019889 1605572.42391711 0.0222364653153974 45.8951991605115 552.163310955838 42746669.8085874
"298" 297 -54229.4305017497 0.000000000000257574299419448 0.0000000000000126260260706034 -15.0990857582839 0.0000000978920680400122 1.27770815007007e-16 -18.6876712321448 0.00185725862783326 0.00000000245065280258409 -9.20437538299667 0.00236378370815137 0.00000000545467881865463 -0.0259884248437234 0.0000189739639146326 0.000000000107141097094951 -35419.7935017723 99.9999034291547 99.9999796695923 120.348283811038 9010.35005607145 9181.80626902431 571999.870933349 31122.2942234783 81405.3391403435 208.699241424315 9.94812329020376 11.0489764362769 679.740232541265 16.9803003599087 13.4414586641453 134.508210488852 6.6480899333504 7.21785654390405 0.120916307590819 0.0476455621535248 0.323725843164944 762370.717826779 2653034.26918637 645001.913643856 0.233704765470384 142.180411680156 1032.3635896231 5465372.98927744 13232279.4134068 4929019.67318256 1472.65554015272 4224.51481653137 669.00553204296 1989.01334477007 5759.10410417286 813.867021730591 393.589510868371 2254.79180041278 437.034071632088 0.378957605836807 17.4628673137665 19.6013003020842 5450208.35230633 10913070.0110623 1605714.90834916 0.0228376377433633 45.9797621041635 552.455902565298 43183865.4519517
"299" 298 -54240.1691016182 0.000000000000257536585115151 0.0000000000000126257683852235 -14.7932840991231 0.000000082388970827442 1.07772466950029e-16 -18.3545387125319 0.00166195437278448 0.00000000219294045192743 -9.04029518676943 0.00211521465627112 0.00000000488106100590273 -0.0255004950272047 0.0000168446335490462 0.0000000000951161721559877 -35431.3653287268 99.990506008202 99.9999796704305 120.348145284948 9010.35005636297 9181.80626902431 571988.930343488 31120.8005302087 81403.6777335297 197.64049305444 9.74426111167121 10.8247800517508 635.900230250401 16.3462892500975 13.1693933941982 125.833072585178 6.39986329498538 7.07176167889544 0.112953217506774 0.0460801805780597 0.317171765186569 762466.747146358 2653036.86016352 645004.219226785 0.233889746378662 142.180636256475 1032.36832410559 5465144.15261794 13231644.3391877 4928919.07650234 1449.56620872265 4138.65157102244 655.430643692625 1978.83105621879 5642.56912833823 797.393836144525 391.574621435397 2209.16628241202 428.188224365638 0.376795555574477 17.1091573367739 19.2044575667544 5450472.47703921 10913953.3798803 1605854.50912478 0.0234357277946782 46.0626125259043 552.742571104325 43621039.5784098
"300" 299 -54237.9441347265 0.000000000000257524475714537 0.0000000000000126255159349855 -14.4936048145801 0.0000000693410899175072 9.09364381088772e-17 -18.0233848733835 0.00148718744399515 0.00000000196232931255886 -8.87718956450233 0.00189278401963016 0.00000000436776524408239 -0.025018136885969 0.0000149542553949355 0.0000000000844408584264407 -35434.3845808072 99.990904850394 99.9999796711806 120.348009369543 9010.35005662177 9181.80626902432 571965.466986837 31119.3372264965 81402.0500798939 187.886029872911 9.54477854828678 10.6050948488827 595.257167117407 15.755363443462 12.9027753711184 117.790550708304 6.1685053199683 6.92859190166419 0.105597148298812 0.0446130250986027 0.310748974885815 762548.657734406 2653039.34648342 645006.478137596 0.234062609586823 142.180853569153 1032.37296272436 5464919.96886263 13231022.1857099 4928820.52354651 1425.86088194334 4054.52166580758 642.128903312321 1966.52975186305 5528.34745678024 781.250463759674 389.140417372791 2164.44646422505 419.519481714999 0.374228995009524 16.7624969393735 18.8155640963274 5450735.10360193 10914818.8702414 1605991.2839654 0.024030072072368 46.1437845346026 553.023435192812 44058235.2217742
"301" 300 -54235.7644137788 0.000000000000257512612711756 0.000000000000012625268614291 -14.1998374071372 0.0000000583596230515799 7.67620480371733e-17 -17.6946536559325 0.00133079834741302 0.00000000175596948956741 -8.71527717381749 0.00169374335125289 0.00000000390844821871436 -0.0245416954321895 0.0000132760168015342 0.0000000000749636883442422 -35437.3490558762 99.9912617396233 99.9999796718518 120.347876033884 9010.35005685152 9181.80626902432 571942.480770645 31117.9036975744 81400.4554985981 179.238244377026 9.34954653351918 10.3898315937232 557.638384066305 15.2034967639258 12.6414979235592 110.346478772096 5.9524396886772 6.78828993133781 0.0988131458937962 0.0432347287559119 0.304454898994197 762625.361213406 2653041.74434447 645008.691310965 0.234224288340565 142.181064066107 1032.37750740013 5464700.34400915 13230412.6915927 4928723.97309097 1401.72342038783 3972.09061298593 629.094907867124 1952.261518654 5416.39654414386 765.430447054868 386.316993917905 2120.61568858786 411.024376090634 0.3712889734288 16.4227541049665 18.4344640912919 5450995.95992367 10915666.8373155 1606125.28946279 0.0246200547293828 46.2233116024081 553.298611126821 44495430.8651385
